gisjoin,state,county,year,total_farms,farms_reporting_fert,fert_expenditure_dollars,fert_tons_purchased,share_farms_reporting_fert,fert_exp_per_farm
G0100010,Alabama,Autauga,1910,3116.0,1956.0,129275.0,,0.6277278562259306,41.48748395378691
G0100030,Alabama,Baldwin,1910,1818.0,1325.0,82868.0,,0.7288228822882288,45.58195819581958
G0100050,Alabama,Barbour,1910,4606.0,3614.0,220715.0,,0.7846287451150673,47.9190186712983
G0100070,Alabama,Bibb,1910,2016.0,1482.0,47152.0,,0.7351190476190477,23.38888888888889
G0100090,Alabama,Blount,1910,3602.0,2869.0,77933.0,,0.7965019433647973,21.636035535813438
G0100110,Alabama,Bullock,1910,4726.0,2427.0,122746.0,,0.5135421074904782,25.972492594159966
G0100130,Alabama,Butler,1910,4211.0,3333.0,221863.0,,0.7914984564236524,52.68653526478271
G0100150,Alabama,Calhoun,1910,3381.0,2474.0,80686.0,,0.7317361727299615,23.864537119195504
G0100170,Alabama,Chambers,1910,5126.0,4514.0,248500.0,,0.8806086617245416,48.478345688646115
G0100190,Alabama,Cherokee,1910,3449.0,2702.0,87764.0,,0.7834154827486228,25.44621629457814
G0100210,Alabama,Chilton,1910,3313.0,2761.0,114258.0,,0.833383640205252,34.487775430123754
G0100230,Alabama,Choctaw,1910,3216.0,1400.0,53205.0,,0.43532338308457713,16.54384328358209
G0100250,Alabama,Clarke,1910,4919.0,2625.0,94267.0,,0.5336450498068713,19.16385444195975
G0100270,Alabama,Clay,1910,3459.0,2926.0,93060.0,,0.8459092223185892,26.903729401561144
G0100290,Alabama,Cleburne,1910,2238.0,1776.0,51702.0,,0.7935656836461126,23.10187667560322
G0100310,Alabama,Coffee,1910,3925.0,3263.0,284471.0,,0.8313375796178344,72.47668789808917
G0100330,Alabama,Colbert,1910,2641.0,909.0,23279.0,,0.34418780764861795,8.814464218099205
G0100350,Alabama,Conecuh,1910,3527.0,2908.0,139228.0,,0.8244967394386163,39.47490785370003
G0100370,Alabama,Coosa,1910,2858.0,2168.0,59363.0,,0.7585724282715185,20.77081875437369
G0100390,Alabama,Covington,1910,3333.0,2934.0,206517.0,,0.8802880288028803,61.96129612961296
G0100410,Alabama,Crenshaw,1910,3770.0,3267.0,241812.0,,0.86657824933687,64.14111405835544
G0100430,Alabama,Cullman,1910,4528.0,3677.0,122511.0,,0.8120583038869258,27.056316254416963
G0100450,Alabama,Dale,1910,3428.0,3066.0,216240.0,,0.8943990665110851,63.08051341890315
G0100470,Alabama,Dallas,1910,8182.0,2080.0,118977.0,,0.25421657296504524,14.54131019310682
G0100490,Alabama,DeKalb,1910,4932.0,4153.0,128493.0,,0.842051905920519,26.052919708029197
G0100510,Alabama,Elmore,1910,4033.0,3062.0,166665.0,,0.7592363005207042,41.3253161418299
G0100530,Alabama,Escambia,1910,1677.0,1273.0,75466.0,,0.7590936195587359,45.000596302921885
G0100550,Alabama,Etowah,1910,3068.0,2359.0,70586.0,,0.7689048239895697,23.00717079530639
G0100570,Alabama,Fayette,1910,2897.0,2030.0,53010.0,,0.700724887814981,18.29823955816362
G0100590,Alabama,Franklin,1910,2650.0,1915.0,48498.0,,0.7226415094339622,18.3011320754717
G0100610,Alabama,Geneva,1910,3365.0,2876.0,239803.0,,0.8546805349182763,71.26389301634472
G0100630,Alabama,Greene,1910,4099.0,1205.0,41202.0,,0.2939741400341547,10.051719931690656
G0100650,Alabama,Hale,1910,4510.0,1307.0,50827.0,,0.28980044345898004,11.269844789356984
G0100670,Alabama,Henry,1910,3419.0,2875.0,215157.0,,0.8408891488739397,62.92980403626792
G0100690,Alabama,Houston,1910,4301.0,3796.0,293316.0,,0.8825854452452918,68.19716345036038
G0100710,Alabama,Jackson,1910,4860.0,2379.0,51032.0,,0.48950617283950615,10.500411522633744
G0100730,Alabama,Jefferson,1910,3917.0,2430.0,67960.0,,0.6203727342353842,17.350012764871074
G0100750,Alabama,Lamar,1910,3027.0,2321.0,64154.0,,0.7667657746944169,21.193921374297986
G0100770,Alabama,Lauderdale,1910,4440.0,2495.0,59316.0,,0.5619369369369369,13.35945945945946
G0100790,Alabama,Lawrence,1910,4003.0,2352.0,59012.0,,0.5875593305021234,14.741943542343243
G0100810,Alabama,Lee,1910,3869.0,3103.0,182445.0,,0.802016024812613,47.155595761178596
G0100830,Alabama,Limestone,1910,4709.0,2386.0,49599.0,,0.5066893183266086,10.532809513697176
G0100850,Alabama,Lowndes,1910,6436.0,1200.0,86369.0,,0.18645121193287756,13.419670602858918
G0100870,Alabama,Macon,1910,4475.0,1976.0,159898.0,,0.4415642458100559,35.731396648044694
G0100890,Alabama,Madison,1910,5854.0,2241.0,62274.0,,0.38281516911513497,10.63785445848992
G0100910,Alabama,Marengo,1910,6621.0,1206.0,50273.0,,0.18214771182600817,7.592961788249509
G0100930,Alabama,Marion,1910,2916.0,2423.0,67757.0,,0.8309327846364883,23.236282578875173
G0100950,Alabama,Marshall,1910,4893.0,3917.0,135292.0,,0.800531371346822,27.650112405477213
G0100970,Alabama,Mobile,1910,1278.0,955.0,130543.0,,0.7472613458528952,102.14632237871675
G0100990,Alabama,Monroe,1910,4613.0,3465.0,171547.0,,0.7511380880121397,37.18773032733579
G0101010,Alabama,Montgomery,1910,6484.0,1860.0,135332.0,,0.28685996298581123,20.871684145589143
G0101030,Alabama,Morgan,1910,3783.0,2537.0,63909.0,,0.6706317737245572,16.893735130848533
G0101050,Alabama,Perry,1910,5143.0,1330.0,59623.0,,0.25860392766867585,11.593039082247715
G0101070,Alabama,Pickens,1910,4144.0,2174.0,67436.0,,0.5246138996138996,16.273166023166024
G0101090,Alabama,Pike,1910,4468.0,3837.0,314227.0,,0.8587735004476276,70.32833482542524
G0101110,Alabama,Randolph,1910,4300.0,3708.0,121117.0,,0.8623255813953489,28.16674418604651
G0101130,Alabama,Russell,1910,2986.0,2227.0,151587.0,,0.745813797722706,50.76590756865372
G0101150,Alabama,St Clair,1910,2611.0,1757.0,40238.0,,0.6729222520107239,15.410953657602452
G0101170,Alabama,Shelby,1910,2763.0,1830.0,53006.0,,0.6623235613463626,19.184220050669563
G0101190,Alabama,Sumter,1910,4624.0,586.0,38761.0,,0.12673010380622837,8.382569204152249
G0101210,Alabama,Talladega,1910,4546.0,3566.0,122597.0,,0.7844258688957325,26.968103827540695
G0101230,Alabama,Tallapoosa,1910,4929.0,3848.0,172121.0,,0.7806857374721039,34.92006492189085
G0101250,Alabama,Tuscaloosa,1910,4715.0,3210.0,122479.0,,0.6808059384941676,25.97645811240721
G0101270,Alabama,Walker,1910,2655.0,1816.0,65492.0,,0.6839924670433145,24.667419962335217
G0101290,Alabama,Washington,1910,1676.0,920.0,48464.0,,0.548926014319809,28.916467780429596
G0101310,Alabama,Wilcox,1910,6661.0,2167.0,96275.0,,0.3253265275484162,14.453535505179403
G0101330,Alabama,Winston,1910,2163.0,1712.0,39402.0,,0.7914932963476653,18.216366158113733
G0450015,Arizona Territory,Apache,1910,803.0,1.0,500.0,,0.0012453300124533001,0.6226650062266501
G0450035,Arizona Territory,Cochise,1910,1042.0,6.0,435.0,,0.005758157389635317,0.41746641074856045
G0450055,Arizona Territory,Coconino,1910,656.0,0.0,0.0,,0.0,0.0
G0450075,Arizona Territory,Gila,1910,515.0,0.0,0.0,,0.0,0.0
G0450095,Arizona Territory,Graham,1910,889.0,3.0,136.0,,0.003374578177727784,0.1529808773903262
G0450135,Arizona Territory,Maricopa,1910,2229.0,14.0,4409.0,,0.006280843427545985,1.978017048003589
G0450155,Arizona Territory,Mohave,1910,111.0,0.0,0.0,,0.0,0.0
G0450175,Arizona Territory,Navajo,1910,977.0,1.0,5.0,,0.0010235414534288639,0.00511770726714432
G0450195,Arizona Territory,Pima,1910,405.0,3.0,365.0,,0.007407407407407408,0.9012345679012346
G0450215,Arizona Territory,Pinal,1910,614.0,0.0,0.0,,0.0,0.0
G0450235,Arizona Territory,Santa Cruz,1910,176.0,0.0,0.0,,0.0,0.0
G0450255,Arizona Territory,Yavapai,1910,522.0,3.0,175.0,,0.005747126436781609,0.33524904214559387
G0450275,Arizona Territory,Yuma,1910,288.0,2.0,55.0,,0.006944444444444444,0.1909722222222222
G0459995,Arizona Territory,Indian Reservations [multi-reservation reporting area],1910,0.0,0.0,0.0,,,
G0500010,Arkansas,Arkansas,1910,2194.0,79.0,2290.0,,0.03600729261622607,1.0437556973564266
G0500030,Arkansas,Ashley,1910,3421.0,636.0,18360.0,,0.185910552470038,5.366851797719965
G0500050,Arkansas,Baxter,1910,1625.0,10.0,155.0,,0.006153846153846154,0.09538461538461539
G0500070,Arkansas,Benton,1910,4640.0,229.0,6250.0,,0.04935344827586207,1.3469827586206897
G0500090,Arkansas,Boone,1910,2241.0,22.0,419.0,,0.009817045961624275,0.18697010263275324
G0500110,Arkansas,Bradley,1910,1419.0,690.0,19918.0,,0.48625792811839325,14.036645525017619
G0500130,Arkansas,Calhoun,1910,1319.0,627.0,16879.0,,0.47536012130401817,12.796815769522365
G0500150,Arkansas,Carroll,1910,2376.0,66.0,774.0,,0.027777777777777776,0.32575757575757575
G0500170,Arkansas,Chicot,1910,3794.0,7.0,614.0,,0.0018450184501845018,0.161834475487612
G0500190,Arkansas,Clark,1910,2854.0,360.0,8718.0,,0.12613875262789068,3.0546601261387525
G0500210,Arkansas,Clay,1910,2943.0,1.0,70.0,,0.0003397893306150187,0.02378525314305131
G0500230,Arkansas,Cleburne,1910,1799.0,686.0,11481.0,,0.38132295719844356,6.381878821567538
G0500250,Arkansas,Cleveland,1910,1995.0,864.0,25047.0,,0.4330827067669173,12.554887218045113
G0500270,Arkansas,Columbia,1910,3543.0,1726.0,75395.0,,0.48715777589613324,21.279988710132656
G0500290,Arkansas,Conway,1910,3985.0,344.0,6288.0,,0.0863237139272271,1.5779171894604769
G0500310,Arkansas,Craighead,1910,3106.0,38.0,894.0,,0.012234385061171926,0.28783000643915
G0500330,Arkansas,Crawford,1910,3322.0,166.0,3606.0,,0.049969897652016856,1.0854906682721253
G0500350,Arkansas,Crittenden,1910,3643.0,9.0,527.0,,0.0024704913532802636,0.1446609936865221
G0500370,Arkansas,Cross,1910,1821.0,12.0,269.0,,0.006589785831960461,0.14772103239978035
G0500390,Arkansas,Dallas,1910,1446.0,558.0,16133.0,,0.38589211618257263,11.15698478561549
G0500410,Arkansas,Desha,1910,2433.0,7.0,643.0,,0.002877106452938759,0.2642827784628031
G0500430,Arkansas,Drew,1910,3515.0,684.0,15360.0,,0.1945945945945946,4.369843527738265
G0500450,Arkansas,Faulkner,1910,4091.0,956.0,18044.0,,0.2336836959178685,4.410657540943535
G0500470,Arkansas,Franklin,1910,3165.0,332.0,9974.0,,0.10489731437598736,3.151342812006319
G0500490,Arkansas,Fulton,1910,2064.0,23.0,243.0,,0.011143410852713179,0.11773255813953488
G0500510,Arkansas,Garland,1910,1729.0,155.0,5969.0,,0.0896471949103528,3.4522845575477152
G0500530,Arkansas,Grant,1910,1470.0,741.0,16598.0,,0.5040816326530613,11.291156462585034
G0500550,Arkansas,Greene,1910,3126.0,35.0,906.0,,0.011196417146513116,0.28982725527831094
G0500570,Arkansas,Hempstead,1910,4186.0,415.0,10891.0,,0.09913999044433827,2.6017677974199716
G0500590,Arkansas,Hot Spring,1910,2028.0,443.0,10994.0,,0.21844181459566075,5.4211045364891515
G0500610,Arkansas,Howard,1910,2658.0,421.0,7039.0,,0.15838976674191121,2.648231753197893
G0500630,Arkansas,Independence,1910,3683.0,268.0,6991.0,,0.07276676622318762,1.8981808308444204
G0500650,Arkansas,Izard,1910,2477.0,108.0,1428.0,,0.04360113039967703,0.5765038352846185
G0500670,Arkansas,Jackson,1910,3186.0,10.0,712.0,,0.003138731952291274,0.22347771500313873
G0500690,Arkansas,Jefferson,1910,7113.0,232.0,9265.0,,0.03261633628567412,1.3025446365809081
G0500710,Arkansas,Johnson,1910,3069.0,234.0,4580.0,,0.07624633431085044,1.4923427826653632
G0500730,Arkansas,Lafayette,1910,1674.0,387.0,11532.0,,0.23118279569892472,6.888888888888889
G0500750,Arkansas,Lawrence,1910,2548.0,304.0,3647.0,,0.11930926216640503,1.4313186813186813
G0500770,Arkansas,Lee,1910,3886.0,16.0,1623.0,,0.004117344312918168,0.41765311374163666
G0500790,Arkansas,Lincoln,1910,2996.0,299.0,9236.0,,0.09979973297730307,3.082777036048064
G0500810,Arkansas,Little River,1910,2021.0,50.0,1734.0,,0.024740227610094014,0.8579910935180604
G0500830,Arkansas,Logan,1910,4158.0,119.0,4572.0,,0.02861952861952862,1.0995670995670996
G0500850,Arkansas,Lonoke,1910,5104.0,697.0,20382.0,,0.13655956112852666,3.9933385579937304
G0500870,Arkansas,Madison,1910,2728.0,4.0,48.0,,0.001466275659824047,0.017595307917888565
G0500890,Arkansas,Marion,1910,1685.0,11.0,126.0,,0.006528189910979229,0.07477744807121661
G0500910,Arkansas,Miller,1910,1986.0,310.0,6634.0,,0.15609264853977844,3.3403826787512587
G0500930,Arkansas,Mississippi,1910,3530.0,6.0,350.0,,0.0016997167138810198,0.09915014164305949
G0500950,Arkansas,Monroe,1910,2905.0,15.0,672.0,,0.0051635111876075735,0.23132530120481928
G0500970,Arkansas,Montgomery,1910,2067.0,194.0,3426.0,,0.0938558297048863,1.6574746008708272
G0500990,Arkansas,Nevada,1910,2855.0,624.0,16338.0,,0.21856392294220667,5.722591943957968
G0501010,Arkansas,Newton,1910,1899.0,5.0,82.0,,0.0026329647182727752,0.04318062137967351
G0501030,Arkansas,Ouachita,1910,2300.0,514.0,15190.0,,0.2234782608695652,6.604347826086957
G0501050,Arkansas,Perry,1910,1302.0,35.0,718.0,,0.026881720430107527,0.5514592933947773
G0501070,Arkansas,Phillips,1910,4651.0,39.0,3039.0,,0.008385293485271984,0.6534078692754246
G0501090,Arkansas,Pike,1910,1912.0,253.0,5095.0,,0.13232217573221758,2.6647489539748954
G0501110,Arkansas,Poinsett,1910,1535.0,3.0,524.0,,0.001954397394136808,0.34136807817589576
G0501130,Arkansas,Polk,1910,2276.0,289.0,5568.0,,0.12697715289982425,2.4463971880492092
G0501150,Arkansas,Pope,1910,3838.0,233.0,3755.0,,0.06070870244919229,0.9783741532047942
G0501170,Arkansas,Prairie,1910,1904.0,165.0,5573.0,,0.08665966386554622,2.9269957983193278
G0501190,Arkansas,Pulaski,1910,4750.0,397.0,12485.0,,0.08357894736842106,2.628421052631579
G0501210,Arkansas,Randolph,1910,3052.0,33.0,542.0,,0.010812581913499346,0.17758846657929228
G0501230,Arkansas,St Francis,1910,3807.0,32.0,1547.0,,0.008405568689256633,0.40635671132125034
G0501250,Arkansas,Saline,1910,2384.0,601.0,14023.0,,0.2520973154362416,5.882130872483222
G0501270,Arkansas,Scott,1910,2384.0,58.0,1048.0,,0.024328859060402684,0.4395973154362416
G0501290,Arkansas,Searcy,1910,2043.0,6.0,56.0,,0.002936857562408223,0.02741067058247675
G0501310,Arkansas,Sebastian,1910,3327.0,308.0,9222.0,,0.09257589419897806,2.7718665464382326
G0501330,Arkansas,Sevier,1910,2206.0,74.0,1352.0,,0.033544877606527655,0.6128739800543971
G0501350,Arkansas,Sharp,1910,2144.0,94.0,837.0,,0.043843283582089554,0.3903917910447761
G0501370,Arkansas,Stone,1910,1470.0,45.0,535.0,,0.030612244897959183,0.36394557823129253
G0501390,Arkansas,Union,1910,3504.0,968.0,27091.0,,0.2762557077625571,7.731449771689498
G0501410,Arkansas,Van Buren,1910,2315.0,674.0,13875.0,,0.2911447084233261,5.993520518358531
G0501430,Arkansas,Washington,1910,4700.0,80.0,8856.0,,0.01702127659574468,1.8842553191489362
G0501450,Arkansas,White,1910,4060.0,1843.0,48932.0,,0.4539408866995074,12.052216748768473
G0501470,Arkansas,Woodruff,1910,3229.0,8.0,386.0,,0.0024775472282440383,0.11954165376277485
G0501490,Arkansas,Yell,1910,4064.0,126.0,2178.0,,0.031003937007874016,0.5359251968503937
G0600010,California,Alameda,1910,2422.0,103.0,17723.0,,0.04252683732452518,7.317506193228737
G0600030,California,Alpine,1910,42.0,0.0,0.0,,0.0,0.0
G0600050,California,Amador,1910,537.0,6.0,208.0,,0.0111731843575419,0.38733705772811916
G0600070,California,Butte,1910,1500.0,145.0,24935.0,,0.09666666666666666,16.623333333333335
G0600090,California,Calaveras,1910,632.0,23.0,649.0,,0.03639240506329114,1.0268987341772151
G0600110,California,Colusa,1910,667.0,10.0,266.0,,0.014992503748125937,0.3988005997001499
G0600130,California,Contra Costa,1910,1465.0,21.0,1879.0,,0.014334470989761093,1.2825938566552901
G0600150,California,Del Norte,1910,114.0,2.0,77.0,,0.017543859649122806,0.6754385964912281
G0600170,California,El Dorado,1910,716.0,26.0,467.0,,0.036312849162011177,0.6522346368715084
G0600190,California,Fresno,1910,6245.0,459.0,34491.0,,0.07349879903923139,5.522978382706165
G0600210,California,Glenn,1910,663.0,11.0,906.0,,0.016591251885369532,1.3665158371040724
G0600230,California,Humboldt,1910,1534.0,30.0,1680.0,,0.01955671447196871,1.0951760104302477
G0600250,California,Imperial,1910,1322.0,6.0,681.0,,0.0045385779122541605,0.5151285930408472
G0600270,California,Inyo,1910,438.0,4.0,221.0,,0.0091324200913242,0.5045662100456622
G0600290,California,Kern,1910,1167.0,12.0,1430.0,,0.010282776349614395,1.2253641816623821
G0600310,California,Kings,1910,1837.0,11.0,790.0,,0.005988023952095809,0.43004899292324444
G0600330,California,Lake,1910,603.0,2.0,40.0,,0.003316749585406302,0.06633499170812604
G0600350,California,Lassen,1910,502.0,3.0,63.0,,0.00597609561752988,0.1254980079681275
G0600370,California,Los Angeles,1910,7919.0,1607.0,669152.0,,0.2029296628362167,84.49955802500315
G0600390,California,Madera,1910,573.0,6.0,608.0,,0.010471204188481676,1.0610820244328099
G0600410,California,Marin,1910,498.0,2.0,35.0,,0.004016064257028112,0.07028112449799197
G0600430,California,Mariposa,1910,330.0,1.0,60.0,,0.0030303030303030303,0.18181818181818182
G0600450,California,Mendocino,1910,1356.0,17.0,866.0,,0.012536873156342183,0.6386430678466076
G0600470,California,Merced,1910,1856.0,150.0,3609.0,,0.08081896551724138,1.9445043103448276
G0600490,California,Modoc,1910,736.0,1.0,5.0,,0.001358695652173913,0.006793478260869565
G0600510,California,Mono,1910,91.0,0.0,0.0,,0.0,0.0
G0600530,California,Monterey,1910,1658.0,15.0,1252.0,,0.009047044632086852,0.7551266586248492
G0600550,California,Napa,1910,1537.0,27.0,1290.0,,0.01756668835393624,0.8392973324658426
G0600570,California,Nevada,1910,544.0,40.0,932.0,,0.07352941176470588,1.713235294117647
G0600590,California,Orange,1910,3165.0,426.0,71118.0,,0.13459715639810427,22.470142180094786
G0600610,California,Placer,1910,1062.0,81.0,7786.0,,0.07627118644067797,7.3314500941619585
G0600630,California,Plumas,1910,221.0,3.0,260.0,,0.013574660633484163,1.1764705882352942
G0600650,California,Riverside,1910,2688.0,706.0,323568.0,,0.26264880952380953,120.375
G0600670,California,Sacramento,1910,1601.0,65.0,15274.0,,0.04059962523422861,9.540287320424735
G0600690,California,San Benito,1910,921.0,6.0,191.0,,0.006514657980456026,0.20738327904451684
G0600710,California,San Bernardino,1910,2949.0,1624.0,708516.0,,0.5506951508986097,240.25635808748729
G0600730,California,San Diego,1910,2298.0,232.0,42429.0,,0.10095735422106179,18.463446475195823
G0600750,California,San Francisco,1910,157.0,22.0,6031.0,,0.14012738853503184,38.4140127388535
G0600770,California,San Joaquin,1910,3286.0,83.0,10657.0,,0.02525867315885575,3.2431527693244067
G0600790,California,San Luis Obispo,1910,1714.0,13.0,1027.0,,0.007584597432905484,0.5991831971995333
G0600810,California,San Mateo,1910,665.0,54.0,13450.0,,0.081203007518797,20.225563909774436
G0600830,California,Santa Barbara,1910,1355.0,50.0,8133.0,,0.03690036900369004,6.002214022140222
G0600850,California,Santa Clara,1910,4731.0,153.0,16703.0,,0.032339885859226376,3.5305432255337137
G0600870,California,Santa Cruz,1910,1466.0,42.0,3537.0,,0.0286493860845839,2.41268758526603
G0600890,California,Shasta,1910,1010.0,25.0,1086.0,,0.024752475247524754,1.0752475247524753
G0600910,California,Sierra,1910,110.0,6.0,140.0,,0.05454545454545454,1.2727272727272727
G0600930,California,Siskiyou,1910,1114.0,13.0,571.0,,0.011669658886894075,0.5125673249551167
G0600950,California,Solano,1910,1143.0,18.0,4142.0,,0.015748031496062992,3.6237970253718284
G0600970,California,Sonoma,1910,4772.0,121.0,12585.0,,0.025356244761106456,2.6372590108968987
G0600990,California,Stanislaus,1910,2687.0,673.0,23180.0,,0.2504652028284332,8.626721250465202
G0601010,California,Sutter,1910,873.0,3.0,80.0,,0.003436426116838488,0.09163802978235967
G0601030,California,Tehama,1910,1006.0,5.0,685.0,,0.004970178926441352,0.6809145129224652
G0601050,California,Trinity,1910,308.0,2.0,170.0,,0.006493506493506494,0.551948051948052
G0601070,California,Tulare,1910,4021.0,144.0,41765.0,,0.035811987067893555,10.386719721462322
G0601090,California,Tuolumne,1910,386.0,19.0,1347.0,,0.04922279792746114,3.489637305699482
G0601110,California,Ventura,1910,1293.0,126.0,57432.0,,0.09744779582366589,44.417633410672856
G0601130,California,Yolo,1910,1255.0,6.0,5050.0,,0.004780876494023904,4.0239043824701195
G0601150,California,Yuba,1910,436.0,9.0,2765.0,,0.020642201834862386,6.341743119266055
G0609995,California,Indian Reservations [multi-reservation reporting area],1910,0.0,,,,,
G0800010,Colorado,Adams,1910,1357.0,18.0,925.0,,0.013264554163596167,0.681650700073692
G0800050,Colorado,Arapahoe,1910,948.0,13.0,2342.0,,0.013713080168776372,2.470464135021097
G0800070,Colorado,Archuleta,1910,282.0,0.0,0.0,,0.0,0.0
G0800090,Colorado,Baca,1910,540.0,1.0,50.0,,0.001851851851851852,0.09259259259259259
G0800110,Colorado,Bent,1910,463.0,3.0,160.0,,0.0064794816414686825,0.34557235421166305
G0800130,Colorado,Boulder,1910,1181.0,16.0,1620.0,,0.013547840812870448,1.371718882303133
G0800150,Colorado,Chaffee,1910,230.0,10.0,228.0,,0.043478260869565216,0.991304347826087
G0800170,Colorado,Cheyenne,1910,791.0,6.0,346.0,,0.007585335018963337,0.43742098609355246
G0800190,Colorado,Clear Creek,1910,29.0,0.0,0.0,,0.0,0.0
G0800210,Colorado,Conejos,1910,756.0,31.0,869.0,,0.041005291005291,1.1494708994708995
G0800230,Colorado,Costilla,1910,387.0,2.0,250.0,,0.00516795865633075,0.6459948320413437
G0800270,Colorado,Custer,1910,249.0,1.0,75.0,,0.004016064257028112,0.30120481927710846
G0800290,Colorado,Delta,1910,1741.0,5.0,163.0,,0.002871912693854107,0.09362435381964389
G0800310,Colorado,Denver,1910,235.0,46.0,13432.0,,0.19574468085106383,57.15744680851064
G0800330,Colorado,Dolores,1910,31.0,0.0,0.0,,0.0,0.0
G0800350,Colorado,Douglas,1910,418.0,0.0,0.0,,0.0,0.0
G0800370,Colorado,Eagle,1910,248.0,0.0,0.0,,0.0,0.0
G0800390,Colorado,Elbert,1910,1150.0,1.0,25.0,,0.0008695652173913044,0.021739130434782608
G0800410,Colorado,El Paso,1910,1285.0,14.0,3450.0,,0.010894941634241245,2.684824902723735
G0800430,Colorado,Fremont,1910,896.0,31.0,2365.0,,0.03459821428571429,2.6395089285714284
G0800450,Colorado,Garfield,1910,965.0,9.0,534.0,,0.00932642487046632,0.5533678756476684
G0800470,Colorado,Gilpin,1910,43.0,1.0,500.0,,0.023255813953488372,11.627906976744185
G0800490,Colorado,Grand,1910,249.0,0.0,0.0,,0.0,0.0
G0800510,Colorado,Gunnison,1910,277.0,5.0,712.0,,0.018050541516245487,2.5703971119133575
G0800530,Colorado,Hinsdale,1910,24.0,0.0,0.0,,0.0,0.0
G0800550,Colorado,Huerfano,1910,462.0,3.0,246.0,,0.006493506493506494,0.5324675324675324
G0800570,Colorado,Jackson,1910,178.0,0.0,0.0,,0.0,0.0
G0800590,Colorado,Jefferson,1910,1417.0,161.0,16650.0,,0.11362032462949895,11.75017642907551
G0800610,Colorado,Kiowa,1910,646.0,0.0,0.0,,0.0,0.0
G0800630,Colorado,Kit Carson,1910,1767.0,1.0,30.0,,0.0005659309564233164,0.01697792869269949
G0800650,Colorado,Lake,1910,57.0,1.0,5.0,,0.017543859649122806,0.08771929824561403
G0800670,Colorado,La Plata,1910,735.0,8.0,418.0,,0.010884353741496598,0.5687074829931973
G0800690,Colorado,Larimer,1910,1830.0,11.0,790.0,,0.006010928961748634,0.43169398907103823
G0800710,Colorado,Las Animas,1910,954.0,52.0,3685.0,,0.05450733752620545,3.8626834381551363
G0800730,Colorado,Lincoln,1910,1334.0,1.0,5.0,,0.0007496251874062968,0.0037481259370314842
G0800750,Colorado,Logan,1910,1359.0,1.0,300.0,,0.0007358351729212656,0.22075055187637968
G0800770,Colorado,Mesa,1910,2348.0,16.0,1491.0,,0.0068143100511073255,0.6350085178875639
G0800790,Colorado,Mineral,1910,33.0,2.0,520.0,,0.06060606060606061,15.757575757575758
G0800830,Colorado,Montezuma,1910,1004.0,1.0,120.0,,0.00099601593625498,0.11952191235059761
G0800850,Colorado,Montrose,1910,1138.0,7.0,553.0,,0.006151142355008787,0.4859402460456942
G0800870,Colorado,Morgan,1910,1075.0,3.0,74.0,,0.0027906976744186047,0.06883720930232558
G0800890,Colorado,Otero,1910,1498.0,11.0,940.0,,0.007343124165554072,0.6275033377837116
G0800910,Colorado,Ouray,1910,189.0,0.0,0.0,,0.0,0.0
G0800930,Colorado,Park,1910,194.0,0.0,0.0,,0.0,0.0
G0800950,Colorado,Phillips,1910,508.0,0.0,0.0,,0.0,0.0
G0800970,Colorado,Pitkin,1910,191.0,3.0,85.0,,0.015706806282722512,0.44502617801047123
G0800990,Colorado,Prowers,1910,991.0,4.0,415.0,,0.004036326942482341,0.41876892028254287
G0801010,Colorado,Pueblo,1910,1103.0,15.0,445.0,,0.013599274705349048,0.40344514959202177
G0801030,Colorado,Rio Blanco,1910,341.0,1.0,100.0,,0.002932551319648094,0.2932551319648094
G0801050,Colorado,Rio Grande,1910,519.0,3.0,189.0,,0.005780346820809248,0.36416184971098264
G0801070,Colorado,Routt,1910,1113.0,0.0,0.0,,0.0,0.0
G0801090,Colorado,Saguache,1910,363.0,1.0,50.0,,0.0027548209366391185,0.13774104683195593
G0801110,Colorado,San Juan,1910,0.0,0.0,0.0,,,
G0801130,Colorado,San Miguel,1910,140.0,0.0,0.0,,0.0,0.0
G0801150,Colorado,Sedgwick,1910,448.0,0.0,0.0,,0.0,0.0
G0801170,Colorado,Summit,1910,96.0,3.0,59.0,,0.03125,0.6145833333333334
G0801190,Colorado,Teller,1910,208.0,0.0,0.0,,0.0,0.0
G0801210,Colorado,Washington,1910,1346.0,0.0,0.0,,0.0,0.0
G0801230,Colorado,Weld,1910,3981.0,38.0,5897.0,,0.009545340366742025,1.4812861090178346
G0801250,Colorado,Yuma,1910,1829.0,0.0,0.0,,0.0,0.0
G0809995,Colorado,Indian Reservations [multi-reservation reporting area],1910,0.0,0.0,0.0,,,
G0900010,Connecticut,Fairfield,1910,4625.0,1605.0,177457.0,,0.34702702702702704,38.369081081081085
G0900030,Connecticut,Hartford,1910,5201.0,3864.0,1100458.0,,0.7429340511440108,211.5858488752163
G0900050,Connecticut,Litchfield,1910,3837.0,1771.0,105986.0,,0.4615585092520198,27.622100599426634
G0900070,Connecticut,Middlesex,1910,1852.0,1224.0,84623.0,,0.6609071274298056,45.692764578833696
G0900090,Connecticut,New Haven,1910,3750.0,1956.0,217901.0,,0.5216,58.10693333333333
G0900110,Connecticut,New London,1910,3030.0,2226.0,121767.0,,0.7346534653465346,40.187128712871285
G0900130,Connecticut,Tolland,1910,2161.0,1409.0,85928.0,,0.6520129569643683,39.76307265155021
G0900150,Connecticut,Windham,1910,2359.0,1529.0,60043.0,,0.6481559983043662,25.452734209410767
G1000010,Delaware,Kent,1910,3120.0,2478.0,254750.0,,0.7942307692307692,81.65064102564102
G1000030,Delaware,New Castle,1910,2208.0,1769.0,206065.0,,0.801177536231884,93.32653985507247
G1000050,Delaware,Sussex,1910,5508.0,4776.0,403762.0,,0.8671023965141612,73.30464778503995
G1100010,District Of Columbia,District Of Columbia,1910,217.0,77.0,16975.0,,0.3548387096774194,78.2258064516129
G1200010,Florida,Alachua,1910,2961.0,1494.0,100673.0,,0.5045592705167173,33.99966227625802
G1200030,Florida,Baker,1910,408.0,347.0,21463.0,,0.8504901960784313,52.60539215686274
G1200070,Florida,Bradford,1910,1587.0,1265.0,59569.0,,0.7971014492753623,37.535601764335226
G1200090,Florida,Brevard,1910,428.0,329.0,63321.0,,0.7686915887850467,147.94626168224298
G1200130,Florida,Calhoun,1910,600.0,414.0,21793.0,,0.69,36.321666666666665
G1200170,Florida,Citrus,1910,204.0,72.0,3832.0,,0.35294117647058826,18.784313725490197
G1200190,Florida,Clay,1910,382.0,183.0,7847.0,,0.4790575916230366,20.541884816753928
G1200230,Florida,Columbia,1910,1818.0,999.0,23829.0,,0.5495049504950495,13.107260726072607
G1200250,Florida,Dade,1910,865.0,824.0,331446.0,,0.9526011560693641,383.1745664739884
G1200270,Florida,DeSoto,1910,1169.0,743.0,155658.0,,0.6355859709153122,133.15483319076134
G1200310,Florida,Duval,1910,937.0,375.0,19271.0,,0.400213447171825,20.566702241195305
G1200330,Florida,Escambia,1910,788.0,595.0,38663.0,,0.7550761421319797,49.06472081218274
G1200370,Florida,Franklin,1910,17.0,11.0,477.0,,0.6470588235294118,28.058823529411764
G1200390,Florida,Gadsden,1910,1780.0,1208.0,278106.0,,0.6786516853932584,156.23932584269662
G1200470,Florida,Hamilton,1910,1209.0,843.0,23472.0,,0.6972704714640199,19.41439205955335
G1200530,Florida,Hernando,1910,327.0,96.0,6432.0,,0.29357798165137616,19.6697247706422
G1200570,Florida,Hillsborough,1910,1983.0,1282.0,215407.0,,0.6464952092788704,108.62682803832577
G1200590,Florida,Holmes,1910,1313.0,1068.0,53003.0,,0.8134044173648134,40.36785986290937
G1200630,Florida,Jackson,1910,4096.0,2663.0,149948.0,,0.650146484375,36.6083984375
G1200650,Florida,Jefferson,1910,2120.0,1007.0,34666.0,,0.475,16.35188679245283
G1200670,Florida,Lafayette,1910,700.0,184.0,4376.0,,0.26285714285714284,6.251428571428572
G1200690,Florida,Lake,1910,1036.0,760.0,127709.0,,0.7335907335907336,123.27123552123552
G1200710,Florida,Lee,1910,559.0,377.0,112731.0,,0.6744186046511628,201.6654740608229
G1200730,Florida,Leon,1910,2059.0,227.0,31510.0,,0.11024769305488101,15.303545410393395
G1200750,Florida,Levy,1910,793.0,370.0,25879.0,,0.4665825977301387,32.634300126103405
G1200770,Florida,Liberty,1910,298.0,267.0,17524.0,,0.8959731543624161,58.80536912751678
G1200790,Florida,Madison,1910,2014.0,1457.0,31781.0,,0.7234359483614697,15.780039721946375
G1200810,Florida,Manatee,1910,893.0,633.0,187861.0,,0.7088465845464725,210.37066069428892
G1200830,Florida,Marion,1910,2153.0,810.0,145528.0,,0.3762192289828147,67.59312587087784
G1200870,Florida,Monroe,1910,58.0,3.0,66.0,,0.05172413793103448,1.1379310344827587
G1200890,Florida,Nassau,1910,436.0,210.0,7967.0,,0.481651376146789,18.272935779816514
G1200950,Florida,Orange,1910,1497.0,986.0,289001.0,,0.6586506346025384,193.05344021376087
G1200970,Florida,Osceola,1910,302.0,113.0,14517.0,,0.3741721854304636,48.06953642384106
G1200990,Florida,Palm Beach,1910,428.0,399.0,185394.0,,0.9322429906542056,433.16355140186914
G1201010,Florida,Pasco,1910,641.0,239.0,24768.0,,0.37285491419656785,38.6396255850234
G1201050,Florida,Polk,1910,1365.0,836.0,117119.0,,0.6124542124542125,85.8014652014652
G1201070,Florida,Putnam,1910,940.0,484.0,92350.0,,0.5148936170212766,98.24468085106383
G1201090,Florida,St Johns,1910,386.0,209.0,102007.0,,0.5414507772020726,264.26683937823833
G1201110,Florida,St Lucie,1910,410.0,371.0,172173.0,,0.9048780487804878,419.9341463414634
G1201130,Florida,Santa Rosa,1910,997.0,855.0,46039.0,,0.8575727181544633,46.17753259779338
G1201190,Florida,Sumter,1910,756.0,444.0,74786.0,,0.5873015873015873,98.92328042328042
G1201210,Florida,Suwannee,1910,2218.0,1218.0,26939.0,,0.5491433724075744,12.145626690712353
G1201230,Florida,Taylor,1910,535.0,274.0,5617.0,,0.5121495327102804,10.499065420560747
G1201270,Florida,Volusia,1910,910.0,551.0,80083.0,,0.6054945054945055,88.0032967032967
G1201290,Florida,Wakulla,1910,285.0,42.0,832.0,,0.14736842105263157,2.9192982456140353
G1201310,Florida,Walton,1910,1094.0,814.0,43440.0,,0.7440585009140768,39.70749542961609
G1201330,Florida,Washington,1910,1261.0,875.0,32980.0,,0.6938937351308485,26.153846153846153
G1300010,Georgia,Appling,1910,1525.0,1165.0,81711.0,,0.7639344262295082,53.580983606557375
G1300070,Georgia,Baker,1910,1295.0,991.0,72458.0,,0.7652509652509653,55.95212355212355
G1300090,Georgia,Baldwin,1910,1431.0,1081.0,77713.0,,0.7554157931516422,54.3067784765898
G1300110,Georgia,Banks,1910,2085.0,1931.0,89353.0,,0.9261390887290167,42.85515587529976
G1300150,Georgia,Bartow,1910,2873.0,2339.0,107951.0,,0.8141315697876784,37.574312565262794
G1300170,Georgia,Ben Hill,1910,1078.0,857.0,76882.0,,0.7949907235621522,71.3191094619666
G1300190,Georgia,Berrien,1910,2423.0,2142.0,155326.0,,0.8840280643829963,64.10482872472141
G1300210,Georgia,Bibb,1910,1453.0,1051.0,93218.0,,0.723331039229181,64.15554026152788
G1300270,Georgia,Brooks,1910,2646.0,2024.0,143730.0,,0.764928193499622,54.31972789115646
G1300290,Georgia,Bryan,1910,746.0,522.0,32517.0,,0.6997319034852547,43.588471849865954
G1300310,Georgia,Bulloch,1910,3621.0,3257.0,338208.0,,0.8994752830709749,93.40182270091135
G1300330,Georgia,Burke,1910,3907.0,3543.0,443493.0,,0.9068338878935245,113.51241361658562
G1300350,Georgia,Butts,1910,1734.0,1530.0,93244.0,,0.8823529411764706,53.773933102652826
G1300370,Georgia,Calhoun,1910,1509.0,1327.0,113310.0,,0.8793903247183565,75.08946322067594
G1300390,Georgia,Camden,1910,827.0,108.0,2941.0,,0.13059250302297462,3.5562273276904475
G1300395,Georgia,Campbell,1910,1723.0,1407.0,66594.0,,0.816598955310505,38.65002901915264
G1300450,Georgia,Carroll,1910,5095.0,4202.0,218142.0,,0.8247301275760549,42.81491658488714
G1300470,Georgia,Catoosa,1910,1084.0,667.0,19277.0,,0.6153136531365314,17.78321033210332
G1300490,Georgia,Charlton,1910,442.0,301.0,8991.0,,0.6809954751131222,20.34162895927602
G1300510,Georgia,Chatham,1910,402.0,134.0,37001.0,,0.3333333333333333,92.04228855721394
G1300530,Georgia,Chattahoochee,1910,783.0,704.0,46873.0,,0.8991060025542784,59.863346104725416
G1300550,Georgia,Chattooga,1910,1854.0,1498.0,51310.0,,0.807982740021575,27.67529665587918
G1300570,Georgia,Cherokee,1910,2506.0,2045.0,68799.0,,0.8160415003990423,27.453711093375897
G1300590,Georgia,Clarke,1910,1382.0,1129.0,78855.0,,0.816931982633864,57.05861070911722
G1300610,Georgia,Clay,1910,1134.0,740.0,89034.0,,0.6525573192239859,78.51322751322752
G1300630,Georgia,Clayton,1910,1585.0,1340.0,74564.0,,0.8454258675078864,47.04353312302839
G1300650,Georgia,Clinch,1910,687.0,497.0,25289.0,,0.7234352256186317,36.81077147016012
G1300670,Georgia,Cobb,1910,3274.0,2719.0,127968.0,,0.8304825901038485,39.08613317043372
G1300690,Georgia,Coffee,1910,1755.0,1502.0,164980.0,,0.8558404558404559,94.00569800569801
G1300710,Georgia,Colquitt,1910,2254.0,1837.0,131840.0,,0.8149955634427685,58.49157054125998
G1300730,Georgia,Columbia,1910,1922.0,1408.0,85991.0,,0.7325702393340271,44.740374609781476
G1300770,Georgia,Coweta,1910,3612.0,3004.0,249453.0,,0.831672203765227,69.06229235880399
G1300790,Georgia,Crawford,1910,1203.0,966.0,62310.0,,0.8029925187032418,51.795511221945134
G1300810,Georgia,Crisp,1910,1451.0,1305.0,155782.0,,0.8993797381116472,107.3618194348725
G1300830,Georgia,Dade,1910,485.0,92.0,2133.0,,0.18969072164948453,4.397938144329897
G1300850,Georgia,Dawson,1910,976.0,730.0,17171.0,,0.7479508196721312,17.59323770491803
G1300870,Georgia,Decatur,1910,3025.0,2269.0,197156.0,,0.7500826446280991,65.17553719008265
G1300890,Georgia,DeKalb,1910,2678.0,2303.0,92545.0,,0.8599701269604182,34.55750560119492
G1300910,Georgia,Dodge,1910,2668.0,2059.0,236696.0,,0.7717391304347826,88.71664167916042
G1300930,Georgia,Dooly,1910,2751.0,2501.0,267442.0,,0.9091239549254816,97.21628498727735
G1300950,Georgia,Dougherty,1910,1285.0,665.0,112151.0,,0.5175097276264592,87.27704280155642
G1300970,Georgia,Douglas,1910,1565.0,1295.0,55369.0,,0.8274760383386581,35.37955271565495
G1300990,Georgia,Early,1910,2509.0,2141.0,148709.0,,0.853328019131128,59.27022718214428
G1301010,Georgia,Echols,1910,338.0,285.0,8610.0,,0.8431952662721893,25.473372781065088
G1301030,Georgia,Effingham,1910,1066.0,899.0,76112.0,,0.8433395872420263,71.39962476547842
G1301050,Georgia,Elbert,1910,3142.0,2624.0,125047.0,,0.8351368555060471,39.79853596435392
G1301070,Georgia,Emanuel,1910,3285.0,2916.0,296848.0,,0.8876712328767123,90.36468797564687
G1301110,Georgia,Fannin,1910,1599.0,655.0,8333.0,,0.40963101938711693,5.211382113821138
G1301130,Georgia,Fayette,1910,1959.0,1775.0,89780.0,,0.9060745278203165,45.82950484941296
G1301150,Georgia,Floyd,1910,3092.0,2367.0,92758.0,,0.7655239327296248,29.9993531694696
G1301170,Georgia,Forsyth,1910,2243.0,2030.0,77155.0,,0.9050378956754347,34.39812750780205
G1301190,Georgia,Franklin,1910,2933.0,2711.0,168949.0,,0.924309580634163,57.60279577224684
G1301210,Georgia,Fulton,1910,1109.0,740.0,42940.0,,0.6672678088367899,38.71956717763751
G1301230,Georgia,Gilmer,1910,1480.0,805.0,9775.0,,0.543918918918919,6.60472972972973
G1301250,Georgia,Glascock,1910,780.0,696.0,42865.0,,0.8923076923076924,54.955128205128204
G1301270,Georgia,Glynn,1910,175.0,44.0,3848.0,,0.25142857142857145,21.98857142857143
G1301290,Georgia,Gordon,1910,2656.0,1904.0,48344.0,,0.7168674698795181,18.201807228915662
G1301310,Georgia,Grady,1910,2342.0,1848.0,124649.0,,0.7890691716481639,53.22331340734415
G1301330,Georgia,Greene,1910,2830.0,2175.0,104220.0,,0.7685512367491166,36.82685512367491
G1301350,Georgia,Gwinnett,1910,4410.0,3875.0,174917.0,,0.8786848072562359,39.663718820861675
G1301370,Georgia,Habersham,1910,1369.0,910.0,27072.0,,0.664718772826881,19.775018261504748
G1301390,Georgia,Hall,1910,3226.0,2634.0,107559.0,,0.8164910105393677,33.34128952262864
G1301410,Georgia,Hancock,1910,2839.0,2375.0,137222.0,,0.8365621697780908,48.33462486791124
G1301430,Georgia,Haralson,1910,1925.0,1559.0,63902.0,,0.8098701298701299,33.195844155844156
G1301450,Georgia,Harris,1910,2784.0,2237.0,129608.0,,0.8035201149425287,46.554597701149426
G1301470,Georgia,Hart,1910,2803.0,2603.0,166339.0,,0.9286478772743489,59.343203710310384
G1301490,Georgia,Heard,1910,2070.0,1748.0,79144.0,,0.8444444444444444,38.23381642512077
G1301510,Georgia,Henry,1910,3062.0,2694.0,182221.0,,0.8798171129980406,59.51045068582626
G1301530,Georgia,Houston,1910,2692.0,2370.0,295195.0,,0.8803863298662704,109.65638930163448
G1301550,Georgia,Irwin,1910,1125.0,891.0,128972.0,,0.792,114.64177777777778
G1301570,Georgia,Jackson,1910,4603.0,4168.0,274196.0,,0.9054964153812731,59.56897675429068
G1301590,Georgia,Jasper,1910,2584.0,2202.0,149360.0,,0.8521671826625387,57.80185758513932
G1301610,Georgia,Jeff Davis,1910,689.0,297.0,26072.0,,0.4310595065312046,37.84034833091437
G1301630,Georgia,Jefferson,1910,2856.0,2317.0,206870.0,,0.8112745098039216,72.43347338935574
G1301650,Georgia,Jenkins,1910,1423.0,1277.0,158957.0,,0.8973998594518623,111.70555165144062
G1301670,Georgia,Johnson,1910,1721.0,1421.0,127866.0,,0.8256827425915165,74.29750145264381
G1301690,Georgia,Jones,1910,1922.0,1646.0,111842.0,,0.8563995837669095,58.19042663891779
G1301750,Georgia,Laurens,1910,4923.0,4056.0,381507.0,,0.8238878732480195,77.49482023156612
G1301770,Georgia,Lee,1910,1772.0,1692.0,218453.0,,0.9548532731376975,123.28047404063206
G1301790,Georgia,Liberty,1910,1799.0,646.0,29246.0,,0.35908838243468594,16.2568093385214
G1301810,Georgia,Lincoln,1910,1548.0,1271.0,68810.0,,0.8210594315245479,44.450904392764855
G1301850,Georgia,Lowndes,1910,2322.0,1757.0,131251.0,,0.7566752799310938,56.52497846683893
G1301870,Georgia,Lumpkin,1910,917.0,621.0,12703.0,,0.6772082878953108,13.85278080697928
G1301890,Georgia,McDuffie,1910,1430.0,1065.0,65188.0,,0.7447552447552448,45.58601398601399
G1301910,Georgia,McIntosh,1910,213.0,51.0,3641.0,,0.23943661971830985,17.093896713615024
G1301930,Georgia,Macon,1910,1764.0,1540.0,158422.0,,0.873015873015873,89.80839002267574
G1301950,Georgia,Madison,1910,3078.0,2769.0,159218.0,,0.8996101364522417,51.7277452891488
G1301970,Georgia,Marion,1910,1404.0,1153.0,79700.0,,0.8212250712250713,56.76638176638177
G1301990,Georgia,Meriwether,1910,3754.0,3280.0,263292.0,,0.8737346830047948,70.13638785295684
G1302010,Georgia,Miller,1910,1019.0,776.0,52276.0,,0.76153091265947,51.30127576054956
G1302015,Georgia,Milton,1910,1411.0,1275.0,55053.0,,0.9036144578313253,39.01700921332388
G1302050,Georgia,Mitchell,1910,2997.0,2423.0,229286.0,,0.8084751418084751,76.50517183850518
G1302070,Georgia,Monroe,1910,2789.0,2339.0,138615.0,,0.8386518465399785,49.70060953746863
G1302090,Georgia,Montgomery,1910,2844.0,2490.0,219941.0,,0.8755274261603375,77.33509142053445
G1302110,Georgia,Morgan,1910,2922.0,2449.0,195095.0,,0.8381245722108145,66.76762491444217
G1302130,Georgia,Murray,1910,1418.0,994.0,20265.0,,0.7009873060648801,14.291255289139633
G1302150,Georgia,Muscogee,1910,1019.0,823.0,53417.0,,0.8076545632973503,52.42100098135427
G1302170,Georgia,Newton,1910,2548.0,2068.0,134227.0,,0.8116169544740973,52.67935635792779
G1302190,Georgia,Oconee,1910,1936.0,1668.0,123641.0,,0.8615702479338843,63.86415289256198
G1302210,Georgia,Oglethorpe,1910,3192.0,2214.0,128684.0,,0.693609022556391,40.31453634085213
G1302230,Georgia,Paulding,1910,2453.0,2266.0,81465.0,,0.9237668161434978,33.21035466775377
G1302270,Georgia,Pickens,1910,1248.0,900.0,14625.0,,0.7211538461538461,11.71875
G1302290,Georgia,Pierce,1910,1312.0,1028.0,72849.0,,0.7835365853658537,55.52515243902439
G1302310,Georgia,Pike,1910,2560.0,2221.0,158240.0,,0.867578125,61.8125
G1302330,Georgia,Polk,1910,2226.0,1884.0,83121.0,,0.8463611859838275,37.34097035040431
G1302350,Georgia,Pulaski,1910,2909.0,2665.0,258189.0,,0.9161223788243382,88.75524235132347
G1302370,Georgia,Putnam,1910,2119.0,1757.0,85662.0,,0.8291647003303445,40.42567248702218
G1302390,Georgia,Quitman,1910,707.0,603.0,49013.0,,0.8528995756718529,69.32531824611033
G1302410,Georgia,Rabun,1910,856.0,491.0,8229.0,,0.5735981308411215,9.613317757009346
G1302430,Georgia,Randolph,1910,2416.0,2163.0,200608.0,,0.8952814569536424,83.03311258278146
G1302450,Georgia,Richmond,1910,1344.0,1004.0,101585.0,,0.7470238095238095,75.58407738095238
G1302470,Georgia,Rockdale,1910,1240.0,970.0,49200.0,,0.782258064516129,39.67741935483871
G1302490,Georgia,Schley,1910,837.0,770.0,56998.0,,0.9199522102747909,68.09796893667861
G1302510,Georgia,Screven,1910,2903.0,2361.0,252169.0,,0.8132965897347572,86.86496727523252
G1302550,Georgia,Spalding,1910,1727.0,1469.0,121800.0,,0.8506079907353793,70.52692530399537
G1302570,Georgia,Stephens,1910,1186.0,897.0,39606.0,,0.7563237774030354,33.39460370994941
G1302590,Georgia,Stewart,1910,1623.0,1232.0,130277.0,,0.7590881084411584,80.26925446703635
G1302610,Georgia,Sumter,1910,2929.0,2454.0,319852.0,,0.8378286104472517,109.20177534994879
G1302630,Georgia,Talbot,1910,1746.0,1517.0,70894.0,,0.8688430698739977,40.603665521191296
G1302650,Georgia,Taliaferro,1910,1458.0,1122.0,52009.0,,0.7695473251028807,35.67146776406036
G1302670,Georgia,Tattnall,1910,2375.0,1948.0,195646.0,,0.8202105263157895,82.37726315789473
G1302690,Georgia,Taylor,1910,1547.0,1288.0,125954.0,,0.832579185520362,81.41822882999354
G1302710,Georgia,Telfair,1910,1504.0,1151.0,114110.0,,0.7652925531914894,75.87101063829788
G1302730,Georgia,Terrell,1910,2741.0,2363.0,326186.0,,0.8620941262313024,119.0025538124772
G1302750,Georgia,Thomas,1910,2748.0,2254.0,154005.0,,0.8202328966521106,56.04257641921397
G1302770,Georgia,Tift,1910,1142.0,954.0,83187.0,,0.8353765323992994,72.84325744308231
G1302790,Georgia,Toombs,1910,1359.0,1227.0,106818.0,,0.9028697571743929,78.60044150110376
G1302810,Georgia,Towns,1910,658.0,350.0,4307.0,,0.5319148936170213,6.545592705167174
G1302850,Georgia,Troup,1910,2918.0,2556.0,162142.0,,0.8759424263193969,55.56614119259767
G1302870,Georgia,Turner,1910,1199.0,989.0,117125.0,,0.8248540450375312,97.68557130942452
G1302890,Georgia,Twiggs,1910,1649.0,1307.0,90210.0,,0.7926015767131595,54.705882352941174
G1302910,Georgia,Union,1910,1286.0,673.0,7011.0,,0.5233281493001555,5.4517884914463455
G1302930,Georgia,Upson,1910,1801.0,1502.0,70344.0,,0.8339811215991116,39.058300943920045
G1302950,Georgia,Walker,1910,2253.0,1477.0,35478.0,,0.6555703506435864,15.747003994673769
G1302970,Georgia,Walton,1910,3594.0,3014.0,232649.0,,0.8386199220923762,64.73260990539788
G1302990,Georgia,Ware,1910,924.0,598.0,41887.0,,0.6471861471861472,45.332251082251084
G1303010,Georgia,Warren,1910,1730.0,1444.0,96936.0,,0.8346820809248555,56.03236994219653
G1303030,Georgia,Washington,1910,4039.0,3162.0,279475.0,,0.7828670462985887,69.1941074523397
G1303050,Georgia,Wayne,1910,1265.0,989.0,59133.0,,0.7818181818181819,46.74545454545454
G1303070,Georgia,Webster,1910,972.0,802.0,70062.0,,0.8251028806584362,72.08024691358025
G1303110,Georgia,White,1910,914.0,708.0,17123.0,,0.774617067833698,18.73413566739606
G1303130,Georgia,Whitfield,1910,1816.0,1381.0,35224.0,,0.7604625550660793,19.39647577092511
G1303150,Georgia,Wilcox,1910,1667.0,1528.0,167337.0,,0.9166166766646671,100.38212357528494
G1303170,Georgia,Wilkes,1910,3586.0,2993.0,190268.0,,0.8346346904629113,53.05856107083101
G1303190,Georgia,Wilkinson,1910,1510.0,1227.0,75998.0,,0.8125827814569536,50.329801324503315
G1303210,Georgia,Worth,1910,2637.0,2166.0,191185.0,,0.8213879408418657,72.50094804702313
G1550015,Hawaii Territory,Hawaii,1910,2226.0,,,,,
G1550035,Hawaii Territory,Honolulu,1910,874.0,,,,,
G1550055,Hawaii Territory,Kalawao,1910,3.0,,,,,
G1550075,Hawaii Territory,Kauai,1910,452.0,,,,,
G1550095,Hawaii Territory,Maui,1910,765.0,,,,,
G1600010,Idaho,Ada,1910,1503.0,28.0,4344.0,,0.018629407850964737,2.8902195608782435
G1600050,Idaho,Bannock,1910,1395.0,1.0,50.0,,0.0007168458781362007,0.035842293906810034
G1600070,Idaho,Bear Lake,1910,783.0,6.0,300.0,,0.007662835249042145,0.3831417624521073
G1600110,Idaho,Bingham,1910,2287.0,11.0,1790.0,,0.004809794490599038,0.7826847398338435
G1600130,Idaho,Blaine,1910,869.0,6.0,700.0,,0.006904487917146145,0.8055235903337169
G1600150,Idaho,Boise,1910,773.0,0.0,0.0,,0.0,0.0
G1600170,Idaho,Bonner,1910,1068.0,84.0,2798.0,,0.07865168539325842,2.6198501872659175
G1600270,Idaho,Canyon,1910,2912.0,10.0,1179.0,,0.003434065934065934,0.40487637362637363
G1600310,Idaho,Cassia,1910,777.0,1.0,15.0,,0.001287001287001287,0.019305019305019305
G1600370,Idaho,Custer,1910,315.0,0.0,0.0,,0.0,0.0
G1600390,Idaho,Elmore,1910,374.0,5.0,1299.0,,0.013368983957219251,3.4732620320855614
G1600430,Idaho,Fremont,1910,3091.0,22.0,876.0,,0.0071174377224199285,0.2834034293109026
G1600490,Idaho,Idaho,1910,1684.0,3.0,235.0,,0.0017814726840855108,0.13954869358669833
G1600550,Idaho,Kootenai,1910,1444.0,13.0,1065.0,,0.009002770083102494,0.7375346260387812
G1600570,Idaho,Latah,1910,1951.0,5.0,170.0,,0.0025627883136852894,0.08713480266529984
G1600590,Idaho,Lemhi,1910,363.0,0.0,0.0,,0.0,0.0
G1600630,Idaho,Lincoln,1910,1566.0,10.0,197.0,,0.006385696040868455,0.12579821200510855
G1600690,Idaho,Nez Perce,1910,2667.0,8.0,408.0,,0.0029996250468691415,0.1529808773903262
G1600710,Idaho,Oneida,1910,1786.0,7.0,805.0,,0.003919372900335946,0.4507278835386338
G1600730,Idaho,Owyhee,1910,348.0,1.0,10.0,,0.0028735632183908046,0.028735632183908046
G1600790,Idaho,Shoshone,1910,98.0,5.0,715.0,,0.05102040816326531,7.295918367346939
G1600830,Idaho,Twin Falls,1910,1295.0,6.0,132.0,,0.004633204633204633,0.10193050193050193
G1600870,Idaho,Washington,1910,1458.0,5.0,3649.0,,0.003429355281207133,2.5027434842249656
G1609995,Idaho,Indian Reservations [multi-reservation reporting area],1910,0.0,,,,,
G1700010,Illinois,Adams,1910,4036.0,72.0,4727.0,,0.017839444995044598,1.171209117938553
G1700030,Illinois,Alexander,1910,698.0,6.0,260.0,,0.008595988538681949,0.37249283667621774
G1700050,Illinois,Bond,1910,1958.0,13.0,306.0,,0.006639427987742594,0.15628192032686414
G1700070,Illinois,Boone,1910,1322.0,16.0,390.0,,0.012102874432677761,0.2950075642965204
G1700090,Illinois,Brown,1910,1516.0,11.0,248.0,,0.007255936675461741,0.16358839050131926
G1700110,Illinois,Bureau,1910,3276.0,99.0,5714.0,,0.03021978021978022,1.7442002442002442
G1700130,Illinois,Calhoun,1910,1049.0,74.0,1322.0,,0.07054337464251668,1.2602478551000953
G1700150,Illinois,Carroll,1910,1822.0,33.0,836.0,,0.018111964873765093,0.4588364434687157
G1700170,Illinois,Cass,1910,1244.0,41.0,1877.0,,0.03295819935691318,1.5088424437299035
G1700190,Illinois,Champaign,1910,3757.0,190.0,9387.0,,0.05057226510513708,2.4985360660101144
G1700210,Illinois,Christian,1910,2889.0,48.0,1743.0,,0.016614745586708203,0.6033229491173416
G1700230,Illinois,Clark,1910,3020.0,67.0,2924.0,,0.02218543046357616,0.9682119205298013
G1700250,Illinois,Clay,1910,2805.0,136.0,4038.0,,0.048484848484848485,1.4395721925133689
G1700270,Illinois,Clinton,1910,1999.0,65.0,2299.0,,0.03251625812906453,1.1500750375187594
G1700290,Illinois,Coles,1910,2695.0,22.0,1215.0,,0.00816326530612245,0.45083487940630795
G1700310,Illinois,Cook,1910,5663.0,1603.0,170090.0,,0.2830655129789864,30.03531696980399
G1700330,Illinois,Crawford,1910,2390.0,24.0,1752.0,,0.0100418410041841,0.7330543933054393
G1700350,Illinois,Cumberland,1910,2264.0,32.0,1449.0,,0.014134275618374558,0.640017667844523
G1700370,Illinois,DeKalb,1910,2481.0,132.0,4840.0,,0.053204353083434096,1.950826279725917
G1700390,Illinois,De Witt,1910,1655.0,29.0,1272.0,,0.017522658610271902,0.7685800604229607
G1700410,Illinois,Douglas,1910,1839.0,24.0,1390.0,,0.013050570962479609,0.7558455682436107
G1700430,Illinois,Dupage,1910,1599.0,52.0,5100.0,,0.032520325203252036,3.189493433395872
G1700450,Illinois,Edgar,1910,2607.0,46.0,4416.0,,0.017644802454929037,1.6939010356731876
G1700470,Illinois,Edwards,1910,1327.0,462.0,15306.0,,0.34815373021853807,11.534287867370008
G1700490,Illinois,Effingham,1910,2386.0,58.0,1596.0,,0.024308466051969825,0.6689019279128248
G1700510,Illinois,Fayette,1910,4028.0,218.0,7399.0,,0.054121151936444886,1.836891757696127
G1700530,Illinois,Ford,1910,1747.0,66.0,2771.0,,0.03777904979965655,1.5861476817401259
G1700550,Illinois,Franklin,1910,2658.0,78.0,2959.0,,0.029345372460496615,1.1132430398796087
G1700570,Illinois,Fulton,1910,3926.0,9.0,341.0,,0.002292409577177789,0.08685685175751401
G1700590,Illinois,Gallatin,1910,1563.0,29.0,922.0,,0.018554062699936022,0.5898912348048625
G1700610,Illinois,Greene,1910,2192.0,35.0,1554.0,,0.015967153284671534,0.708941605839416
G1700630,Illinois,Grundy,1910,1542.0,108.0,4922.0,,0.07003891050583658,3.191958495460441
G1700650,Illinois,Hamilton,1910,2964.0,158.0,3782.0,,0.053306342780026994,1.275978407557355
G1700670,Illinois,Hancock,1910,3743.0,37.0,1714.0,,0.009885118888592039,0.457921453379642
G1700690,Illinois,Hardin,1910,929.0,11.0,354.0,,0.011840688912809472,0.38105489773950485
G1700710,Illinois,Henderson,1910,1153.0,5.0,173.0,,0.004336513443191674,0.15004336513443192
G1700730,Illinois,Henry,1910,3341.0,59.0,2746.0,,0.01765938341813828,0.8219096079018258
G1700750,Illinois,Iroquois,1910,3941.0,194.0,12718.0,,0.04922608475006344,3.2270997208830248
G1700770,Illinois,Jackson,1910,2696.0,69.0,2955.0,,0.02559347181008902,1.0960682492581602
G1700790,Illinois,Jasper,1910,2838.0,34.0,738.0,,0.011980267794221282,0.26004228329809725
G1700810,Illinois,Jefferson,1910,3920.0,116.0,2636.0,,0.02959183673469388,0.6724489795918367
G1700830,Illinois,Jersey,1910,1504.0,40.0,2330.0,,0.026595744680851064,1.5492021276595744
G1700850,Illinois,Jo Daviess,1910,2230.0,52.0,858.0,,0.023318385650224215,0.3847533632286996
G1700870,Illinois,Johnson,1910,1962.0,94.0,3549.0,,0.047910295616717634,1.808868501529052
G1700890,Illinois,Kane,1910,2309.0,87.0,6418.0,,0.037678648765699436,2.7795582503248157
G1700910,Illinois,Kankakee,1910,2411.0,421.0,30967.0,,0.1746163417669017,12.844048112816258
G1700930,Illinois,Kendall,1910,1258.0,29.0,2007.0,,0.023052464228934817,1.595389507154213
G1700950,Illinois,Knox,1910,2860.0,25.0,2386.0,,0.008741258741258742,0.8342657342657342
G1700970,Illinois,Lake,1910,2250.0,79.0,6791.0,,0.035111111111111114,3.018222222222222
G1700990,Illinois,La Salle,1910,4282.0,172.0,10638.0,,0.04016814572629612,2.484353106025222
G1701010,Illinois,Lawrence,1910,1885.0,155.0,4077.0,,0.08222811671087533,2.1628647214854113
G1701030,Illinois,Lee,1910,2774.0,182.0,8260.0,,0.06560922855082912,2.9776496034607067
G1701050,Illinois,Livingston,1910,3969.0,93.0,4794.0,,0.02343159486016629,1.2078609221466365
G1701070,Illinois,Logan,1910,2320.0,106.0,4659.0,,0.045689655172413794,2.008189655172414
G1701090,Illinois,McDonough,1910,2706.0,13.0,793.0,,0.004804138950480414,0.2930524759793052
G1701110,Illinois,McHenry,1910,2860.0,51.0,2044.0,,0.01783216783216783,0.7146853146853147
G1701130,Illinois,McLean,1910,4500.0,160.0,14611.0,,0.035555555555555556,3.246888888888889
G1701150,Illinois,Macon,1910,2616.0,46.0,4064.0,,0.017584097859327217,1.5535168195718654
G1701170,Illinois,Macoupin,1910,4013.0,79.0,3780.0,,0.01968602043359083,0.9419386992275106
G1701190,Illinois,Madison,1910,3554.0,272.0,8649.0,,0.07653348339898705,2.4335959482273495
G1701210,Illinois,Marion,1910,3435.0,186.0,5520.0,,0.05414847161572053,1.6069868995633187
G1701230,Illinois,Marshall,1910,1337.0,25.0,1911.0,,0.018698578908002993,1.4293193717277486
G1701250,Illinois,Mason,1910,1648.0,58.0,4592.0,,0.03519417475728155,2.7864077669902914
G1701270,Illinois,Massac,1910,1275.0,75.0,1670.0,,0.058823529411764705,1.3098039215686275
G1701290,Illinois,Menard,1910,1123.0,7.0,367.0,,0.006233303650934996,0.3268032056990205
G1701310,Illinois,Mercer,1910,2038.0,30.0,1375.0,,0.014720314033366046,0.6746810598626104
G1701330,Illinois,Monroe,1910,1487.0,62.0,1841.0,,0.04169468728984533,1.238063214525891
G1701350,Illinois,Montgomery,1910,3223.0,73.0,3005.0,,0.0226497052435619,0.9323611542041577
G1701370,Illinois,Morgan,1910,2667.0,60.0,2995.0,,0.02249718785151856,1.1229846269216348
G1701390,Illinois,Moultrie,1910,1613.0,14.0,646.0,,0.008679479231246125,0.4004959702417855
G1701410,Illinois,Ogle,1910,2962.0,61.0,3679.0,,0.020594193112761647,1.2420661715057393
G1701430,Illinois,Peoria,1910,2717.0,36.0,3310.0,,0.013249907986750091,1.2182554287817446
G1701450,Illinois,Perry,1910,2019.0,94.0,3132.0,,0.04655770183259039,1.5512630014858841
G1701470,Illinois,Piatt,1910,1510.0,40.0,8402.0,,0.026490066225165563,5.564238410596026
G1701490,Illinois,Pike,1910,3544.0,51.0,1885.0,,0.014390519187358916,0.5318848758465011
G1701510,Illinois,Pope,1910,1825.0,309.0,9209.0,,0.16931506849315067,5.046027397260274
G1701530,Illinois,Pulaski,1910,1360.0,72.0,2125.0,,0.052941176470588235,1.5625
G1701550,Illinois,Putnam,1910,537.0,9.0,628.0,,0.01675977653631285,1.1694599627560522
G1701570,Illinois,Randolph,1910,2535.0,89.0,3348.0,,0.035108481262327414,1.3207100591715977
G1701590,Illinois,Richland,1910,2191.0,410.0,10127.0,,0.1871291647649475,4.622090369694203
G1701610,Illinois,Rock Island,1910,1909.0,26.0,1462.0,,0.013619696176008382,0.7658459926663175
G1701630,Illinois,St Clair,1910,3145.0,132.0,4150.0,,0.04197138314785374,1.3195548489666136
G1701650,Illinois,Saline,1910,2512.0,240.0,7535.0,,0.09554140127388536,2.9996019108280256
G1701670,Illinois,Sangamon,1910,3579.0,57.0,7519.0,,0.01592623637887678,2.1008661637328863
G1701690,Illinois,Schuyler,1910,1979.0,12.0,929.0,,0.00606366851945427,0.4694290045477514
G1701710,Illinois,Scott,1910,1096.0,88.0,2652.0,,0.08029197080291971,2.4197080291970803
G1701730,Illinois,Shelby,1910,4083.0,41.0,3338.0,,0.010041636051922606,0.8175361253979917
G1701750,Illinois,Stark,1910,1107.0,12.0,777.0,,0.01084010840108401,0.7018970189701897
G1701770,Illinois,Stephenson,1910,2913.0,40.0,2894.0,,0.013731548232063165,0.99347751458977
G1701790,Illinois,Tazewell,1910,2525.0,91.0,4187.0,,0.03603960396039604,1.6582178217821781
G1701810,Illinois,Union,1910,2309.0,520.0,20785.0,,0.22520571676050238,9.001732351667389
G1701830,Illinois,Vermilion,1910,3801.0,87.0,9547.0,,0.022888713496448304,2.511707445409103
G1701850,Illinois,Wabash,1910,1118.0,223.0,7225.0,,0.19946332737030412,6.462432915921288
G1701870,Illinois,Warren,1910,2021.0,10.0,1955.0,,0.004948045522018802,0.9673428995546759
G1701890,Illinois,Washington,1910,2521.0,276.0,10708.0,,0.10948036493454978,4.247520825069417
G1701910,Illinois,Wayne,1910,4285.0,147.0,5085.0,,0.034305717619603264,1.1866977829638272
G1701930,Illinois,White,1910,2592.0,166.0,5667.0,,0.06404320987654322,2.1863425925925926
G1701950,Illinois,Whiteside,1910,2898.0,241.0,18437.0,,0.0831608005521049,6.361973775017253
G1701970,Illinois,Will,1910,3588.0,119.0,6556.0,,0.033166109253065776,1.8272017837235228
G1701990,Illinois,Williamson,1910,2781.0,62.0,2550.0,,0.02229413879899317,0.9169363538295577
G1702010,Illinois,Winnebago,1910,2241.0,50.0,3998.0,,0.022311468094600623,1.7840249888442659
G1702030,Illinois,Woodford,1910,2082.0,69.0,3015.0,,0.03314121037463977,1.4481268011527377
G1800010,Indiana,Adams,1910,2353.0,107.0,3121.0,,0.04547386315342117,1.326391840203995
G1800030,Indiana,Allen,1910,4331.0,523.0,17260.0,,0.12075733087046871,3.985222812283537
G1800050,Indiana,Bartholomew,1910,2127.0,932.0,40463.0,,0.4381758345086977,19.02350728725905
G1800070,Indiana,Benton,1910,1271.0,31.0,1916.0,,0.024390243902439025,1.5074744295830056
G1800090,Indiana,Blackford,1910,1152.0,13.0,368.0,,0.011284722222222222,0.3194444444444444
G1800110,Indiana,Boone,1910,3320.0,96.0,3255.0,,0.02891566265060241,0.9804216867469879
G1800130,Indiana,Brown,1910,1501.0,703.0,15572.0,,0.46835443037974683,10.374417055296469
G1800150,Indiana,Carroll,1910,2239.0,153.0,4579.0,,0.06833407771326486,2.045109423849933
G1800170,Indiana,Cass,1910,2443.0,104.0,3669.0,,0.04257060990585346,1.5018419975440034
G1800190,Indiana,Clark,1910,2186.0,1463.0,60910.0,,0.6692589204025617,27.863677950594692
G1800210,Indiana,Clay,1910,2586.0,390.0,11358.0,,0.15081206496519722,4.392111368909513
G1800230,Indiana,Clinton,1910,2724.0,192.0,7071.0,,0.07048458149779736,2.595814977973568
G1800250,Indiana,Crawford,1910,1861.0,1415.0,43979.0,,0.7603439011284255,23.631918323481997
G1800270,Indiana,Daviess,1910,2759.0,654.0,16378.0,,0.237042406669083,5.936208771293947
G1800290,Indiana,Dearborn,1910,2246.0,841.0,26175.0,,0.3744434550311665,11.654051647373107
G1800310,Indiana,Decatur,1910,1923.0,1259.0,57530.0,,0.6547061882475299,29.916796671866873
G1800330,Indiana,DeKalb,1910,2518.0,614.0,15930.0,,0.24384432088959493,6.326449563145354
G1800350,Indiana,Delaware,1910,2918.0,85.0,2923.0,,0.029129540781357093,1.0017135023989034
G1800370,Indiana,Dubois,1910,2242.0,1757.0,82487.0,,0.7836752899197146,36.79170383586084
G1800390,Indiana,Elkhart,1910,3188.0,199.0,5917.0,,0.06242158092848181,1.8560225846925973
G1800410,Indiana,Fayette,1910,1126.0,698.0,34391.0,,0.6198934280639432,30.542628774422734
G1800430,Indiana,Floyd,1910,1216.0,876.0,36901.0,,0.7203947368421053,30.346217105263158
G1800450,Indiana,Fountain,1910,2098.0,85.0,4422.0,,0.04051477597712107,2.107721639656816
G1800470,Indiana,Franklin,1910,2113.0,1189.0,46084.0,,0.5627070515854236,21.80974917179366
G1800490,Indiana,Fulton,1910,2343.0,181.0,8535.0,,0.07725138711054204,3.642765685019206
G1800510,Indiana,Gibson,1910,2882.0,475.0,19217.0,,0.16481609993060375,6.6679389312977095
G1800530,Indiana,Grant,1910,2886.0,307.0,12580.0,,0.10637560637560638,4.358974358974359
G1800550,Indiana,Greene,1910,3516.0,798.0,17274.0,,0.22696245733788395,4.912969283276451
G1800570,Indiana,Hamilton,1910,3003.0,465.0,18728.0,,0.15484515484515485,6.236430236430237
G1800590,Indiana,Hancock,1910,2154.0,451.0,17750.0,,0.20937790157845868,8.240482822655524
G1800610,Indiana,Harrison,1910,3100.0,2411.0,117474.0,,0.7777419354838709,37.89483870967742
G1800630,Indiana,Hendricks,1910,2786.0,485.0,21160.0,,0.17408470926058867,7.5951184493898065
G1800650,Indiana,Henry,1910,2576.0,582.0,24491.0,,0.22593167701863354,9.507375776397515
G1800670,Indiana,Howard,1910,2461.0,27.0,1246.0,,0.010971149939049168,0.5062982527427875
G1800690,Indiana,Huntington,1910,2616.0,314.0,9618.0,,0.12003058103975535,3.676605504587156
G1800710,Indiana,Jackson,1910,2780.0,1096.0,30978.0,,0.3942446043165468,11.143165467625899
G1800730,Indiana,Jasper,1910,1714.0,537.0,32219.0,,0.31330221703617267,18.7975495915986
G1800750,Indiana,Jay,1910,2836.0,204.0,5295.0,,0.07193229901269393,1.8670662905500706
G1800770,Indiana,Jefferson,1910,2565.0,1494.0,74770.0,,0.5824561403508772,29.15009746588694
G1800790,Indiana,Jennings,1910,2020.0,1309.0,50701.0,,0.648019801980198,25.09950495049505
G1800810,Indiana,Johnson,1910,2025.0,1087.0,47531.0,,0.5367901234567901,23.472098765432097
G1800830,Indiana,Knox,1910,2767.0,177.0,12353.0,,0.06396819660281894,4.4644018792916516
G1800850,Indiana,Kosciusko,1910,3365.0,342.0,11057.0,,0.10163447251114413,3.2858841010401187
G1800870,Indiana,Lagrange,1910,2120.0,41.0,1156.0,,0.019339622641509433,0.5452830188679245
G1800890,Indiana,Lake,1910,1814.0,298.0,20460.0,,0.16427783902976847,11.278941565600881
G1800910,Indiana,LaPorte,1910,2536.0,126.0,7336.0,,0.04968454258675079,2.892744479495268
G1800930,Indiana,Lawrence,1910,2342.0,1099.0,35482.0,,0.46925704526046114,15.150298889837746
G1800950,Indiana,Madison,1910,3258.0,348.0,13747.0,,0.10681399631675875,4.219459791282996
G1800970,Indiana,Marion,1910,3250.0,821.0,42001.0,,0.25261538461538463,12.923384615384615
G1800990,Indiana,Marshall,1910,2813.0,202.0,5345.0,,0.07180945609669392,1.9001066477070743
G1801010,Indiana,Martin,1910,1742.0,851.0,18339.0,,0.48851894374282434,10.527554535017222
G1801030,Indiana,Miami,1910,2360.0,334.0,13747.0,,0.14152542372881355,5.825
G1801050,Indiana,Monroe,1910,2200.0,1197.0,33608.0,,0.5440909090909091,15.276363636363635
G1801070,Indiana,Montgomery,1910,2804.0,325.0,16421.0,,0.1159058487874465,5.856276747503566
G1801090,Indiana,Morgan,1910,2754.0,762.0,23918.0,,0.2766884531590414,8.68482207697894
G1801110,Indiana,Newton,1910,1002.0,198.0,15986.0,,0.19760479041916168,15.954091816367265
G1801130,Indiana,Noble,1910,2749.0,363.0,13341.0,,0.13204801746089487,4.8530374681702435
G1801150,Indiana,Ohio,1910,652.0,112.0,2937.0,,0.17177914110429449,4.504601226993865
G1801170,Indiana,Orange,1910,2374.0,1590.0,48647.0,,0.6697556866048863,20.491575400168493
G1801190,Indiana,Owen,1910,1981.0,897.0,21457.0,,0.45280161534578495,10.831398283695103
G1801210,Indiana,Parke,1910,2448.0,228.0,9365.0,,0.09313725490196079,3.8255718954248366
G1801230,Indiana,Perry,1910,1948.0,1377.0,61159.0,,0.7068788501026694,31.395790554414784
G1801250,Indiana,Pike,1910,2440.0,618.0,17242.0,,0.2532786885245902,7.06639344262295
G1801270,Indiana,Porter,1910,1915.0,160.0,5815.0,,0.0835509138381201,3.0365535248041775
G1801290,Indiana,Posey,1910,2133.0,193.0,5572.0,,0.09048288795124239,2.6122831692451944
G1801310,Indiana,Pulaski,1910,1898.0,510.0,20530.0,,0.26870389884088514,10.816649104320337
G1801330,Indiana,Putnam,1910,2962.0,550.0,19833.0,,0.18568534773801484,6.695813639432815
G1801350,Indiana,Randolph,1910,3293.0,593.0,18875.0,,0.18007895535985424,5.731855450956575
G1801370,Indiana,Ripley,1910,3001.0,2254.0,92531.0,,0.7510829723425525,30.83338887037654
G1801390,Indiana,Rush,1910,2143.0,1081.0,57343.0,,0.5044330377974802,26.758282781147923
G1801410,Indiana,St Joseph,1910,2460.0,188.0,13365.0,,0.07642276422764227,5.432926829268292
G1801430,Indiana,Scott,1910,1306.0,942.0,44018.0,,0.7212863705972435,33.70444104134763
G1801450,Indiana,Shelby,1910,2702.0,655.0,25056.0,,0.24241302738712064,9.273131014063656
G1801470,Indiana,Spencer,1910,2841.0,1270.0,56312.0,,0.4470256951777543,19.8211897219289
G1801490,Indiana,Starke,1910,1382.0,279.0,11467.0,,0.20188133140376266,8.29739507959479
G1801510,Indiana,Steuben,1910,1899.0,186.0,6171.0,,0.09794628751974724,3.249605055292259
G1801530,Indiana,Sullivan,1910,2913.0,102.0,3133.0,,0.035015447991761074,1.0755235152763474
G1801550,Indiana,Switzerland,1910,1792.0,528.0,17755.0,,0.29464285714285715,9.907924107142858
G1801570,Indiana,Tippecanoe,1910,2456.0,87.0,4362.0,,0.035423452768729644,1.7760586319218241
G1801590,Indiana,Tipton,1910,2067.0,55.0,1451.0,,0.026608611514271893,0.7019835510401549
G1801610,Indiana,Union,1910,817.0,596.0,36229.0,,0.7294981640146879,44.34394124847001
G1801630,Indiana,Vanderburgh,1910,1778.0,548.0,19206.0,,0.30821147356580425,10.802024746906637
G1801650,Indiana,Vermillion,1910,1355.0,16.0,804.0,,0.011808118081180811,0.5933579335793358
G1801670,Indiana,Vigo,1910,3029.0,89.0,4854.0,,0.029382634532849124,1.6025090789039287
G1801690,Indiana,Wabash,1910,2525.0,427.0,17446.0,,0.16910891089108912,6.909306930693069
G1801710,Indiana,Warren,1910,1345.0,36.0,2401.0,,0.026765799256505577,1.7851301115241636
G1801730,Indiana,Warrick,1910,2838.0,1488.0,43157.0,,0.5243128964059197,15.206835799859055
G1801750,Indiana,Washington,1910,2682.0,1857.0,80552.0,,0.6923937360178971,30.034302759134974
G1801770,Indiana,Wayne,1910,2627.0,1107.0,52550.0,,0.4213932242101256,20.003806623524934
G1801790,Indiana,Wells,1910,2655.0,92.0,2886.0,,0.03465160075329567,1.0870056497175142
G1801810,Indiana,White,1910,2091.0,489.0,23758.0,,0.23385939741750358,11.362027737924437
G1801830,Indiana,Whitley,1910,2157.0,145.0,4933.0,,0.06722299490032453,2.2869726471951783
G1900010,Iowa,Adair,1910,2227.0,52.0,1910.0,,0.02334979793444095,0.8576560395150427
G1900030,Iowa,Adams,1910,1726.0,51.0,1242.0,,0.02954808806488992,0.7195828505214369
G1900050,Iowa,Allamakee,1910,2230.0,10.0,1097.0,,0.004484304932735426,0.49192825112107624
G1900070,Iowa,Appanoose,1910,2312.0,27.0,422.0,,0.011678200692041523,0.18252595155709342
G1900090,Iowa,Audubon,1910,1897.0,13.0,286.0,,0.006852925672113864,0.150764364786505
G1900110,Iowa,Benton,1910,2656.0,65.0,1417.0,,0.02447289156626506,0.5335090361445783
G1900130,Iowa,Black Hawk,1910,2168.0,11.0,884.0,,0.00507380073800738,0.4077490774907749
G1900150,Iowa,Boone,1910,2581.0,9.0,310.0,,0.003487020534676482,0.12010848508330105
G1900170,Iowa,Bremer,1910,1968.0,23.0,940.0,,0.011686991869918699,0.47764227642276424
G1900190,Iowa,Buchanan,1910,2334.0,18.0,1182.0,,0.007712082262210797,0.506426735218509
G1900210,Iowa,Buena Vista,1910,1934.0,10.0,414.0,,0.005170630816959669,0.2140641158221303
G1900230,Iowa,Butler,1910,2226.0,14.0,4168.0,,0.006289308176100629,1.8724168912848158
G1900250,Iowa,Calhoun,1910,1958.0,5.0,180.0,,0.002553626149131767,0.09193054136874361
G1900270,Iowa,Carroll,1910,2092.0,21.0,1080.0,,0.010038240917782026,0.5162523900573613
G1900290,Iowa,Cass,1910,2292.0,11.0,927.0,,0.004799301919720768,0.40445026178010474
G1900310,Iowa,Cedar,1910,2228.0,12.0,387.0,,0.005385996409335727,0.1736983842010772
G1900330,Iowa,Cerro Gordo,1910,1861.0,14.0,418.0,,0.007522837184309511,0.2246104245029554
G1900350,Iowa,Cherokee,1910,1901.0,8.0,461.0,,0.004208311415044713,0.2425039452919516
G1900370,Iowa,Chickasaw,1910,2012.0,5.0,134.0,,0.002485089463220676,0.06660039761431412
G1900390,Iowa,Clarke,1910,1556.0,0.0,0.0,,0.0,0.0
G1900410,Iowa,Clay,1910,1668.0,33.0,1200.0,,0.019784172661870502,0.7194244604316546
G1900430,Iowa,Clayton,1910,3049.0,15.0,658.0,,0.004919645785503444,0.21580846179075105
G1900450,Iowa,Clinton,1910,2844.0,17.0,1215.0,,0.005977496483825597,0.4272151898734177
G1900470,Iowa,Crawford,1910,2361.0,40.0,1605.0,,0.0169419737399407,0.6797966963151207
G1900490,Iowa,Dallas,1910,2446.0,10.0,300.0,,0.004088307440719542,0.12264922322158626
G1900510,Iowa,Davis,1910,2238.0,11.0,117.0,,0.004915102770330653,0.05227882037533512
G1900530,Iowa,Decatur,1910,2165.0,9.0,790.0,,0.004157043879907622,0.3648960739030023
G1900550,Iowa,Delaware,1910,2208.0,13.0,245.0,,0.00588768115942029,0.11096014492753623
G1900570,Iowa,Des Moines,1910,1995.0,12.0,673.0,,0.006015037593984963,0.33734335839599
G1900590,Iowa,Dickinson,1910,985.0,1.0,5.0,,0.0010152284263959391,0.005076142131979695
G1900610,Iowa,Dubuque,1910,2403.0,27.0,1363.0,,0.011235955056179775,0.5672076570952975
G1900630,Iowa,Emmet,1910,1047.0,1.0,2.0,,0.0009551098376313276,0.0019102196752626551
G1900650,Iowa,Fayette,1910,3124.0,13.0,1229.0,,0.004161331626120359,0.3934058898847631
G1900670,Iowa,Floyd,1910,1907.0,53.0,2605.0,,0.02779234399580493,1.3660199265862611
G1900690,Iowa,Franklin,1910,1915.0,3.0,309.0,,0.001566579634464752,0.16135770234986946
G1900710,Iowa,Fremont,1910,2050.0,2.0,65.0,,0.000975609756097561,0.03170731707317073
G1900730,Iowa,Greene,1910,2151.0,44.0,183.0,,0.020455602045560205,0.08507670850767085
G1900750,Iowa,Grundy,1910,1764.0,28.0,918.0,,0.015873015873015872,0.5204081632653061
G1900770,Iowa,Guthrie,1910,2330.0,6.0,223.0,,0.002575107296137339,0.09570815450643777
G1900790,Iowa,Hamilton,1910,2219.0,19.0,463.0,,0.008562415502478594,0.20865254619197837
G1900810,Iowa,Hancock,1910,1636.0,7.0,249.0,,0.004278728606356968,0.152200488997555
G1900830,Iowa,Hardin,1910,2235.0,13.0,1324.0,,0.0058165548098434005,0.5923937360178971
G1900850,Iowa,Harrison,1910,2914.0,8.0,135.0,,0.002745367192862045,0.04632807137954702
G1900870,Iowa,Henry,1910,2145.0,26.0,764.0,,0.012121212121212121,0.3561771561771562
G1900890,Iowa,Howard,1910,1650.0,10.0,193.0,,0.006060606060606061,0.11696969696969697
G1900910,Iowa,Humboldt,1910,1476.0,7.0,294.0,,0.0047425474254742545,0.1991869918699187
G1900930,Iowa,Ida,1910,1474.0,7.0,914.0,,0.0047489823609226595,0.6200814111261872
G1900950,Iowa,Iowa,1910,2309.0,4.0,197.0,,0.0017323516673884798,0.08531831961888263
G1900970,Iowa,Jackson,1910,2400.0,9.0,187.0,,0.00375,0.07791666666666666
G1900990,Iowa,Jasper,1910,3272.0,9.0,1123.0,,0.0027506112469437654,0.3432151589242054
G1901010,Iowa,Jefferson,1910,2020.0,8.0,169.0,,0.0039603960396039604,0.08366336633663367
G1901030,Iowa,Johnson,1910,2653.0,6.0,2326.0,,0.0022615906520919715,0.8767433094609876
G1901050,Iowa,Jones,1910,2110.0,3.0,370.0,,0.0014218009478672985,0.17535545023696683
G1901070,Iowa,Keokuk,1910,2770.0,4.0,260.0,,0.001444043321299639,0.09386281588447654
G1901090,Iowa,Kossuth,1910,2656.0,9.0,528.0,,0.00338855421686747,0.19879518072289157
G1901110,Iowa,Lee,1910,2360.0,57.0,1712.0,,0.024152542372881357,0.7254237288135593
G1901130,Iowa,Linn,1910,3619.0,25.0,729.0,,0.006907985631389887,0.2014368610113291
G1901150,Iowa,Louisa,1910,1543.0,21.0,815.0,,0.013609850939727802,0.5281918340894362
G1901170,Iowa,Lucas,1910,1815.0,9.0,423.0,,0.0049586776859504135,0.23305785123966943
G1901190,Iowa,Lyon,1910,1669.0,5.0,119.0,,0.0029958058717795086,0.0713001797483523
G1901210,Iowa,Madison,1910,2369.0,9.0,795.0,,0.003799071338117349,0.3355846348670325
G1901230,Iowa,Mahaska,1910,2981.0,15.0,944.0,,0.005031868500503187,0.31667225763166723
G1901250,Iowa,Marion,1910,2708.0,15.0,405.0,,0.005539143279172821,0.14955686853766617
G1901270,Iowa,Marshall,1910,2432.0,3.0,57.0,,0.0012335526315789473,0.0234375
G1901290,Iowa,Mills,1910,1730.0,9.0,492.0,,0.005202312138728324,0.28439306358381505
G1901310,Iowa,Mitchell,1910,1729.0,12.0,837.0,,0.006940427993059572,0.48409485251590517
G1901330,Iowa,Monona,1910,2229.0,3.0,922.0,,0.0013458950201884253,0.4136384028712427
G1901350,Iowa,Monroe,1910,1917.0,6.0,173.0,,0.003129890453834116,0.09024517475221701
G1901370,Iowa,Montgomery,1910,1766.0,6.0,593.0,,0.0033975084937712344,0.3357870894677237
G1901390,Iowa,Muscatine,1910,1820.0,88.0,20610.0,,0.04835164835164835,11.324175824175825
G1901410,Iowa,O Brien,1910,1826.0,7.0,768.0,,0.0038335158817086527,0.42059145673603504
G1901430,Iowa,Osceola,1910,1068.0,1.0,30.0,,0.0009363295880149813,0.028089887640449437
G1901450,Iowa,Page,1910,2341.0,9.0,279.0,,0.003844510892780863,0.11917983767620675
G1901470,Iowa,Palo Alto,1910,1607.0,12.0,584.0,,0.0074673304293715,0.3634100808960797
G1901490,Iowa,Plymouth,1910,2704.0,9.0,187.0,,0.0033284023668639054,0.06915680473372782
G1901510,Iowa,Pocahontas,1910,1932.0,6.0,217.0,,0.003105590062111801,0.11231884057971014
G1901530,Iowa,Polk,1910,3229.0,47.0,3244.0,,0.014555589965933726,1.0046454010529575
G1901550,Iowa,Pottawattamie,1910,3935.0,40.0,6015.0,,0.010165184243964422,1.52858958068615
G1901570,Iowa,Poweshiek,1910,2253.0,13.0,2160.0,,0.005770084332001775,0.9587217043941412
G1901590,Iowa,Ringgold,1910,2053.0,5.0,72.0,,0.0024354603019970775,0.03507062834875792
G1901610,Iowa,Sac,1910,2014.0,52.0,9424.0,,0.025819265143992055,4.679245283018868
G1901630,Iowa,Scott,1910,2405.0,68.0,2909.0,,0.028274428274428276,1.2095634095634096
G1901650,Iowa,Shelby,1910,2213.0,78.0,3141.0,,0.03524627202892002,1.4193402620876638
G1901670,Iowa,Sioux,1910,2715.0,27.0,717.0,,0.009944751381215469,0.2640883977900553
G1901690,Iowa,Story,1910,2385.0,22.0,934.0,,0.009224318658280923,0.39161425576519915
G1901710,Iowa,Tama,1910,2602.0,6.0,68.0,,0.0023059185242121443,0.026133743274404306
G1901730,Iowa,Taylor,1910,2254.0,6.0,1146.0,,0.0026619343389529724,0.5084294587400178
G1901750,Iowa,Union,1910,1619.0,5.0,351.0,,0.0030883261272390363,0.21680049413218036
G1901770,Iowa,Van Buren,1910,2126.0,17.0,580.0,,0.00799623706491063,0.27281279397930386
G1901790,Iowa,Wapello,1910,2255.0,15.0,571.0,,0.0066518847006651885,0.2532150776053215
G1901810,Iowa,Warren,1910,2608.0,4.0,100.0,,0.0015337423312883436,0.03834355828220859
G1901830,Iowa,Washington,1910,2454.0,25.0,710.0,,0.010187449062754686,0.2893235533822331
G1901850,Iowa,Wayne,1910,1969.0,18.0,505.0,,0.009141696292534281,0.2564753682072118
G1901870,Iowa,Webster,1910,2478.0,13.0,325.0,,0.005246166263115416,0.1311541565778854
G1901890,Iowa,Winnebago,1910,1425.0,13.0,290.0,,0.009122807017543859,0.20350877192982456
G1901910,Iowa,Winneshiek,1910,2887.0,29.0,895.0,,0.010045029442327675,0.31001039140976794
G1901930,Iowa,Woodbury,1910,2976.0,22.0,1190.0,,0.00739247311827957,0.39986559139784944
G1901950,Iowa,Worth,1910,1391.0,6.0,104.0,,0.004313443565780014,0.07476635514018691
G1901970,Iowa,Wright,1910,1885.0,52.0,1368.0,,0.027586206896551724,0.7257294429708223
G2000010,Kansas,Allen,1910,2071.0,59.0,2569.0,,0.028488652824722356,1.2404635441815548
G2000030,Kansas,Anderson,1910,2000.0,13.0,1475.0,,0.0065,0.7375
G2000050,Kansas,Atchison,1910,1844.0,17.0,1364.0,,0.009219088937093275,0.7396963123644251
G2000070,Kansas,Barber,1910,1202.0,4.0,108.0,,0.0033277870216306157,0.08985024958402663
G2000090,Kansas,Barton,1910,1732.0,7.0,474.0,,0.0040415704387990765,0.27367205542725176
G2000110,Kansas,Bourbon,1910,2441.0,12.0,657.0,,0.004916018025399427,0.2691519868906186
G2000130,Kansas,Brown,1910,2302.0,6.0,103.0,,0.0026064291920069507,0.04474370112945265
G2000150,Kansas,Butler,1910,3297.0,12.0,279.0,,0.003639672429481347,0.08462238398544131
G2000170,Kansas,Chase,1910,1054.0,2.0,18.0,,0.0018975332068311196,0.017077798861480076
G2000190,Kansas,Chautauqua,1910,1640.0,5.0,54.0,,0.003048780487804878,0.032926829268292684
G2000210,Kansas,Cherokee,1910,2721.0,293.0,11914.0,,0.10768099963248806,4.37853730246233
G2000230,Kansas,Cheyenne,1910,796.0,2.0,80.0,,0.002512562814070352,0.10050251256281408
G2000250,Kansas,Clark,1910,474.0,3.0,126.0,,0.006329113924050633,0.26582278481012656
G2000270,Kansas,Clay,1910,2082.0,5.0,165.0,,0.0024015369836695487,0.0792507204610951
G2000290,Kansas,Cloud,1910,2241.0,6.0,282.0,,0.002677376171352075,0.12583668005354753
G2000310,Kansas,Coffey,1910,2381.0,14.0,1182.0,,0.005879882402351953,0.49643007139857204
G2000330,Kansas,Comanche,1910,433.0,1.0,10.0,,0.0023094688221709007,0.023094688221709007
G2000350,Kansas,Cowley,1910,3167.0,12.0,2436.0,,0.003789074834227976,0.7691821913482791
G2000370,Kansas,Crawford,1910,2762.0,43.0,2893.0,,0.015568428674873281,1.0474293989862418
G2000390,Kansas,Decatur,1910,1455.0,1.0,250.0,,0.0006872852233676976,0.1718213058419244
G2000410,Kansas,Dickinson,1910,2659.0,12.0,888.0,,0.0045129748025573525,0.3339601353892441
G2000430,Kansas,Doniphan,1910,1771.0,17.0,522.0,,0.009599096555618294,0.29474872953133824
G2000450,Kansas,Douglas,1910,2190.0,43.0,2167.0,,0.019634703196347032,0.9894977168949771
G2000470,Kansas,Edwards,1910,913.0,4.0,153.0,,0.004381161007667032,0.16757940854326397
G2000490,Kansas,Elk,1910,1606.0,6.0,86.0,,0.0037359900373599006,0.053549190535491904
G2000510,Kansas,Ellis,1910,1320.0,2.0,56.0,,0.0015151515151515152,0.04242424242424243
G2000530,Kansas,Ellsworth,1910,1270.0,1.0,7.0,,0.0007874015748031496,0.005511811023622047
G2000550,Kansas,Finney,1910,716.0,2.0,104.0,,0.002793296089385475,0.1452513966480447
G2000570,Kansas,Ford,1910,1108.0,4.0,376.0,,0.0036101083032490976,0.33935018050541516
G2000590,Kansas,Franklin,1910,2420.0,20.0,1041.0,,0.008264462809917356,0.43016528925619835
G2000610,Kansas,Geary,1910,888.0,3.0,360.0,,0.0033783783783783786,0.40540540540540543
G2000630,Kansas,Gove,1910,1048.0,2.0,206.0,,0.0019083969465648854,0.1965648854961832
G2000650,Kansas,Graham,1910,1512.0,2.0,106.0,,0.0013227513227513227,0.0701058201058201
G2000670,Kansas,Grant,1910,256.0,1.0,90.0,,0.00390625,0.3515625
G2000690,Kansas,Gray,1910,574.0,3.0,220.0,,0.005226480836236934,0.3832752613240418
G2000710,Kansas,Greeley,1910,262.0,1.0,400.0,,0.003816793893129771,1.5267175572519085
G2000730,Kansas,Greenwood,1910,2262.0,13.0,886.0,,0.005747126436781609,0.3916887709991158
G2000750,Kansas,Hamilton,1910,659.0,3.0,110.0,,0.004552352048558422,0.1669195751138088
G2000770,Kansas,Harper,1910,1832.0,8.0,525.0,,0.004366812227074236,0.2865720524017467
G2000790,Kansas,Harvey,1910,1834.0,14.0,1187.0,,0.007633587786259542,0.6472191930207197
G2000810,Kansas,Haskell,1910,189.0,0.0,0.0,,0.0,0.0
G2000830,Kansas,Hodgeman,1910,543.0,1.0,40.0,,0.001841620626151013,0.07366482504604052
G2000850,Kansas,Jackson,1910,2478.0,6.0,192.0,,0.002421307506053269,0.0774818401937046
G2000870,Kansas,Jefferson,1910,2281.0,11.0,158.0,,0.004822446295484437,0.06926786497150372
G2000890,Kansas,Jewell,1910,3057.0,10.0,377.0,,0.0032711808963035655,0.12332351979064442
G2000910,Kansas,Johnson,1910,2283.0,11.0,349.0,,0.004818221638195357,0.15286903197547086
G2000930,Kansas,Kearny,1910,585.0,2.0,10.0,,0.003418803418803419,0.017094017094017096
G2000950,Kansas,Kingman,1910,1830.0,5.0,331.0,,0.00273224043715847,0.1808743169398907
G2000970,Kansas,Kiowa,1910,863.0,2.0,417.0,,0.002317497103128621,0.4831981460023175
G2000990,Kansas,Labette,1910,2621.0,32.0,1708.0,,0.012209080503624571,0.6516596718809614
G2001010,Kansas,Lane,1910,476.0,3.0,483.0,,0.0063025210084033615,1.0147058823529411
G2001030,Kansas,Leavenworth,1910,2221.0,172.0,4159.0,,0.07744259342638452,1.8725799189554255
G2001050,Kansas,Lincoln,1910,1576.0,1.0,25.0,,0.0006345177664974619,0.015862944162436547
G2001070,Kansas,Linn,1910,2366.0,18.0,500.0,,0.0076077768385460695,0.21132713440405748
G2001090,Kansas,Logan,1910,809.0,2.0,875.0,,0.002472187886279357,1.0815822002472189
G2001110,Kansas,Lyon,1910,2808.0,18.0,1542.0,,0.00641025641025641,0.5491452991452992
G2001130,Kansas,McPherson,1910,2748.0,8.0,471.0,,0.002911208151382824,0.17139737991266377
G2001150,Kansas,Marion,1910,2735.0,7.0,2342.0,,0.002559414990859232,0.8563071297989031
G2001170,Kansas,Marshall,1910,2992.0,9.0,362.0,,0.0030080213903743314,0.12098930481283422
G2001190,Kansas,Meade,1910,842.0,1.0,54.0,,0.0011876484560570072,0.06413301662707839
G2001210,Kansas,Miami,1910,2580.0,15.0,629.0,,0.005813953488372093,0.2437984496124031
G2001230,Kansas,Mitchell,1910,1911.0,2.0,80.0,,0.0010465724751439038,0.04186289900575615
G2001250,Kansas,Montgomery,1910,2563.0,24.0,659.0,,0.009364026531408505,0.2571205618415919
G2001270,Kansas,Morris,1910,1759.0,1.0,6.0,,0.0005685048322910744,0.0034110289937464467
G2001290,Kansas,Morton,1910,293.0,2.0,130.0,,0.006825938566552901,0.44368600682593856
G2001310,Kansas,Nemaha,1910,2678.0,12.0,802.0,,0.004480955937266617,0.2994772218073189
G2001330,Kansas,Neosho,1910,2298.0,49.0,2102.0,,0.02132288946910357,0.9147084421235857
G2001350,Kansas,Ness,1910,997.0,2.0,410.0,,0.0020060180541624875,0.4112337011033099
G2001370,Kansas,Norton,1910,1887.0,1.0,50.0,,0.0005299417064122947,0.026497085320614733
G2001390,Kansas,Osage,1910,2719.0,10.0,1351.0,,0.003677822728944465,0.4968738506803972
G2001410,Kansas,Osborne,1910,1917.0,2.0,1010.0,,0.0010432968179447052,0.5268648930620762
G2001430,Kansas,Ottawa,1910,1693.0,3.0,352.0,,0.0017720023626698169,0.20791494388659185
G2001450,Kansas,Pawnee,1910,1082.0,0.0,0.0,,0.0,0.0
G2001470,Kansas,Phillips,1910,2208.0,3.0,160.0,,0.001358695652173913,0.07246376811594203
G2001490,Kansas,Pottawatomie,1910,2319.0,7.0,571.0,,0.00301854247520483,0.24622682190599396
G2001510,Kansas,Pratt,1910,1301.0,5.0,678.0,,0.003843197540353574,0.5211375864719446
G2001530,Kansas,Rawlins,1910,1095.0,4.0,183.0,,0.0036529680365296802,0.16712328767123288
G2001550,Kansas,Reno,1910,3483.0,11.0,483.0,,0.003158196956646569,0.13867355727820843
G2001570,Kansas,Republic,1910,2694.0,7.0,879.0,,0.0025983667409057165,0.3262806236080178
G2001590,Kansas,Rice,1910,1804.0,10.0,547.0,,0.005543237250554324,0.3032150776053215
G2001610,Kansas,Riley,1910,1671.0,7.0,762.0,,0.004189108318372232,0.45601436265709155
G2001630,Kansas,Rooks,1910,1564.0,6.0,302.0,,0.0038363171355498722,0.19309462915601022
G2001650,Kansas,Rush,1910,1114.0,2.0,26.0,,0.0017953321364452424,0.02333931777378815
G2001670,Kansas,Russell,1910,1448.0,2.0,8.0,,0.0013812154696132596,0.0055248618784530384
G2001690,Kansas,Saline,1910,1856.0,5.0,40.0,,0.0026939655172413795,0.021551724137931036
G2001710,Kansas,Scott,1910,482.0,2.0,120.0,,0.004149377593360996,0.24896265560165975
G2001730,Kansas,Sedgwick,1910,3434.0,15.0,2399.0,,0.004368083867210251,0.6986022131624927
G2001750,Kansas,Seward,1910,565.0,1.0,105.0,,0.0017699115044247787,0.18584070796460178
G2001770,Kansas,Shawnee,1910,2484.0,11.0,1210.0,,0.004428341384863124,0.48711755233494364
G2001790,Kansas,Sheridan,1910,1009.0,7.0,652.0,,0.006937561942517344,0.6461843409316155
G2001810,Kansas,Sherman,1910,563.0,1.0,6.0,,0.0017761989342806395,0.010657193605683837
G2001830,Kansas,Smith,1910,2535.0,4.0,46.0,,0.0015779092702169625,0.01814595660749507
G2001850,Kansas,Stafford,1910,1567.0,2.0,105.0,,0.0012763241863433313,0.06700701978302488
G2001870,Kansas,Stanton,1910,263.0,0.0,0.0,,0.0,0.0
G2001890,Kansas,Stevens,1910,628.0,1.0,15.0,,0.0015923566878980893,0.02388535031847134
G2001910,Kansas,Sumner,1910,3503.0,18.0,1033.0,,0.005138452754781616,0.29489009420496715
G2001930,Kansas,Thomas,1910,874.0,2.0,725.0,,0.002288329519450801,0.8295194508009154
G2001950,Kansas,Trego,1910,891.0,0.0,0.0,,0.0,0.0
G2001970,Kansas,Wabaunsee,1910,1904.0,5.0,108.0,,0.0026260504201680674,0.05672268907563025
G2001990,Kansas,Wallace,1910,599.0,1.0,200.0,,0.001669449081803005,0.333889816360601
G2002010,Kansas,Washington,1910,3122.0,10.0,1940.0,,0.0032030749519538757,0.6213965406790519
G2002030,Kansas,Wichita,1910,346.0,1.0,150.0,,0.002890173410404624,0.43352601156069365
G2002050,Kansas,Wilson,1910,2024.0,16.0,414.0,,0.007905138339920948,0.20454545454545456
G2002070,Kansas,Woodson,1910,1288.0,30.0,1453.0,,0.023291925465838508,1.1281055900621118
G2002090,Kansas,Wyandotte,1910,1328.0,99.0,2377.0,,0.07454819277108433,1.7899096385542168
G2009995,Kansas,Indian Reservations [multi-reservation reporting area],1910,0.0,,,,,
G2100010,Kentucky,Adair,1910,2986.0,1689.0,31754.0,,0.5656396517079705,10.634293369055593
G2100030,Kentucky,Allen,1910,2825.0,915.0,11410.0,,0.3238938053097345,4.038938053097345
G2100050,Kentucky,Anderson,1910,1579.0,23.0,188.0,,0.014566181127295756,0.11906269791006967
G2100070,Kentucky,Ballard,1910,1983.0,44.0,535.0,,0.022188603126575897,0.2697932425617751
G2100090,Kentucky,Barren,1910,4493.0,2189.0,50649.0,,0.4872023147117739,11.272868907188961
G2100110,Kentucky,Bath,1910,2017.0,98.0,5939.0,,0.04858701041150223,2.9444719881011405
G2100130,Kentucky,Bell,1910,1349.0,66.0,860.0,,0.04892512972572276,0.6375092661230541
G2100150,Kentucky,Boone,1910,1540.0,131.0,3859.0,,0.08506493506493507,2.505844155844156
G2100170,Kentucky,Bourbon,1910,1396.0,36.0,1594.0,,0.025787965616045846,1.1418338108882522
G2100190,Kentucky,Boyd,1910,997.0,21.0,679.0,,0.02106318956870612,0.6810431293881645
G2100210,Kentucky,Boyle,1910,1135.0,44.0,1710.0,,0.038766519823788544,1.5066079295154184
G2100230,Kentucky,Bracken,1910,1899.0,77.0,1412.0,,0.040547656661400734,0.7435492364402317
G2100250,Kentucky,Breathitt,1910,2620.0,6.0,72.0,,0.0022900763358778627,0.02748091603053435
G2100270,Kentucky,Breckinridge,1910,3105.0,1780.0,54472.0,,0.573268921095008,17.54331723027375
G2100290,Kentucky,Bullitt,1910,1213.0,342.0,13489.0,,0.28194558944765047,11.120362737015663
G2100310,Kentucky,Butler,1910,2511.0,901.0,14616.0,,0.35882118677817604,5.82078853046595
G2100330,Kentucky,Caldwell,1910,2006.0,439.0,6655.0,,0.21884346959122633,3.3175473579262214
G2100350,Kentucky,Calloway,1910,3464.0,1211.0,9453.0,,0.3495958429561201,2.7289260969976907
G2100370,Kentucky,Campbell,1910,1567.0,94.0,3110.0,,0.05998723675813657,1.98468410976388
G2100390,Kentucky,Carlisle,1910,1372.0,9.0,36.0,,0.006559766763848397,0.026239067055393587
G2100410,Kentucky,Carroll,1910,1171.0,24.0,625.0,,0.02049530315969257,0.533731853116994
G2100430,Kentucky,Carter,1910,3261.0,332.0,3639.0,,0.10180926096289482,1.1159153633854646
G2100450,Kentucky,Casey,1910,2730.0,927.0,16566.0,,0.3395604395604396,6.068131868131868
G2100470,Kentucky,Christian,1910,3900.0,1580.0,56850.0,,0.40512820512820513,14.576923076923077
G2100490,Kentucky,Clark,1910,1516.0,63.0,2156.0,,0.04155672823218998,1.4221635883905013
G2100510,Kentucky,Clay,1910,2916.0,27.0,340.0,,0.009259259259259259,0.11659807956104253
G2100530,Kentucky,Clinton,1910,1445.0,746.0,18240.0,,0.5162629757785467,12.622837370242214
G2100550,Kentucky,Crittenden,1910,2170.0,380.0,3490.0,,0.17511520737327188,1.608294930875576
G2100570,Kentucky,Cumberland,1910,1542.0,168.0,2032.0,,0.10894941634241245,1.317769130998703
G2100590,Kentucky,Daviess,1910,3707.0,1262.0,19116.0,,0.34043701106015645,5.156730509846237
G2100610,Kentucky,Edmonson,1910,1892.0,739.0,11175.0,,0.3905919661733615,5.906448202959831
G2100630,Kentucky,Elliott,1910,1619.0,15.0,162.0,,0.00926497838171711,0.10006176652254478
G2100650,Kentucky,Estill,1910,1881.0,32.0,376.0,,0.01701222753854333,0.1998936735778841
G2100670,Kentucky,Fayette,1910,1405.0,19.0,2534.0,,0.013523131672597865,1.8035587188612099
G2100690,Kentucky,Fleming,1910,2933.0,655.0,18292.0,,0.22332083191271734,6.236617797476986
G2100710,Kentucky,Floyd,1910,2921.0,8.0,150.0,,0.0027387880862718246,0.05135227661759671
G2100730,Kentucky,Franklin,1910,1711.0,24.0,949.0,,0.014026884862653419,0.554646405610754
G2100750,Kentucky,Fulton,1910,1185.0,9.0,154.0,,0.007594936708860759,0.12995780590717299
G2100770,Kentucky,Gallatin,1910,777.0,11.0,335.0,,0.014157014157014158,0.43114543114543114
G2100790,Kentucky,Garrard,1910,1852.0,37.0,1281.0,,0.01997840172786177,0.6916846652267818
G2100810,Kentucky,Grant,1910,1920.0,39.0,2440.0,,0.0203125,1.2708333333333333
G2100830,Kentucky,Graves,1910,5162.0,701.0,5492.0,,0.13580007748934522,1.0639287098024022
G2100850,Kentucky,Grayson,1910,3178.0,2049.0,54971.0,,0.644745122718691,17.297356828193834
G2100870,Kentucky,Green,1910,2210.0,1176.0,19726.0,,0.5321266968325792,8.92579185520362
G2100890,Kentucky,Greenup,1910,2364.0,170.0,2198.0,,0.07191201353637902,0.9297800338409475
G2100910,Kentucky,Hancock,1910,1483.0,721.0,8007.0,,0.4861766689143628,5.399190829399865
G2100930,Kentucky,Hardin,1910,3293.0,1399.0,47017.0,,0.42484057090798666,14.277862131794716
G2100950,Kentucky,Harlan,1910,1593.0,21.0,184.0,,0.013182674199623353,0.1155053358443189
G2100970,Kentucky,Harrison,1910,2607.0,14.0,984.0,,0.005370157268891446,0.37744533947065595
G2100990,Kentucky,Hart,1910,3028.0,1641.0,16454.0,,0.5419418758256275,5.433949801849406
G2101010,Kentucky,Henderson,1910,2734.0,482.0,6725.0,,0.17629846378931968,2.459765910753475
G2101030,Kentucky,Henry,1910,2329.0,173.0,5057.0,,0.0742808072133963,2.171318162301417
G2101050,Kentucky,Hickman,1910,1511.0,4.0,18.0,,0.0026472534745201853,0.011912640635340834
G2101070,Kentucky,Hopkins,1910,3292.0,1219.0,23693.0,,0.37029161603888217,7.197144592952612
G2101090,Kentucky,Jackson,1910,1944.0,200.0,3510.0,,0.102880658436214,1.8055555555555556
G2101110,Kentucky,Jefferson,1910,3093.0,1671.0,148582.0,,0.5402521823472357,48.03815066278694
G2101130,Kentucky,Jessamine,1910,1285.0,15.0,820.0,,0.011673151750972763,0.6381322957198443
G2101150,Kentucky,Johnson,1910,2416.0,12.0,136.0,,0.004966887417218543,0.056291390728476824
G2101170,Kentucky,Kenton,1910,1302.0,127.0,4040.0,,0.09754224270353302,3.1029185867895546
G2101190,Kentucky,Knott,1910,1771.0,1.0,10.0,,0.000564652738565782,0.00564652738565782
G2101210,Kentucky,Knox,1910,2771.0,312.0,4231.0,,0.11259473114399134,1.5268856008661134
G2101230,Kentucky,Larue,1910,1550.0,865.0,29374.0,,0.5580645161290323,18.950967741935482
G2101250,Kentucky,Laurel,1910,2780.0,982.0,12778.0,,0.3532374100719424,4.596402877697842
G2101270,Kentucky,Lawrence,1910,3036.0,17.0,343.0,,0.005599472990777339,0.1129776021080369
G2101290,Kentucky,Lee,1910,1228.0,17.0,136.0,,0.013843648208469055,0.11074918566775244
G2101310,Kentucky,Leslie,1910,1343.0,1.0,5.0,,0.0007446016381236039,0.0037230081906180195
G2101330,Kentucky,Letcher,1910,1596.0,2.0,23.0,,0.0012531328320802004,0.014411027568922305
G2101350,Kentucky,Lewis,1910,2852.0,1168.0,25747.0,,0.40953716690042075,9.027699859747546
G2101370,Kentucky,Lincoln,1910,2510.0,771.0,20136.0,,0.3071713147410359,8.02231075697211
G2101390,Kentucky,Livingston,1910,1713.0,77.0,1386.0,,0.04495037945125511,0.809106830122592
G2101410,Kentucky,Logan,1910,3772.0,1670.0,49219.0,,0.4427359490986214,13.048515376458113
G2101430,Kentucky,Lyon,1910,1275.0,279.0,3721.0,,0.2188235294117647,2.9184313725490196
G2101450,Kentucky,McCracken,1910,1923.0,101.0,3219.0,,0.05252210088403536,1.673946957878315
G2101490,Kentucky,McLean,1910,1664.0,728.0,15289.0,,0.4375,9.188100961538462
G2101510,Kentucky,Madison,1910,3770.0,243.0,5805.0,,0.06445623342175066,1.539787798408488
G2101530,Kentucky,Magoffin,1910,2184.0,7.0,55.0,,0.003205128205128205,0.025183150183150184
G2101550,Kentucky,Marion,1910,1858.0,206.0,6863.0,,0.1108719052744887,3.693756727664155
G2101570,Kentucky,Marshall,1910,2877.0,761.0,9977.0,,0.2645116440736879,3.467848453249913
G2101590,Kentucky,Martin,1910,1051.0,1.0,2.0,,0.0009514747859181732,0.0019029495718363464
G2101610,Kentucky,Mason,1910,1685.0,114.0,3392.0,,0.06765578635014836,2.0130563798219585
G2101630,Kentucky,Meade,1910,1531.0,668.0,18035.0,,0.4363161332462443,11.779882429784454
G2101650,Kentucky,Menifee,1910,1084.0,40.0,520.0,,0.03690036900369004,0.4797047970479705
G2101670,Kentucky,Mercer,1910,1714.0,13.0,232.0,,0.007584597432905484,0.1353558926487748
G2101690,Kentucky,Metcalfe,1910,2086.0,1203.0,20132.0,,0.5767018216682647,9.651006711409396
G2101710,Kentucky,Monroe,1910,2372.0,945.0,14347.0,,0.39839797639123103,6.048482293423271
G2101730,Kentucky,Montgomery,1910,1369.0,107.0,2803.0,,0.07815924032140248,2.047479912344777
G2101750,Kentucky,Morgan,1910,2569.0,19.0,251.0,,0.007395873880887505,0.0977033865317244
G2101770,Kentucky,Muhlenberg,1910,2851.0,851.0,12520.0,,0.29849175727814803,4.391441599438793
G2101790,Kentucky,Nelson,1910,1752.0,210.0,8967.0,,0.11986301369863013,5.118150684931507
G2101810,Kentucky,Nicholas,1910,1804.0,14.0,408.0,,0.007760532150776054,0.2261640798226164
G2101830,Kentucky,Ohio,1910,4033.0,1658.0,24497.0,,0.4111083560624845,6.0741383585420285
G2101850,Kentucky,Oldham,1910,873.0,404.0,23270.0,,0.4627720504009164,26.655211912943873
G2101870,Kentucky,Owen,1910,2809.0,38.0,2194.0,,0.013527945888216448,0.781060875756497
G2101890,Kentucky,Owsley,1910,1408.0,15.0,63.0,,0.01065340909090909,0.044744318181818184
G2101910,Kentucky,Pendleton,1910,2252.0,19.0,395.0,,0.008436944937833037,0.17539964476021314
G2101930,Kentucky,Perry,1910,1716.0,4.0,22.0,,0.002331002331002331,0.01282051282051282
G2101950,Kentucky,Pike,1910,4583.0,18.0,427.0,,0.0039275583678813,0.09317041239362862
G2101970,Kentucky,Powell,1910,998.0,3.0,106.0,,0.003006012024048096,0.1062124248496994
G2101990,Kentucky,Pulaski,1910,5034.0,2331.0,42393.0,,0.46305125148986886,8.421334922526817
G2102010,Kentucky,Robertson,1910,862.0,1.0,12.0,,0.001160092807424594,0.013921113689095127
G2102030,Kentucky,Rockcastle,1910,2160.0,795.0,16560.0,,0.3680555555555556,7.666666666666667
G2102050,Kentucky,Rowan,1910,1179.0,194.0,3125.0,,0.1645462256149279,2.6505513146734523
G2102070,Kentucky,Russell,1910,2009.0,1216.0,24724.0,,0.605276256844201,12.306620209059233
G2102090,Kentucky,Scott,1910,1914.0,77.0,2910.0,,0.040229885057471264,1.5203761755485894
G2102110,Kentucky,Shelby,1910,2301.0,283.0,10296.0,,0.12299000434593654,4.47457627118644
G2102130,Kentucky,Simpson,1910,1600.0,892.0,34308.0,,0.5575,21.4425
G2102150,Kentucky,Spencer,1910,1348.0,17.0,361.0,,0.012611275964391691,0.2678041543026706
G2102170,Kentucky,Taylor,1910,1785.0,1176.0,30251.0,,0.6588235294117647,16.94733893557423
G2102190,Kentucky,Todd,1910,2487.0,1219.0,36028.0,,0.49014877362283876,14.486529955770004
G2102210,Kentucky,Trigg,1910,2229.0,567.0,9274.0,,0.2543741588156124,4.160610139075819
G2102230,Kentucky,Trimble,1910,1297.0,497.0,17252.0,,0.38319198149575945,13.301464919043948
G2102250,Kentucky,Union,1910,1840.0,145.0,5061.0,,0.07880434782608696,2.7505434782608695
G2102270,Kentucky,Warren,1910,3448.0,1388.0,30684.0,,0.4025522041763341,8.899071925754061
G2102290,Kentucky,Washington,1910,2133.0,11.0,152.0,,0.005157055789967183,0.07126113455227379
G2102310,Kentucky,Wayne,1910,2670.0,837.0,27638.0,,0.31348314606741573,10.35131086142322
G2102330,Kentucky,Webster,1910,2459.0,851.0,8581.0,,0.34607564050427003,3.4896299308662058
G2102350,Kentucky,Whitley,1910,3430.0,682.0,6894.0,,0.1988338192419825,2.0099125364431485
G2102370,Kentucky,Wolfe,1910,1519.0,34.0,1194.0,,0.02238314680710994,0.7860434496379197
G2102390,Kentucky,Woodford,1910,1133.0,11.0,1114.0,,0.009708737864077669,0.9832303618711385
G2200010,Louisiana,Acadia,1910,3222.0,489.0,18338.0,,0.15176908752327747,5.691495965238982
G2200050,Louisiana,Ascension,1910,1170.0,38.0,47966.0,,0.03247863247863248,40.9965811965812
G2200070,Louisiana,Assumption,1910,448.0,301.0,140554.0,,0.671875,313.73660714285717
G2200090,Louisiana,Avoyelles,1910,4604.0,258.0,16187.0,,0.05603822762814944,3.515855777584709
G2200130,Louisiana,Bienville,1910,2973.0,935.0,28733.0,,0.3144971409350824,9.664648503195426
G2200150,Louisiana,Bossier,1910,3373.0,181.0,9605.0,,0.05366142899495998,2.8476134005336498
G2200170,Louisiana,Caddo,1910,4872.0,257.0,11705.0,,0.0527504105090312,2.402504105090312
G2200190,Louisiana,Calcasieu,1910,3199.0,1379.0,90282.0,,0.4310722100656455,28.221944357611754
G2200210,Louisiana,Caldwell,1910,956.0,114.0,2867.0,,0.1192468619246862,2.9989539748953975
G2200230,Louisiana,Cameron,1910,597.0,55.0,2598.0,,0.09212730318257957,4.351758793969849
G2200250,Louisiana,Catahoula,1910,1450.0,61.0,945.0,,0.04206896551724138,0.6517241379310345
G2200270,Louisiana,Claiborne,1910,3943.0,1143.0,41772.0,,0.2898808014202384,10.593963986812073
G2200290,Louisiana,Concordia,1910,1358.0,12.0,1282.0,,0.008836524300441826,0.9440353460972017
G2200310,Louisiana,De Soto,1910,4495.0,853.0,26264.0,,0.18976640711902112,5.84293659621802
G2200330,Louisiana,East Baton Rouge,1910,2137.0,259.0,17406.0,,0.12119794103883949,8.14506317267197
G2200350,Louisiana,East Carroll,1910,1851.0,7.0,2265.0,,0.0037817396002160996,1.2236628849270665
G2200370,Louisiana,East Feliciana,1910,2379.0,966.0,52798.0,,0.4060529634300126,22.193358554014292
G2200410,Louisiana,Franklin,1910,1881.0,11.0,360.0,,0.005847953216374269,0.19138755980861244
G2200430,Louisiana,Grant,1910,1468.0,164.0,4395.0,,0.11171662125340599,2.9938692098092643
G2200450,Louisiana,Iberia,1910,1704.0,375.0,34477.0,,0.22007042253521128,20.232981220657276
G2200470,Louisiana,Iberville,1910,609.0,62.0,75876.0,,0.10180623973727422,124.5911330049261
G2200490,Louisiana,Jackson,1910,1685.0,384.0,8857.0,,0.22789317507418397,5.256379821958457
G2200510,Louisiana,Jefferson,1910,364.0,119.0,14269.0,,0.3269230769230769,39.20054945054945
G2200550,Louisiana,Lafayette,1910,3216.0,238.0,12492.0,,0.0740049751243781,3.8843283582089554
G2200570,Louisiana,Lafourche,1910,1230.0,360.0,197967.0,,0.2926829268292683,160.94878048780487
G2200590,Louisiana,La Salle,1910,700.0,103.0,1568.0,,0.14714285714285713,2.24
G2200610,Louisiana,Lincoln,1910,2374.0,483.0,16056.0,,0.2034540859309183,6.763268744734625
G2200630,Louisiana,Livingston,1910,1142.0,539.0,14899.0,,0.47197898423817863,13.046409807355516
G2200650,Louisiana,Madison,1910,1783.0,14.0,3385.0,,0.007851934941110488,1.8984856982613572
G2200670,Louisiana,Morehouse,1910,3059.0,42.0,4418.0,,0.013729977116704805,1.4442628309905199
G2200690,Louisiana,Natchitoches,1910,4917.0,186.0,2753.0,,0.037827943868212324,0.5598942444580028
G2200710,Louisiana,Orleans,1910,433.0,106.0,18041.0,,0.24480369515011546,41.66512702078522
G2200730,Louisiana,Ouachita,1910,2174.0,243.0,28313.0,,0.11177552897884084,13.023459061637535
G2200750,Louisiana,Plaquemines,1910,623.0,287.0,75068.0,,0.4606741573033708,120.49438202247191
G2200770,Louisiana,Pointe Coupee,1910,2697.0,365.0,12690.0,,0.1353355580274379,4.705228031145717
G2200790,Louisiana,Rapides,1910,2874.0,351.0,19789.0,,0.12212943632567849,6.885525400139179
G2200810,Louisiana,Red River,1910,1830.0,421.0,10853.0,,0.23005464480874316,5.9306010928961745
G2200830,Louisiana,Richland,1910,2403.0,45.0,1958.0,,0.018726591760299626,0.8148148148148148
G2200850,Louisiana,Sabine,1910,2559.0,549.0,14001.0,,0.21453692848769051,5.471277842907385
G2200870,Louisiana,St Bernard,1910,143.0,87.0,8845.0,,0.6083916083916084,61.85314685314685
G2200890,Louisiana,St Charles,1910,284.0,50.0,23331.0,,0.176056338028169,82.15140845070422
G2200910,Louisiana,St Helena,1910,1239.0,735.0,27018.0,,0.5932203389830508,21.80629539951574
G2200930,Louisiana,St James,1910,355.0,150.0,102515.0,,0.4225352112676056,288.77464788732397
G2200950,Louisiana,St John The Baptist,1910,206.0,112.0,55014.0,,0.5436893203883495,267.05825242718447
G2200970,Louisiana,St Landry,1910,8661.0,1264.0,25626.0,,0.14594157718508255,2.958780741253897
G2200990,Louisiana,St Martin,1910,2239.0,238.0,10255.0,,0.1062974542206342,4.5801697186243855
G2201010,Louisiana,St Mary,1910,680.0,218.0,167922.0,,0.3205882352941177,246.94411764705882
G2201030,Louisiana,St Tammany,1910,626.0,382.0,11721.0,,0.610223642172524,18.723642172523963
G2201050,Louisiana,Tangipahoa,1910,2094.0,1519.0,77258.0,,0.7254059216809933,36.89493791786055
G2201070,Louisiana,Tensas,1910,2897.0,14.0,1811.0,,0.004832585433206766,0.6251294442526751
G2201090,Louisiana,Terrebonne,1910,549.0,236.0,203928.0,,0.42987249544626593,371.4535519125683
G2201110,Louisiana,Union,1910,2891.0,890.0,32429.0,,0.30785195434105844,11.217225873400208
G2201130,Louisiana,Vermilion,1910,2892.0,163.0,7128.0,,0.05636237897648686,2.4647302904564317
G2201150,Louisiana,Vernon,1910,1265.0,600.0,16310.0,,0.4743083003952569,12.893280632411066
G2201170,Louisiana,Washington,1910,1715.0,1314.0,59710.0,,0.7661807580174927,34.816326530612244
G2201190,Louisiana,Webster,1910,2268.0,883.0,30325.0,,0.38932980599647266,13.370811287477954
G2201210,Louisiana,West Baton Rouge,1910,565.0,84.0,46812.0,,0.1486725663716814,82.85309734513274
G2201230,Louisiana,West Carroll,1910,979.0,3.0,52.0,,0.0030643513789581204,0.05311542390194075
G2201250,Louisiana,West Feliciana,1910,1554.0,13.0,2763.0,,0.008365508365508366,1.777992277992278
G2201270,Louisiana,Winn,1910,1692.0,401.0,10094.0,,0.23699763593380616,5.965721040189125
G2300010,Maine,Androscoggin,1910,2979.0,1953.0,97347.0,,0.6555891238670695,32.67774420946626
G2300030,Maine,Aroostook,1910,7289.0,5849.0,1844568.0,,0.802442035944574,253.0618740567979
G2300050,Maine,Cumberland,1910,5131.0,3211.0,142470.0,,0.6258039368544144,27.766517248099785
G2300070,Maine,Franklin,1910,2275.0,1626.0,64652.0,,0.7147252747252747,28.41846153846154
G2300090,Maine,Hancock,1910,3382.0,1784.0,71275.0,,0.527498521584861,21.074807806031934
G2300110,Maine,Kennebec,1910,5062.0,3482.0,236029.0,,0.6878704069537732,46.62761754247333
G2300130,Maine,Knox,1910,2169.0,1123.0,41880.0,,0.5177501152604888,19.308437067773166
G2300150,Maine,Lincoln,1910,2679.0,1276.0,43356.0,,0.47629712579320643,16.183650615901456
G2300170,Maine,Oxford,1910,3874.0,2603.0,96408.0,,0.6719153329891585,24.885906040268456
G2300190,Maine,Penobscot,1910,6514.0,4602.0,527314.0,,0.7064783543137857,80.95087503837888
G2300210,Maine,Piscataquis,1910,1913.0,1473.0,173369.0,,0.7699947726084684,90.62676424464192
G2300230,Maine,Sagadahoc,1910,1238.0,689.0,55629.0,,0.5565428109854604,44.9345718901454
G2300250,Maine,Somerset,1910,4184.0,3173.0,264539.0,,0.7583652007648184,63.22633843212237
G2300270,Maine,Waldo,1910,3607.0,2402.0,224707.0,,0.665927363459939,62.29747712780704
G2300290,Maine,Washington,1910,2918.0,1927.0,103396.0,,0.6603838245373543,35.43385880740233
G2300310,Maine,York,1910,4802.0,2774.0,82540.0,,0.5776759683465222,17.188671386922117
G2400010,Maryland,Allegany,1910,1023.0,453.0,14740.0,,0.44281524926686217,14.408602150537634
G2400030,Maryland,Anne Arundel,1910,2038.0,1296.0,261270.0,,0.6359175662414132,128.19921491658488
G2400050,Maryland,Baltimore,1910,4178.0,3318.0,382229.0,,0.794159885112494,91.48611775969363
G2400090,Maryland,Calvert,1910,1080.0,619.0,20588.0,,0.5731481481481482,19.062962962962963
G2400110,Maryland,Caroline,1910,2126.0,1691.0,157466.0,,0.7953904045155221,74.06679209783631
G2400130,Maryland,Carroll,1910,3484.0,3210.0,206110.0,,0.9213547646383468,59.159012629161886
G2400150,Maryland,Cecil,1910,1717.0,1381.0,174538.0,,0.8043098427489808,101.65288293535235
G2400170,Maryland,Charles,1910,1623.0,1062.0,52195.0,,0.6543438077634011,32.15958102279729
G2400190,Maryland,Dorchester,1910,2214.0,1754.0,140305.0,,0.7922312556458898,63.371725383920506
G2400210,Maryland,Frederick,1910,3804.0,3125.0,197226.0,,0.8215036803364879,51.84700315457413
G2400230,Maryland,Garrett,1910,2076.0,1017.0,36958.0,,0.48988439306358383,17.802504816955683
G2400250,Maryland,Harford,1910,2512.0,2176.0,290604.0,,0.8662420382165605,115.68630573248407
G2400270,Maryland,Howard,1910,1385.0,1010.0,126742.0,,0.7292418772563177,91.51046931407942
G2400290,Maryland,Kent,1910,1093.0,938.0,152076.0,,0.8581884720951509,139.1363220494053
G2400310,Maryland,Montgomery,1910,2442.0,1781.0,221306.0,,0.7293202293202293,90.62489762489763
G2400330,Maryland,Prince Georges,1910,2288.0,1311.0,103752.0,,0.5729895104895105,45.34615384615385
G2400350,Maryland,Queen Anne's,1910,1421.0,1184.0,148293.0,,0.8332160450387052,104.35819845179451
G2400370,Maryland,St Mary's,1910,1625.0,1212.0,70022.0,,0.7458461538461538,43.09046153846154
G2400390,Maryland,Somerset,1910,1986.0,1397.0,95434.0,,0.703423967774421,48.05337361530715
G2400410,Maryland,Talbot,1910,1297.0,1100.0,107249.0,,0.8481110254433307,82.69005397070161
G2400430,Maryland,Washington,1910,2466.0,1924.0,126773.0,,0.7802108678021087,51.408353609083534
G2400450,Maryland,Wicomico,1910,2678.0,2216.0,155472.0,,0.8274831964152353,58.05526512322629
G2400470,Maryland,Worcester,1910,2344.0,1971.0,145748.0,,0.8408703071672355,62.17918088737201
G2405100,Maryland,Baltimore City,1910,23.0,8.0,538.0,,0.34782608695652173,23.391304347826086
G2500010,Massachusetts,Barnstable,1910,864.0,410.0,21620.0,,0.47453703703703703,25.02314814814815
G2500030,Massachusetts,Berkshire,1910,2947.0,1495.0,85687.0,,0.507295554801493,29.07600950118765
G2500050,Massachusetts,Bristol,1910,3637.0,2000.0,176148.0,,0.5499037668408029,48.43222436073687
G2500070,Massachusetts,Dukes,1910,136.0,75.0,5269.0,,0.5514705882352942,38.74264705882353
G2500090,Massachusetts,Essex,1910,2883.0,1741.0,169194.0,,0.6038848421782865,58.68678459937565
G2500110,Massachusetts,Franklin,1910,3113.0,2125.0,196094.0,,0.6826212656601349,62.99196916158047
G2500130,Massachusetts,Hampden,1910,2779.0,1636.0,154343.0,,0.5887009715725081,55.53904282115869
G2500150,Massachusetts,Hampshire,1910,2917.0,2105.0,312127.0,,0.7216318135070278,107.00274254370929
G2500170,Massachusetts,Middlesex,1910,5346.0,3166.0,394202.0,,0.59221848110737,73.73774784885896
G2500190,Massachusetts,Nantucket,1910,24.0,18.0,1289.0,,0.75,53.708333333333336
G2500210,Massachusetts,Norfolk,1910,2203.0,1118.0,93505.0,,0.507489786654562,42.444394008170676
G2500230,Massachusetts,Plymouth,1910,2512.0,1480.0,93614.0,,0.589171974522293,37.26671974522293
G2500250,Massachusetts,Suffolk,1910,92.0,57.0,16669.0,,0.6195652173913043,181.18478260869566
G2500270,Massachusetts,Worcester,1910,7464.0,4263.0,245921.0,,0.5711414790996785,32.94761521972133
G2600010,Michigan,Alcona,1910,884.0,2.0,16.0,,0.0022624434389140274,0.01809954751131222
G2600030,Michigan,Alger,1910,278.0,7.0,934.0,,0.025179856115107913,3.3597122302158273
G2600050,Michigan,Allegan,1910,6217.0,715.0,27468.0,,0.11500723821778994,4.418208138973782
G2600070,Michigan,Alpena,1910,1326.0,17.0,864.0,,0.01282051282051282,0.6515837104072398
G2600090,Michigan,Antrim,1910,1641.0,92.0,2177.0,,0.056063375990249846,1.3266301035953687
G2600110,Michigan,Arenac,1910,1440.0,9.0,164.0,,0.00625,0.11388888888888889
G2600130,Michigan,Baraga,1910,412.0,45.0,1473.0,,0.10922330097087378,3.575242718446602
G2600150,Michigan,Barry,1910,3428.0,89.0,2175.0,,0.025962660443407233,0.6344807467911319
G2600170,Michigan,Bay,1910,3233.0,577.0,21192.0,,0.1784720074234457,6.5549025672749766
G2600190,Michigan,Benzie,1910,1245.0,44.0,2039.0,,0.035341365461847386,1.6377510040160643
G2600210,Michigan,Berrien,1910,5252.0,927.0,34856.0,,0.17650418888042652,6.636709824828637
G2600230,Michigan,Branch,1910,3378.0,269.0,6061.0,,0.07963291888691533,1.7942569567791593
G2600250,Michigan,Calhoun,1910,3761.0,97.0,3084.0,,0.02579101302844988,0.819994682265355
G2600270,Michigan,Cass,1910,2556.0,112.0,3678.0,,0.04381846635367762,1.4389671361502347
G2600290,Michigan,Charlevoix,1910,1460.0,159.0,3501.0,,0.10890410958904109,2.397945205479452
G2600310,Michigan,Cheboygan,1910,1499.0,33.0,622.0,,0.022014676450967312,0.4149432955303536
G2600330,Michigan,Chippewa,1910,1399.0,21.0,602.0,,0.01501072194424589,0.4303073624017155
G2600350,Michigan,Clare,1910,1302.0,19.0,498.0,,0.014592933947772658,0.3824884792626728
G2600370,Michigan,Clinton,1910,3497.0,204.0,5096.0,,0.058335716328281384,1.4572490706319703
G2600390,Michigan,Crawford,1910,248.0,4.0,271.0,,0.016129032258064516,1.092741935483871
G2600410,Michigan,Delta,1910,1128.0,12.0,374.0,,0.010638297872340425,0.33156028368794327
G2600430,Michigan,Dickinson,1910,235.0,1.0,50.0,,0.00425531914893617,0.2127659574468085
G2600450,Michigan,Eaton,1910,3902.0,589.0,14580.0,,0.15094823167606355,3.7365453613531523
G2600470,Michigan,Emmet,1910,1457.0,119.0,2788.0,,0.08167467398764584,1.9135209334248455
G2600490,Michigan,Genesee,1910,3896.0,1429.0,40613.0,,0.3667864476386037,10.424281314168377
G2600510,Michigan,Gladwin,1910,1395.0,11.0,237.0,,0.007885304659498209,0.16989247311827957
G2600530,Michigan,Gogebic,1910,257.0,26.0,1382.0,,0.10116731517509728,5.377431906614786
G2600550,Michigan,Grand Traverse,1910,2031.0,91.0,2401.0,,0.0448055145248646,1.1821762678483505
G2600570,Michigan,Gratiot,1910,4205.0,812.0,18533.0,,0.19310344827586207,4.407372175980975
G2600590,Michigan,Hillsdale,1910,4298.0,759.0,18332.0,,0.17659376454164727,4.265239646347138
G2600610,Michigan,Houghton,1910,1033.0,48.0,1961.0,,0.046466602129719266,1.898354307841239
G2600630,Michigan,Huron,1910,4728.0,1278.0,32679.0,,0.2703045685279188,6.911802030456853
G2600650,Michigan,Ingham,1910,3508.0,275.0,11564.0,,0.07839224629418472,3.2964652223489166
G2600670,Michigan,Ionia,1910,3602.0,399.0,13690.0,,0.1107717934480844,3.8006662965019435
G2600690,Michigan,Iosco,1910,958.0,19.0,196.0,,0.019832985386221295,0.2045929018789144
G2600710,Michigan,Iron,1910,381.0,1.0,5.0,,0.0026246719160104987,0.013123359580052493
G2600730,Michigan,Isabella,1910,3456.0,252.0,5427.0,,0.07291666666666667,1.5703125
G2600750,Michigan,Jackson,1910,3736.0,151.0,4657.0,,0.040417558886509636,1.2465203426124196
G2600770,Michigan,Kalamazoo,1910,3372.0,275.0,11890.0,,0.08155397390272835,3.526097271648873
G2600790,Michigan,Kalkaska,1910,842.0,27.0,570.0,,0.032066508313539195,0.6769596199524941
G2600810,Michigan,Kent,1910,6276.0,392.0,25420.0,,0.06246016571064372,4.050350541746336
G2600830,Michigan,Keweenaw,1910,36.0,0.0,0.0,,0.0,0.0
G2600850,Michigan,Lake,1910,732.0,33.0,701.0,,0.045081967213114756,0.9576502732240437
G2600870,Michigan,Lapeer,1910,3808.0,1044.0,30848.0,,0.27415966386554624,8.100840336134453
G2600890,Michigan,Leelanau,1910,1444.0,156.0,3106.0,,0.10803324099722991,2.1509695290858724
G2600910,Michigan,Lenawee,1910,5334.0,1368.0,42808.0,,0.25646794150731156,8.025496812898387
G2600930,Michigan,Livingston,1910,2775.0,76.0,2823.0,,0.02738738738738739,1.0172972972972973
G2600950,Michigan,Luce,1910,195.0,3.0,385.0,,0.015384615384615385,1.9743589743589745
G2600970,Michigan,Mackinac,1910,490.0,8.0,259.0,,0.0163265306122449,0.5285714285714286
G2600990,Michigan,Macomb,1910,3764.0,2330.0,75663.0,,0.6190223166843783,20.10175345377258
G2601010,Michigan,Manistee,1910,1648.0,75.0,2437.0,,0.04550970873786408,1.4787621359223302
G2601030,Michigan,Marquette,1910,661.0,41.0,2380.0,,0.06202723146747353,3.600605143721634
G2601050,Michigan,Mason,1910,2124.0,89.0,2489.0,,0.04190207156308851,1.1718455743879472
G2601070,Michigan,Mecosta,1910,2823.0,63.0,1753.0,,0.022316684378320937,0.6209705986539142
G2601090,Michigan,Menominee,1910,1677.0,82.0,1937.0,,0.04889683959451401,1.1550387596899225
G2601110,Michigan,Midland,1910,2246.0,120.0,2795.0,,0.053428317008014245,1.2444345503116652
G2601130,Michigan,Missaukee,1910,1439.0,28.0,393.0,,0.019457956914523976,0.2731063238359972
G2601150,Michigan,Monroe,1910,4321.0,2256.0,63516.0,,0.5221013654246702,14.699375144642444
G2601170,Michigan,Montcalm,1910,4678.0,262.0,8519.0,,0.056006840530141086,1.821077383497221
G2601190,Michigan,Montmorency,1910,466.0,2.0,35.0,,0.004291845493562232,0.07510729613733906
G2601210,Michigan,Muskegon,1910,2373.0,332.0,11407.0,,0.13990729034976823,4.806995364517489
G2601230,Michigan,Newaygo,1910,3130.0,73.0,1952.0,,0.023322683706070286,0.6236421725239617
G2601250,Michigan,Oakland,1910,4993.0,1047.0,47778.0,,0.20969357099939917,9.568996595233326
G2601270,Michigan,Oceana,1910,2806.0,238.0,8684.0,,0.08481824661439771,3.0947968638631504
G2601290,Michigan,Ogemaw,1910,1283.0,7.0,89.0,,0.005455962587685113,0.06936866718628215
G2601310,Michigan,Ontonagon,1910,371.0,8.0,205.0,,0.0215633423180593,0.5525606469002695
G2601330,Michigan,Osceola,1910,2574.0,106.0,1715.0,,0.041181041181041184,0.6662781662781663
G2601350,Michigan,Oscoda,1910,344.0,2.0,116.0,,0.005813953488372093,0.3372093023255814
G2601370,Michigan,Otsego,1910,551.0,10.0,130.0,,0.018148820326678767,0.23593466424682397
G2601390,Michigan,Ottawa,1910,4603.0,992.0,33963.0,,0.21551162285466,7.378448837714534
G2601410,Michigan,Presque Isle,1910,1086.0,26.0,918.0,,0.02394106813996317,0.8453038674033149
G2601430,Michigan,Roscommon,1910,249.0,3.0,190.0,,0.012048192771084338,0.7630522088353414
G2601450,Michigan,Saginaw,1910,5370.0,710.0,14154.0,,0.13221601489757914,2.635754189944134
G2601470,Michigan,St Clair,1910,4527.0,2035.0,52155.0,,0.4495250717914734,11.520874751491053
G2601490,Michigan,St Joseph,1910,2623.0,103.0,5271.0,,0.03926801372474266,2.0095310712924133
G2601510,Michigan,Sanilac,1910,5659.0,1606.0,32599.0,,0.28379572362608235,5.7605584025446195
G2601530,Michigan,Schoolcraft,1910,441.0,22.0,521.0,,0.049886621315192746,1.18140589569161
G2601550,Michigan,Shiawassee,1910,3577.0,404.0,12900.0,,0.11294380766005033,3.606374056471904
G2601570,Michigan,Tuscola,1910,5244.0,1477.0,35867.0,,0.2816552250190694,6.839626239511823
G2601590,Michigan,Van Buren,1910,4952.0,373.0,13720.0,,0.07532310177705977,2.7705977382875604
G2601610,Michigan,Washtenaw,1910,3837.0,698.0,24421.0,,0.18191295282772998,6.364607766484233
G2601630,Michigan,Wayne,1910,4775.0,2561.0,78834.0,,0.5363350785340314,16.509738219895286
G2601650,Michigan,Wexford,1910,1779.0,50.0,798.0,,0.028105677346824058,0.448566610455312
G2700010,Minnesota,Aitkin,1910,1348.0,5.0,172.0,,0.00370919881305638,0.12759643916913946
G2700030,Minnesota,Anoka,1910,1445.0,19.0,795.0,,0.01314878892733564,0.5501730103806228
G2700050,Minnesota,Becker,1910,2074.0,7.0,133.0,,0.0033751205400192863,0.06412729026036644
G2700070,Minnesota,Beltrami,1910,1577.0,12.0,981.0,,0.007609384908053266,0.6220672162333545
G2700090,Minnesota,Benton,1910,1279.0,0.0,0.0,,0.0,0.0
G2700110,Minnesota,Big Stone,1910,961.0,1.0,25.0,,0.001040582726326743,0.026014568158168574
G2700130,Minnesota,Blue Earth,1910,2941.0,9.0,907.0,,0.003060183611016661,0.3083985039102346
G2700150,Minnesota,Brown,1910,1807.0,6.0,257.0,,0.003320420586607637,0.1422246817930271
G2700170,Minnesota,Carlton,1910,1195.0,5.0,68.0,,0.0041841004184100415,0.05690376569037657
G2700190,Minnesota,Carver,1910,1992.0,6.0,178.0,,0.0030120481927710845,0.0893574297188755
G2700210,Minnesota,Cass,1910,948.0,1.0,50.0,,0.0010548523206751054,0.052742616033755275
G2700230,Minnesota,Chippewa,1910,1499.0,5.0,146.0,,0.00333555703802535,0.09739826551034023
G2700250,Minnesota,Chisago,1910,2005.0,12.0,305.0,,0.0059850374064837905,0.15211970074812967
G2700270,Minnesota,Clay,1910,1738.0,15.0,1473.0,,0.00863060989643268,0.8475258918296893
G2700290,Minnesota,Clearwater,1910,1055.0,9.0,172.0,,0.008530805687203791,0.16303317535545023
G2700310,Minnesota,Cook,1910,146.0,4.0,85.0,,0.0273972602739726,0.5821917808219178
G2700330,Minnesota,Cottonwood,1910,1580.0,2.0,56.0,,0.0012658227848101266,0.035443037974683546
G2700350,Minnesota,Crow Wing,1910,1148.0,5.0,205.0,,0.004355400696864111,0.17857142857142858
G2700370,Minnesota,Dakota,1910,2163.0,87.0,3491.0,,0.04022191400832178,1.6139620896902451
G2700390,Minnesota,Dodge,1910,1587.0,7.0,256.0,,0.004410838059231254,0.16131064902331443
G2700410,Minnesota,Douglas,1910,2265.0,4.0,146.0,,0.0017660044150110375,0.06445916114790287
G2700430,Minnesota,Faribault,1910,2139.0,1.0,60.0,,0.0004675081813931744,0.028050490883590462
G2700450,Minnesota,Fillmore,1910,3213.0,18.0,374.0,,0.0056022408963585435,0.1164021164021164
G2700470,Minnesota,Freeborn,1910,2477.0,9.0,500.0,,0.0036334275333064193,0.20185708518368994
G2700490,Minnesota,Goodhue,1910,3040.0,34.0,612.0,,0.01118421052631579,0.2013157894736842
G2700510,Minnesota,Grant,1910,1185.0,5.0,86.0,,0.004219409282700422,0.07257383966244725
G2700530,Minnesota,Hennepin,1910,3853.0,225.0,21026.0,,0.05839605502206073,5.457046457305995
G2700550,Minnesota,Houston,1910,1912.0,15.0,869.0,,0.007845188284518828,0.4544979079497908
G2700570,Minnesota,Hubbard,1910,843.0,3.0,77.0,,0.0035587188612099642,0.09134045077105575
G2700590,Minnesota,Isanti,1910,2063.0,22.0,700.0,,0.010664081434803683,0.3393116820164809
G2700610,Minnesota,Itasca,1910,830.0,6.0,142.0,,0.007228915662650603,0.1710843373493976
G2700630,Minnesota,Jackson,1910,1906.0,4.0,273.0,,0.002098635886673662,0.14323189926547744
G2700650,Minnesota,Kanabec,1910,1017.0,1.0,25.0,,0.0009832841691248771,0.024582104228121928
G2700670,Minnesota,Kandiyohi,1910,2237.0,29.0,580.0,,0.012963790791238265,0.25927581582476533
G2700690,Minnesota,Kittson,1910,1210.0,59.0,6177.0,,0.048760330578512395,5.104958677685951
G2700710,Minnesota,Koochiching,1910,444.0,1.0,2.0,,0.0022522522522522522,0.0045045045045045045
G2700730,Minnesota,Lac Qui Parle,1910,1863.0,79.0,4165.0,,0.042404723564143855,2.2356414385399894
G2700750,Minnesota,Lake,1910,210.0,15.0,264.0,,0.07142857142857142,1.2571428571428571
G2700790,Minnesota,Le Sueur,1910,2218.0,55.0,938.0,,0.02479711451758341,0.42290351668169524
G2700810,Minnesota,Lincoln,1910,1304.0,5.0,417.0,,0.003834355828220859,0.3197852760736196
G2700830,Minnesota,Lyon,1910,1682.0,1.0,50.0,,0.0005945303210463733,0.029726516052318668
G2700850,Minnesota,McLeod,1910,2268.0,2.0,62.0,,0.0008818342151675485,0.027336860670194002
G2700870,Minnesota,Mahnomen,1910,248.0,2.0,175.0,,0.008064516129032258,0.7056451612903226
G2700890,Minnesota,Marshall,1910,2121.0,8.0,575.0,,0.003771805752003772,0.2710985384252711
G2700910,Minnesota,Martin,1910,2181.0,6.0,188.0,,0.002751031636863824,0.08619899128839982
G2700930,Minnesota,Meeker,1910,2346.0,8.0,566.0,,0.0034100596760443308,0.2412617220801364
G2700950,Minnesota,Mille Lacs,1910,1278.0,5.0,168.0,,0.003912363067292645,0.13145539906103287
G2700970,Minnesota,Morrison,1910,2622.0,7.0,149.0,,0.002669717772692601,0.05682684973302822
G2700990,Minnesota,Mower,1910,2386.0,11.0,517.0,,0.004610226320201173,0.21668063704945514
G2701010,Minnesota,Murray,1910,1640.0,5.0,132.0,,0.003048780487804878,0.08048780487804878
G2701030,Minnesota,Nicollet,1910,1414.0,4.0,153.0,,0.002828854314002829,0.1082036775106082
G2701050,Minnesota,Nobles,1910,1819.0,8.0,244.0,,0.0043980208905992305,0.13413963716327654
G2701070,Minnesota,Norman,1910,1653.0,6.0,213.0,,0.003629764065335753,0.12885662431941924
G2701090,Minnesota,Olmsted,1910,2310.0,12.0,692.0,,0.005194805194805195,0.2995670995670996
G2701110,Minnesota,Otter Tail,1910,5804.0,99.0,3796.0,,0.017057201929703652,0.6540317022742936
G2701130,Minnesota,Pennington,1910,1244.0,2.0,35.0,,0.001607717041800643,0.028135048231511254
G2701150,Minnesota,Pine,1910,2066.0,12.0,763.0,,0.005808325266214908,0.36931268151016455
G2701170,Minnesota,Pipestone,1910,1055.0,8.0,169.0,,0.007582938388625593,0.16018957345971563
G2701190,Minnesota,Polk,1910,3525.0,25.0,1386.0,,0.0070921985815602835,0.3931914893617021
G2701210,Minnesota,Pope,1910,1649.0,11.0,494.0,,0.0066707095209217705,0.29957550030321406
G2701230,Minnesota,Ramsey,1910,1067.0,90.0,5447.0,,0.08434864104967198,5.104967197750703
G2701250,Minnesota,Red Lake,1910,527.0,1.0,54.0,,0.0018975332068311196,0.10246679316888045
G2701270,Minnesota,Redwood,1910,2311.0,6.0,600.0,,0.0025962786672436176,0.2596278667243617
G2701290,Minnesota,Renville,1910,2871.0,25.0,1318.0,,0.008707767328456984,0.45907349355625215
G2701310,Minnesota,Rice,1910,2380.0,10.0,571.0,,0.004201680672268907,0.23991596638655463
G2701330,Minnesota,Rock,1910,1205.0,4.0,240.0,,0.0033195020746887966,0.1991701244813278
G2701350,Minnesota,Roseau,1910,1602.0,3.0,68.0,,0.0018726591760299626,0.04244694132334582
G2701370,Minnesota,St Louis,1910,2465.0,36.0,1336.0,,0.01460446247464503,0.5419878296146045
G2701390,Minnesota,Scott,1910,1520.0,8.0,820.0,,0.005263157894736842,0.5394736842105263
G2701410,Minnesota,Sherburne,1910,1190.0,10.0,213.0,,0.008403361344537815,0.17899159663865546
G2701430,Minnesota,Sibley,1910,2055.0,5.0,243.0,,0.0024330900243309003,0.11824817518248175
G2701450,Minnesota,Stearns,1910,4255.0,17.0,771.0,,0.003995299647473561,0.18119858989424206
G2701470,Minnesota,Steele,1910,1824.0,4.0,205.0,,0.0021929824561403508,0.11239035087719298
G2701490,Minnesota,Stevens,1910,1015.0,1.0,11.0,,0.0009852216748768472,0.01083743842364532
G2701510,Minnesota,Swift,1910,1537.0,3.0,69.0,,0.001951854261548471,0.044892648015614836
G2701530,Minnesota,Todd,1910,2994.0,2.0,63.0,,0.0006680026720106881,0.021042084168336674
G2701550,Minnesota,Traverse,1910,942.0,1.0,25.0,,0.0010615711252653928,0.02653927813163482
G2701570,Minnesota,Wabasha,1910,1787.0,22.0,774.0,,0.012311135982092894,0.4331281477336318
G2701590,Minnesota,Wadena,1910,1004.0,4.0,140.0,,0.00398406374501992,0.1394422310756972
G2701610,Minnesota,Waseca,1910,1567.0,1.0,5.0,,0.0006381620931716656,0.003190810465858328
G2701630,Minnesota,Washington,1910,1943.0,32.0,1289.0,,0.016469377251672673,0.6634071024189397
G2701650,Minnesota,Watonwan,1910,1269.0,6.0,187.0,,0.004728132387706856,0.14736012608353033
G2701670,Minnesota,Wilkin,1910,986.0,3.0,166.0,,0.0030425963488843813,0.16835699797160245
G2701690,Minnesota,Winona,1910,2141.0,50.0,1249.0,,0.023353573096683792,0.5833722559551612
G2701710,Minnesota,Wright,1910,3814.0,41.0,949.0,,0.010749868904037755,0.24882013633980074
G2701730,Minnesota,Yellow Medicine,1910,1838.0,2.0,125.0,,0.001088139281828074,0.06800870511425462
G2709035,Minnesota,White Earth Indian Reservation,1910,0.0,,,,,
G2800010,Mississippi,Adams,1910,1974.0,64.0,6719.0,,0.03242147922998987,3.4037487335359677
G2800030,Mississippi,Alcorn,1910,2440.0,1581.0,32889.0,,0.6479508196721312,13.479098360655737
G2800050,Mississippi,Amite,1910,3412.0,2334.0,79431.0,,0.6840562719812426,23.27989449003517
G2800070,Mississippi,Attala,1910,5065.0,2438.0,54580.0,,0.4813425468904245,10.775913129318855
G2800090,Mississippi,Benton,1910,1953.0,290.0,3561.0,,0.148489503328213,1.8233486943164363
G2800110,Mississippi,Bolivar,1910,10612.0,7.0,400.0,,0.0006596306068601583,0.03769317753486619
G2800130,Mississippi,Calhoun,1910,3261.0,521.0,7418.0,,0.1597669426556271,2.2747623428396198
G2800150,Mississippi,Carroll,1910,4358.0,216.0,5786.0,,0.04956402019274897,1.3276732446076183
G2800170,Mississippi,Chickasaw,1910,3474.0,123.0,2480.0,,0.03540587219343696,0.713874496257916
G2800190,Mississippi,Choctaw,1910,2583.0,1625.0,37089.0,,0.6291134339914828,14.358885017421603
G2800210,Mississippi,Claiborne,1910,2735.0,104.0,6472.0,,0.038025594149908595,2.36636197440585
G2800230,Mississippi,Clarke,1910,3279.0,2021.0,85921.0,,0.6163464470875267,26.203415675510826
G2800250,Mississippi,Clay,1910,3092.0,106.0,4753.0,,0.03428201811125485,1.5371927554980596
G2800270,Mississippi,Coahoma,1910,6726.0,10.0,1334.0,,0.0014867677668748143,0.1983348201011002
G2800290,Mississippi,Copiah,1910,5324.0,3135.0,174666.0,,0.5888429752066116,32.807287753568744
G2800310,Mississippi,Covington,1910,1878.0,1466.0,61710.0,,0.7806176783812566,32.85942492012779
G2800330,Mississippi,DeSoto,1910,4572.0,35.0,1042.0,,0.007655293088363955,0.2279090113735783
G2800350,Mississippi,Forrest,1910,972.0,779.0,31753.0,,0.801440329218107,32.66769547325103
G2800370,Mississippi,Franklin,1910,2148.0,983.0,26177.0,,0.45763500931098694,12.186685288640597
G2800390,Mississippi,George,1910,427.0,354.0,18114.0,,0.8290398126463701,42.421545667447305
G2800410,Mississippi,Greene,1910,605.0,485.0,18223.0,,0.8016528925619835,30.120661157024795
G2800430,Mississippi,Grenada,1910,2260.0,113.0,3664.0,,0.05,1.6212389380530974
G2800450,Mississippi,Hancock,1910,390.0,211.0,5627.0,,0.541025641025641,14.428205128205128
G2800470,Mississippi,Harrison,1910,1034.0,778.0,35476.0,,0.7524177949709865,34.30947775628627
G2800490,Mississippi,Hinds,1910,7305.0,866.0,40644.0,,0.11854893908281999,5.5638603696098565
G2800510,Mississippi,Holmes,1910,6507.0,135.0,8325.0,,0.02074688796680498,1.2793914246196403
G2800550,Mississippi,Issaquena,1910,2230.0,4.0,785.0,,0.0017937219730941704,0.35201793721973096
G2800570,Mississippi,Itawamba,1910,2933.0,1481.0,31894.0,,0.504943743607228,10.874190248891919
G2800590,Mississippi,Jackson,1910,554.0,405.0,22580.0,,0.7310469314079422,40.75812274368231
G2800610,Mississippi,Jasper,1910,3088.0,2271.0,97140.0,,0.7354274611398963,31.457253886010363
G2800630,Mississippi,Jefferson,1910,2878.0,202.0,5849.0,,0.07018763029881862,2.032314107018763
G2800650,Mississippi,Jefferson Davis,1910,1987.0,1783.0,85859.0,,0.8973326623049824,43.21036738802214
G2800670,Mississippi,Jones,1910,2688.0,2128.0,91901.0,,0.7916666666666666,34.18936011904762
G2800690,Mississippi,Kemper,1910,3611.0,2043.0,68043.0,,0.5657712545001384,18.84325671559125
G2800710,Mississippi,Lafayette,1910,4027.0,367.0,5705.0,,0.0911348398311398,1.4166873603178545
G2800730,Mississippi,Lamar,1910,843.0,519.0,20013.0,,0.6156583629893239,23.740213523131672
G2800750,Mississippi,Lauderdale,1910,3564.0,2574.0,127089.0,,0.7222222222222222,35.65909090909091
G2800770,Mississippi,Lawrence,1910,1903.0,1371.0,47795.0,,0.72044140830268,25.115606936416185
G2800790,Mississippi,Leake,1910,3648.0,2285.0,55514.0,,0.6263706140350878,15.21765350877193
G2800810,Mississippi,Lee,1910,5302.0,1460.0,31434.0,,0.2753677857412297,5.928706148623161
G2800830,Mississippi,Leflore,1910,6060.0,9.0,1082.0,,0.0014851485148514852,0.17854785478547855
G2800850,Mississippi,Lincoln,1910,3564.0,2733.0,104436.0,,0.7668350168350169,29.303030303030305
G2800870,Mississippi,Lowndes,1910,4133.0,969.0,40288.0,,0.23445439148318412,9.747882893781757
G2800890,Mississippi,Madison,1910,5956.0,1321.0,50333.0,,0.2217931497649429,8.450805910006716
G2800910,Mississippi,Marion,1910,1955.0,1462.0,63807.0,,0.7478260869565218,32.637851662404096
G2800930,Mississippi,Marshall,1910,4750.0,137.0,2921.0,,0.028842105263157895,0.6149473684210527
G2800950,Mississippi,Monroe,1910,5748.0,1857.0,48709.0,,0.32306889352818374,8.474077940153096
G2800970,Mississippi,Montgomery,1910,2948.0,1030.0,23665.0,,0.3493894165535957,8.027476255088196
G2800990,Mississippi,Neshoba,1910,3063.0,2478.0,78986.0,,0.8090107737512243,25.78713679399282
G2801010,Mississippi,Newton,1910,3624.0,2410.0,95935.0,,0.6650110375275938,26.472130242825607
G2801030,Mississippi,Noxubee,1910,5107.0,436.0,10385.0,,0.0853730174270609,2.033483454082632
G2801050,Mississippi,Oktibbeha,1910,3261.0,295.0,6214.0,,0.09046304814474088,1.9055504446488807
G2801070,Mississippi,Panola,1910,5867.0,21.0,591.0,,0.0035793420828362024,0.10073291290267598
G2801090,Mississippi,Pearl River,1910,789.0,641.0,26352.0,,0.8124207858048162,33.39923954372624
G2801110,Mississippi,Perry,1910,705.0,584.0,25039.0,,0.8283687943262411,35.51631205673759
G2801130,Mississippi,Pike,1910,3585.0,2617.0,115978.0,,0.7299860529986053,32.35090655509065
G2801150,Mississippi,Pontotoc,1910,3705.0,507.0,9090.0,,0.1368421052631579,2.4534412955465585
G2801170,Mississippi,Prentiss,1910,3091.0,1851.0,40435.0,,0.5988353283726949,13.081527013911355
G2801190,Mississippi,Quitman,1910,2334.0,1.0,10.0,,0.0004284490145672665,0.004284490145672665
G2801210,Mississippi,Rankin,1910,4151.0,2342.0,67397.0,,0.5642013972536738,16.23632859551915
G2801230,Mississippi,Scott,1910,2768.0,1751.0,46386.0,,0.6325867052023122,16.75794797687861
G2801250,Mississippi,Sharkey,1910,3475.0,7.0,106.0,,0.002014388489208633,0.03050359712230216
G2801270,Mississippi,Simpson,1910,2778.0,2023.0,70281.0,,0.7282217422606192,25.29913606911447
G2801290,Mississippi,Smith,1910,2818.0,2163.0,82872.0,,0.7675656493967353,29.408090844570616
G2801330,Mississippi,Sunflower,1910,5601.0,6.0,547.0,,0.0010712372790573112,0.09766113194072487
G2801350,Mississippi,Tallahatchie,1910,5160.0,4.0,47.0,,0.0007751937984496124,0.009108527131782946
G2801370,Mississippi,Tate,1910,4107.0,50.0,1249.0,,0.012174336498660824,0.30411492573654736
G2801390,Mississippi,Tippah,1910,2638.0,1473.0,33886.0,,0.5583775587566339,12.845337376800607
G2801410,Mississippi,Tishomingo,1910,2114.0,1461.0,26491.0,,0.6911069063386944,12.531220435193944
G2801430,Mississippi,Tunica,1910,4390.0,15.0,1076.0,,0.003416856492027335,0.24510250569476083
G2801450,Mississippi,Union,1910,3456.0,1054.0,20042.0,,0.30497685185185186,5.799189814814815
G2801490,Mississippi,Warren,1910,3126.0,15.0,874.0,,0.0047984644913627635,0.27959053103007037
G2801510,Mississippi,Washington,1910,8360.0,11.0,1153.0,,0.0013157894736842105,0.13791866028708133
G2801530,Mississippi,Wayne,1910,1882.0,1195.0,51386.0,,0.6349628055260361,27.30393198724761
G2801550,Mississippi,Webster,1910,2721.0,1400.0,31088.0,,0.5145167217934583,11.425211319367879
G2801570,Mississippi,Wilkinson,1910,2597.0,382.0,19698.0,,0.14709279938390452,7.584905660377358
G2801590,Mississippi,Winston,1910,3009.0,1982.0,45391.0,,0.6586905948820206,15.085078099036224
G2801610,Mississippi,Yalobusha,1910,3091.0,194.0,5850.0,,0.06276285991588483,1.8925913943707537
G2801630,Mississippi,Yazoo,1910,8253.0,117.0,7340.0,,0.014176663031624863,0.8893735611292863
G2900010,Missouri,Adair,1910,2506.0,31.0,1539.0,,0.012370311252992818,0.6141260973663208
G2900030,Missouri,Andrew,1910,2460.0,9.0,375.0,,0.003658536585365854,0.1524390243902439
G2900050,Missouri,Atchison,1910,1679.0,7.0,551.0,,0.004169148302561048,0.32817153067301963
G2900070,Missouri,Audrain,1910,2734.0,369.0,15701.0,,0.13496708119970738,5.742867593269934
G2900090,Missouri,Barry,1910,3403.0,236.0,5845.0,,0.06935057302380253,1.717602115780194
G2900110,Missouri,Barton,1910,2465.0,229.0,8100.0,,0.09290060851926978,3.286004056795132
G2900130,Missouri,Bates,1910,3752.0,100.0,3694.0,,0.026652452025586353,0.9845415778251599
G2900150,Missouri,Benton,1910,2499.0,38.0,665.0,,0.01520608243297319,0.2661064425770308
G2900170,Missouri,Bollinger,1910,2464.0,623.0,9095.0,,0.2528409090909091,3.6911525974025974
G2900190,Missouri,Boone,1910,3442.0,54.0,1911.0,,0.01568855316676351,0.5552004648460197
G2900210,Missouri,Buchanan,1910,2572.0,38.0,6088.0,,0.014774494556765163,2.3670295489891133
G2900230,Missouri,Butler,1910,1739.0,9.0,191.0,,0.005175388154111558,0.10983323749281196
G2900250,Missouri,Caldwell,1910,2095.0,32.0,1221.0,,0.015274463007159905,0.5828162291169451
G2900270,Missouri,Callaway,1910,3502.0,668.0,32607.0,,0.1907481439177613,9.310965162764134
G2900290,Missouri,Camden,1910,2040.0,24.0,332.0,,0.011764705882352941,0.1627450980392157
G2900310,Missouri,Cape Girardeau,1910,2769.0,44.0,1420.0,,0.015890213073311666,0.5128205128205128
G2900330,Missouri,Carroll,1910,3253.0,22.0,1435.0,,0.006762988011066708,0.4411312634491239
G2900350,Missouri,Carter,1910,602.0,15.0,309.0,,0.024916943521594685,0.5132890365448505
G2900370,Missouri,Cass,1910,3251.0,20.0,1047.0,,0.006151953245155337,0.32205475238388187
G2900390,Missouri,Cedar,1910,2729.0,113.0,2847.0,,0.04140710883107365,1.0432392817882008
G2900410,Missouri,Chariton,1910,3481.0,78.0,2120.0,,0.02240735420856076,0.6090203964378053
G2900430,Missouri,Christian,1910,2551.0,143.0,6173.0,,0.05605644845158761,2.4198353586828696
G2900450,Missouri,Clark,1910,2128.0,34.0,827.0,,0.015977443609022556,0.38862781954887216
G2900470,Missouri,Clay,1910,2113.0,10.0,1118.0,,0.00473260766682442,0.5291055371509702
G2900490,Missouri,Clinton,1910,1748.0,13.0,619.0,,0.007437070938215103,0.35411899313501144
G2900510,Missouri,Cole,1910,1610.0,127.0,3061.0,,0.07888198757763976,1.9012422360248447
G2900530,Missouri,Cooper,1910,2547.0,26.0,1298.0,,0.010208087946603848,0.5096191597958383
G2900550,Missouri,Crawford,1910,2028.0,163.0,3960.0,,0.08037475345167652,1.952662721893491
G2900570,Missouri,Dade,1910,2583.0,216.0,7410.0,,0.08362369337979095,2.8687572590011614
G2900590,Missouri,Dallas,1910,2339.0,81.0,1321.0,,0.03463018383924754,0.5647712697734074
G2900610,Missouri,Daviess,1910,2786.0,13.0,306.0,,0.00466618808327351,0.10983488872936109
G2900630,Missouri,DeKalb,1910,2186.0,29.0,2538.0,,0.013266239707227814,1.1610247026532479
G2900650,Missouri,Dent,1910,1857.0,91.0,1943.0,,0.04900376952073236,1.046311254711901
G2900670,Missouri,Douglas,1910,2823.0,23.0,338.0,,0.008147360963513992,0.11973078285511866
G2900690,Missouri,Dunklin,1910,2873.0,93.0,1137.0,,0.03237034458753916,0.39575356769926906
G2900710,Missouri,Franklin,1910,3781.0,469.0,11033.0,,0.12404125892621,2.918011108172441
G2900730,Missouri,Gasconade,1910,1815.0,315.0,7042.0,,0.17355371900826447,3.8798898071625345
G2900750,Missouri,Gentry,1910,2317.0,5.0,114.0,,0.0021579628830384117,0.04920155373327579
G2900770,Missouri,Greene,1910,4434.0,257.0,8403.0,,0.057961208840775824,1.895128552097429
G2900790,Missouri,Grundy,1910,2007.0,9.0,126.0,,0.004484304932735426,0.06278026905829596
G2900810,Missouri,Harrison,1910,3377.0,12.0,381.0,,0.0035534498075214687,0.11282203138880663
G2900830,Missouri,Henry,1910,3448.0,57.0,1686.0,,0.016531322505800465,0.48897911832946633
G2900850,Missouri,Hickory,1910,1627.0,116.0,3093.0,,0.07129686539643516,1.9010448678549479
G2900870,Missouri,Holt,1910,1935.0,9.0,238.0,,0.004651162790697674,0.12299741602067184
G2900890,Missouri,Howard,1910,1844.0,5.0,478.0,,0.0027114967462039045,0.2592190889370933
G2900910,Missouri,Howell,1910,3027.0,78.0,2069.0,,0.02576808721506442,0.6835150313842088
G2900930,Missouri,Iron,1910,926.0,181.0,4928.0,,0.19546436285097193,5.3218142548596115
G2900950,Missouri,Jackson,1910,3380.0,33.0,4755.0,,0.009763313609467455,1.4068047337278107
G2900970,Missouri,Jasper,1910,3117.0,509.0,23187.0,,0.16329804299005454,7.43888354186718
G2900990,Missouri,Jefferson,1910,2720.0,158.0,5141.0,,0.05808823529411765,1.8900735294117648
G2901010,Missouri,Johnson,1910,3685.0,23.0,643.0,,0.006241519674355495,0.17449118046132972
G2901030,Missouri,Knox,1910,2041.0,19.0,272.0,,0.009309162175404213,0.13326800587947085
G2901050,Missouri,Laclede,1910,2843.0,193.0,3843.0,,0.06788603587759409,1.351741118536757
G2901070,Missouri,Lafayette,1910,2832.0,15.0,432.0,,0.005296610169491525,0.15254237288135594
G2901090,Missouri,Lawrence,1910,3278.0,757.0,27843.0,,0.23093349603416718,8.493898718730934
G2901110,Missouri,Lewis,1910,2094.0,129.0,5460.0,,0.06160458452722063,2.6074498567335245
G2901130,Missouri,Lincoln,1910,2700.0,1097.0,48977.0,,0.4062962962962963,18.13962962962963
G2901150,Missouri,Linn,1910,2689.0,39.0,1102.0,,0.014503532911863145,0.4098177761249535
G2901170,Missouri,Livingston,1910,2479.0,5.0,159.0,,0.002016942315449778,0.06413876563130294
G2901190,Missouri,McDonald,1910,2154.0,15.0,322.0,,0.006963788300835654,0.14948932219127206
G2901210,Missouri,Macon,1910,4012.0,64.0,2186.0,,0.015952143569292122,0.5448654037886341
G2901230,Missouri,Madison,1910,1168.0,314.0,8739.0,,0.2688356164383562,7.482020547945205
G2901250,Missouri,Maries,1910,1798.0,79.0,1488.0,,0.0439377085650723,0.8275862068965517
G2901270,Missouri,Marion,1910,1912.0,365.0,16776.0,,0.19089958158995815,8.774058577405858
G2901290,Missouri,Mercer,1910,2141.0,7.0,356.0,,0.003269500233535731,0.1662774404483886
G2901310,Missouri,Miller,1910,2341.0,153.0,3975.0,,0.06535668517727466,1.6979923109782145
G2901330,Missouri,Mississippi,1910,1383.0,25.0,324.0,,0.018076644974692697,0.23427331887201736
G2901350,Missouri,Moniteau,1910,2052.0,313.0,9015.0,,0.15253411306042886,4.393274853801169
G2901370,Missouri,Monroe,1910,3110.0,211.0,8341.0,,0.06784565916398713,2.6819935691318326
G2901390,Missouri,Montgomery,1910,2331.0,838.0,42022.0,,0.3595023595023595,18.027456027456026
G2901410,Missouri,Morgan,1910,2027.0,352.0,12159.0,,0.17365564874198322,5.998519980266404
G2901430,Missouri,New Madrid,1910,1593.0,4.0,322.0,,0.0025109855618330196,0.20213433772755807
G2901450,Missouri,Newton,1910,3215.0,412.0,15913.0,,0.128149300155521,4.949611197511664
G2901470,Missouri,Nodaway,1910,3861.0,9.0,533.0,,0.002331002331002331,0.13804713804713806
G2901490,Missouri,Oregon,1910,2060.0,15.0,418.0,,0.007281553398058253,0.2029126213592233
G2901510,Missouri,Osage,1910,2004.0,62.0,1362.0,,0.03093812375249501,0.6796407185628742
G2901530,Missouri,Ozark,1910,2093.0,15.0,260.0,,0.00716674629718108,0.12422360248447205
G2901550,Missouri,Pemiscot,1910,2008.0,0.0,0.0,,0.0,0.0
G2901570,Missouri,Perry,1910,1979.0,97.0,1601.0,,0.04901465386558868,0.8089944416371905
G2901590,Missouri,Pettis,1910,2869.0,66.0,5479.0,,0.023004531195538514,1.9097246427326595
G2901610,Missouri,Phelps,1910,1950.0,253.0,5751.0,,0.12974358974358974,2.9492307692307693
G2901630,Missouri,Pike,1910,2773.0,773.0,41551.0,,0.27875946628200504,14.984132708258205
G2901650,Missouri,Platte,1910,1995.0,92.0,3323.0,,0.04611528822055138,1.6656641604010025
G2901670,Missouri,Polk,1910,3546.0,341.0,10509.0,,0.09616469261139311,2.963620981387479
G2901690,Missouri,Pulaski,1910,1696.0,40.0,881.0,,0.02358490566037736,0.5194575471698113
G2901710,Missouri,Putnam,1910,2325.0,14.0,523.0,,0.006021505376344086,0.22494623655913978
G2901730,Missouri,Ralls,1910,1851.0,333.0,19655.0,,0.17990275526742303,10.61858454889249
G2901750,Missouri,Randolph,1910,2396.0,41.0,1752.0,,0.017111853088480802,0.7312186978297162
G2901770,Missouri,Ray,1910,2856.0,33.0,1221.0,,0.011554621848739496,0.4275210084033613
G2901790,Missouri,Reynolds,1910,1182.0,11.0,111.0,,0.009306260575296108,0.09390862944162437
G2901810,Missouri,Ripley,1910,1862.0,40.0,1389.0,,0.021482277121374866,0.7459720730397422
G2901830,Missouri,St Charles,1910,2179.0,447.0,14198.0,,0.20513997246443322,6.5158329508949056
G2901850,Missouri,St Clair,1910,2833.0,122.0,4500.0,,0.043063889869396396,1.5884221673138017
G2901860,Missouri,Ste Genevieve,1910,1276.0,156.0,3087.0,,0.12225705329153605,2.419278996865204
G2901870,Missouri,St Francois,1910,1243.0,430.0,14291.0,,0.34593724859211583,11.497184231697506
G2901890,Missouri,St Louis,1910,4048.0,698.0,33355.0,,0.1724308300395257,8.239871541501977
G2901950,Missouri,Saline,1910,3091.0,20.0,6856.0,,0.006470397929472662,2.218052410223229
G2901970,Missouri,Schuyler,1910,1484.0,16.0,251.0,,0.01078167115902965,0.16913746630727763
G2901990,Missouri,Scotland,1910,1982.0,18.0,551.0,,0.009081735620585268,0.27800201816347125
G2902010,Missouri,Scott,1910,1502.0,52.0,1816.0,,0.03462050599201065,1.2090545938748336
G2902030,Missouri,Shannon,1910,1403.0,20.0,504.0,,0.014255167498218105,0.3592302209550962
G2902050,Missouri,Shelby,1910,2377.0,64.0,2397.0,,0.026924694993689526,1.008413967185528
G2902070,Missouri,Stoddard,1910,3518.0,22.0,1018.0,,0.0062535531552018195,0.2893689596361569
G2902090,Missouri,Stone,1910,1748.0,17.0,476.0,,0.009725400457665904,0.2723112128146453
G2902110,Missouri,Sullivan,1910,2823.0,36.0,858.0,,0.012752391073326248,0.30393198724760895
G2902130,Missouri,Taney,1910,1517.0,2.0,53.0,,0.0013183915622940012,0.03493737640079104
G2902150,Missouri,Texas,1910,3613.0,463.0,8470.0,,0.12814835316911155,2.3443122059230554
G2902170,Missouri,Vernon,1910,3762.0,126.0,4664.0,,0.03349282296650718,1.239766081871345
G2902190,Missouri,Warren,1910,1344.0,468.0,18342.0,,0.3482142857142857,13.647321428571429
G2902210,Missouri,Washington,1910,1715.0,412.0,17684.0,,0.2402332361516035,10.311370262390671
G2902230,Missouri,Wayne,1910,1693.0,188.0,3652.0,,0.11104548139397519,2.1571175428233906
G2902250,Missouri,Webster,1910,2846.0,715.0,14175.0,,0.2512297962052003,4.980674631061138
G2902270,Missouri,Worth,1910,1332.0,3.0,350.0,,0.0022522522522522522,0.2627627627627628
G2902290,Missouri,Wright,1910,2903.0,185.0,3483.0,,0.06372717878057182,1.1997933172580089
G2905100,Missouri,St Louis City,1910,464.0,56.0,7238.0,,0.1206896551724138,15.599137931034482
G3000010,Montana,Beaverhead,1910,536.0,4.0,775.0,,0.007462686567164179,1.4458955223880596
G3000070,Montana,Broadwater,1910,390.0,1.0,10.0,,0.002564102564102564,0.02564102564102564
G3000090,Montana,Carbon,1910,1264.0,4.0,672.0,,0.0031645569620253164,0.5316455696202531
G3000130,Montana,Cascade,1910,1502.0,4.0,359.0,,0.002663115845539281,0.23901464713715045
G3000150,Montana,Chouteau,1910,1818.0,2.0,315.0,,0.0011001100110011,0.17326732673267325
G3000170,Montana,Custer,1910,1622.0,2.0,20.0,,0.0012330456226880395,0.012330456226880395
G3000210,Montana,Dawson,1910,1947.0,2.0,64.0,,0.001027221366204417,0.03287108371854135
G3000230,Montana,Deer Lodge,1910,171.0,3.0,675.0,,0.017543859649122806,3.9473684210526314
G3000270,Montana,Fergus,1910,2310.0,4.0,1335.0,,0.0017316017316017316,0.577922077922078
G3000290,Montana,Flathead,1910,1189.0,6.0,566.0,,0.005046257359125316,0.4760302775441548
G3000310,Montana,Gallatin,1910,1260.0,10.0,1835.0,,0.007936507936507936,1.4563492063492063
G3000390,Montana,Granite,1910,295.0,1.0,600.0,,0.003389830508474576,2.0338983050847457
G3000430,Montana,Jefferson,1910,301.0,7.0,295.0,,0.023255813953488372,0.9800664451827242
G3000490,Montana,Lewis And Clark,1910,529.0,5.0,2460.0,,0.00945179584120983,4.650283553875236
G3000530,Montana,Lincoln,1910,298.0,1.0,30.0,,0.003355704697986577,0.10067114093959731
G3000570,Montana,Madison,1910,730.0,6.0,545.0,,0.00821917808219178,0.7465753424657534
G3000590,Montana,Meagher,1910,400.0,1.0,50.0,,0.0025,0.125
G3000630,Montana,Missoula,1910,670.0,2.0,175.0,,0.0029850746268656717,0.26119402985074625
G3000670,Montana,Park,1910,730.0,4.0,276.0,,0.005479452054794521,0.3780821917808219
G3000770,Montana,Powell,1910,377.0,0.0,0.0,,0.0,0.0
G3000810,Montana,Ravalli,1910,1055.0,4.0,260.0,,0.0037914691943127963,0.24644549763033174
G3000870,Montana,Rosebud,1910,961.0,0.0,0.0,,0.0,0.0
G3000890,Montana,Sanders,1910,211.0,0.0,0.0,,0.0,0.0
G3000930,Montana,Silver Bow,1910,230.0,2.0,60.0,,0.008695652173913044,0.2608695652173913
G3000970,Montana,Sweet Grass,1910,473.0,1.0,30.0,,0.0021141649048625794,0.06342494714587738
G3000990,Montana,Teton,1910,1187.0,2.0,100.0,,0.0016849199663016006,0.08424599831508003
G3001050,Montana,Valley,1910,1946.0,4.0,146.0,,0.0020554984583761563,0.0750256937307297
G3001110,Montana,Yellowstone,1910,1812.0,7.0,670.0,,0.003863134657836645,0.369757174392936
G3009995,Montana,Indian Reservations [multi-reservation reporting area],1910,0.0,,,,,
G3100010,Nebraska,Adams,1910,1831.0,6.0,127.0,,0.0032768978700163844,0.0693610049153468
G3100030,Nebraska,Antelope,1910,1952.0,2.0,15.0,,0.0010245901639344263,0.007684426229508197
G3100070,Nebraska,Banner,1910,368.0,0.0,0.0,,0.0,0.0
G3100090,Nebraska,Blaine,1910,429.0,0.0,0.0,,0.0,0.0
G3100110,Nebraska,Boone,1910,1821.0,2.0,12.0,,0.001098297638660077,0.006589785831960461
G3100130,Nebraska,Box Butte,1910,588.0,0.0,0.0,,0.0,0.0
G3100150,Nebraska,Boyd,1910,1175.0,2.0,37.0,,0.001702127659574468,0.03148936170212766
G3100170,Nebraska,Brown,1910,852.0,12.0,389.0,,0.014084507042253521,0.4565727699530516
G3100190,Nebraska,Buffalo,1910,2466.0,10.0,1686.0,,0.0040551500405515,0.683698296836983
G3100210,Nebraska,Burt,1910,1510.0,4.0,268.0,,0.0026490066225165563,0.17748344370860927
G3100230,Nebraska,Butler,1910,1953.0,2.0,28.0,,0.0010240655401945725,0.014336917562724014
G3100250,Nebraska,Cass,1910,2179.0,11.0,343.0,,0.005048187241854061,0.15741165672326754
G3100270,Nebraska,Cedar,1910,2041.0,4.0,139.0,,0.0019598236158745713,0.06810387065164135
G3100290,Nebraska,Chase,1910,609.0,1.0,25.0,,0.0016420361247947454,0.041050903119868636
G3100310,Nebraska,Cherry,1910,2187.0,1.0,55.0,,0.0004572473708276177,0.025148605395518976
G3100330,Nebraska,Cheyenne,1910,635.0,1.0,25.0,,0.0015748031496062992,0.03937007874015748
G3100350,Nebraska,Clay,1910,1932.0,5.0,84.0,,0.002587991718426501,0.043478260869565216
G3100370,Nebraska,Colfax,1910,1356.0,2.0,31.0,,0.0014749262536873156,0.022861356932153392
G3100390,Nebraska,Cuming,1910,1819.0,7.0,428.0,,0.0038482682792743265,0.23529411764705882
G3100410,Nebraska,Custer,1910,4008.0,10.0,956.0,,0.00249500998003992,0.23852295409181637
G3100430,Nebraska,Dakota,1910,787.0,7.0,410.0,,0.008894536213468869,0.5209656925031766
G3100450,Nebraska,Dawes,1910,781.0,0.0,0.0,,0.0,0.0
G3100470,Nebraska,Dawson,1910,2093.0,2.0,30.0,,0.0009555661729574773,0.01433349259436216
G3100490,Nebraska,Deuel,1910,262.0,0.0,0.0,,0.0,0.0
G3100510,Nebraska,Dixon,1910,1404.0,1.0,25.0,,0.0007122507122507123,0.017806267806267807
G3100530,Nebraska,Dodge,1910,1755.0,9.0,578.0,,0.005128205128205128,0.32934472934472936
G3100550,Nebraska,Douglas,1910,1722.0,21.0,1841.0,,0.012195121951219513,1.0691056910569106
G3100570,Nebraska,Dundy,1910,749.0,2.0,75.0,,0.0026702269692923898,0.10013351134846461
G3100590,Nebraska,Fillmore,1910,2028.0,4.0,703.0,,0.0019723865877712033,0.34664694280078895
G3100610,Nebraska,Franklin,1910,1431.0,1.0,25.0,,0.0006988120195667365,0.017470300489168415
G3100630,Nebraska,Frontier,1910,1438.0,2.0,312.0,,0.0013908205841446453,0.21696801112656466
G3100650,Nebraska,Furnas,1910,1744.0,5.0,1988.0,,0.0028669724770642203,1.139908256880734
G3100670,Nebraska,Gage,1910,3103.0,11.0,690.0,,0.003544956493715759,0.22236545278762487
G3100690,Nebraska,Garden,1910,835.0,1.0,2000.0,,0.0011976047904191617,2.395209580838323
G3100710,Nebraska,Garfield,1910,601.0,1.0,10.0,,0.0016638935108153079,0.016638935108153077
G3100730,Nebraska,Gosper,1910,915.0,1.0,15.0,,0.001092896174863388,0.01639344262295082
G3100750,Nebraska,Grant,1910,222.0,0.0,0.0,,0.0,0.0
G3100770,Nebraska,Greeley,1910,1093.0,3.0,145.0,,0.0027447392497712718,0.13266239707227814
G3100790,Nebraska,Hall,1910,1627.0,15.0,1439.0,,0.00921942224953903,0.8844499078057775
G3100810,Nebraska,Hamilton,1910,1944.0,0.0,0.0,,0.0,0.0
G3100830,Nebraska,Harlan,1910,1423.0,7.0,1554.0,,0.004919184820801124,1.0920590302178497
G3100850,Nebraska,Hayes,1910,602.0,1.0,172.0,,0.0016611295681063123,0.2857142857142857
G3100870,Nebraska,Hitchcock,1910,801.0,4.0,279.0,,0.004993757802746567,0.34831460674157305
G3100890,Nebraska,Holt,1910,2191.0,13.0,520.0,,0.005933363760839799,0.23733455043359197
G3100910,Nebraska,Hooker,1910,240.0,0.0,0.0,,0.0,0.0
G3100930,Nebraska,Howard,1910,1592.0,1.0,15.0,,0.000628140703517588,0.009422110552763818
G3100950,Nebraska,Jefferson,1910,1886.0,17.0,1171.0,,0.009013785790031814,0.6208907741251326
G3100970,Nebraska,Johnson,1910,1379.0,6.0,397.0,,0.00435097897026831,0.2878897751994199
G3100990,Nebraska,Kearney,1910,1376.0,5.0,515.0,,0.003633720930232558,0.3742732558139535
G3101010,Nebraska,Keith,1910,583.0,1.0,120.0,,0.0017152658662092624,0.2058319039451115
G3101030,Nebraska,Keya Paha,1910,641.0,0.0,0.0,,0.0,0.0
G3101050,Nebraska,Kimball,1910,411.0,0.0,0.0,,0.0,0.0
G3101070,Nebraska,Knox,1910,2228.0,0.0,0.0,,0.0,0.0
G3101090,Nebraska,Lancaster,1910,3410.0,17.0,1393.0,,0.00498533724340176,0.4085043988269795
G3101110,Nebraska,Lincoln,1910,1976.0,5.0,282.0,,0.0025303643724696357,0.14271255060728744
G3101130,Nebraska,Logan,1910,339.0,0.0,0.0,,0.0,0.0
G3101150,Nebraska,Loup,1910,457.0,0.0,0.0,,0.0,0.0
G3101170,Nebraska,McPherson,1910,573.0,0.0,0.0,,0.0,0.0
G3101190,Nebraska,Madison,1910,1777.0,13.0,1607.0,,0.007315700619020821,0.9043331457512662
G3101210,Nebraska,Merrick,1910,1279.0,1.0,15.0,,0.0007818608287724785,0.011727912431587178
G3101230,Nebraska,Morrill,1910,883.0,1.0,60.0,,0.0011325028312570782,0.06795016987542468
G3101250,Nebraska,Nance,1910,1067.0,1.0,10.0,,0.0009372071227741331,0.00937207122774133
G3101270,Nebraska,Nemaha,1910,1575.0,7.0,127.0,,0.0044444444444444444,0.08063492063492063
G3101290,Nebraska,Nuckolls,1910,1659.0,8.0,2654.0,,0.004822182037371911,1.5997588908981315
G3101310,Nebraska,Otoe,1910,2298.0,5.0,197.0,,0.002175805047867711,0.08572671888598782
G3101330,Nebraska,Pawnee,1910,1485.0,0.0,0.0,,0.0,0.0
G3101350,Nebraska,Perkins,1910,437.0,1.0,410.0,,0.002288329519450801,0.9382151029748284
G3101370,Nebraska,Phelps,1910,1459.0,1.0,3.0,,0.0006854009595613434,0.00205620287868403
G3101390,Nebraska,Pierce,1910,1422.0,2.0,44.0,,0.0014064697609001407,0.030942334739803096
G3101410,Nebraska,Platte,1910,2146.0,5.0,72.0,,0.002329916123019571,0.033550792171481825
G3101430,Nebraska,Polk,1910,1548.0,1.0,250.0,,0.0006459948320413437,0.16149870801033592
G3101450,Nebraska,Red Willow,1910,1187.0,2.0,250.0,,0.0016849199663016006,0.21061499578770007
G3101470,Nebraska,Richardson,1910,2097.0,6.0,626.0,,0.002861230329041488,0.2985216976633286
G3101490,Nebraska,Rock,1910,671.0,3.0,112.0,,0.004470938897168405,0.16691505216095381
G3101510,Nebraska,Saline,1910,2205.0,7.0,374.0,,0.0031746031746031746,0.16961451247165532
G3101530,Nebraska,Sarpy,1910,930.0,6.0,104.0,,0.0064516129032258064,0.11182795698924732
G3101550,Nebraska,Saunders,1910,2796.0,7.0,296.0,,0.002503576537911302,0.10586552217453506
G3101570,Nebraska,Scotts Bluff,1910,1128.0,4.0,107.0,,0.0035460992907801418,0.09485815602836879
G3101590,Nebraska,Seward,1910,2170.0,4.0,341.0,,0.0018433179723502304,0.15714285714285714
G3101610,Nebraska,Sheridan,1910,1310.0,1.0,100.0,,0.0007633587786259542,0.07633587786259542
G3101630,Nebraska,Sherman,1910,1280.0,13.0,793.0,,0.01015625,0.61953125
G3101650,Nebraska,Sioux,1910,1420.0,0.0,0.0,,0.0,0.0
G3101670,Nebraska,Stanton,1910,1137.0,3.0,31.0,,0.002638522427440633,0.027264731750219876
G3101690,Nebraska,Thayer,1910,1924.0,5.0,89.0,,0.002598752598752599,0.04625779625779626
G3101710,Nebraska,Thomas,1910,266.0,2.0,407.0,,0.007518796992481203,1.5300751879699248
G3101730,Nebraska,Thurston,1910,1100.0,0.0,0.0,,0.0,0.0
G3101750,Nebraska,Valley,1910,1272.0,3.0,190.0,,0.0023584905660377358,0.14937106918238993
G3101770,Nebraska,Washington,1910,1629.0,6.0,257.0,,0.003683241252302026,0.15776550030693678
G3101790,Nebraska,Wayne,1910,1408.0,1.0,25.0,,0.0007102272727272727,0.01775568181818182
G3101810,Nebraska,Webster,1910,1700.0,1.0,10.0,,0.000588235294117647,0.0058823529411764705
G3101830,Nebraska,Wheeler,1910,476.0,0.0,0.0,,0.0,0.0
G3101850,Nebraska,York,1910,2184.0,4.0,108.0,,0.0018315018315018315,0.04945054945054945
G3200010,Nevada,Churchill,1910,354.0,3.0,275.0,,0.00847457627118644,0.7768361581920904
G3200030,Nevada,Clark,1910,146.0,1.0,5.0,,0.00684931506849315,0.03424657534246575
G3200050,Nevada,Douglas,1910,132.0,0.0,0.0,,0.0,0.0
G3200070,Nevada,Elko,1910,422.0,3.0,185.0,,0.0071090047393364926,0.43838862559241704
G3200090,Nevada,Esmeralda,1910,105.0,0.0,0.0,,0.0,0.0
G3200110,Nevada,Eureka,1910,68.0,0.0,0.0,,0.0,0.0
G3200130,Nevada,Humboldt,1910,312.0,3.0,270.0,,0.009615384615384616,0.8653846153846154
G3200150,Nevada,Lander,1910,55.0,0.0,0.0,,0.0,0.0
G3200170,Nevada,Lincoln,1910,135.0,0.0,0.0,,0.0,0.0
G3200190,Nevada,Lyon,1910,208.0,1.0,20.0,,0.004807692307692308,0.09615384615384616
G3200230,Nevada,Nye,1910,116.0,12.0,655.0,,0.10344827586206896,5.646551724137931
G3200250,Nevada,Ormsby,1910,45.0,2.0,474.0,,0.044444444444444446,10.533333333333333
G3200290,Nevada,Storey,1910,21.0,0.0,0.0,,0.0,0.0
G3200310,Nevada,Washoe,1910,367.0,10.0,6495.0,,0.027247956403269755,17.697547683923705
G3200330,Nevada,White Pine,1910,203.0,0.0,0.0,,0.0,0.0
G3209995,Nevada,Indian Reservations [multi-reservation reporting area],1910,0.0,0.0,0.0,,,
G3300010,New Hampshire,Belknap,1910,1774.0,1117.0,33122.0,,0.6296505073280722,18.670800450958286
G3300030,New Hampshire,Carroll,1910,2003.0,1247.0,33022.0,,0.6225661507738393,16.486270594108838
G3300050,New Hampshire,Cheshire,1910,2330.0,1403.0,47955.0,,0.6021459227467811,20.581545064377682
G3300070,New Hampshire,Coos,1910,1761.0,982.0,44722.0,,0.5576377058489494,25.39579784213515
G3300090,New Hampshire,Grafton,1910,3818.0,2289.0,73456.0,,0.5995285489785228,19.23939235201676
G3300110,New Hampshire,Hillsborough,1910,3558.0,1800.0,73286.0,,0.5059021922428331,20.59752670039348
G3300130,New Hampshire,Merrimack,1910,3836.0,2154.0,67041.0,,0.5615224191866528,17.47679874869656
G3300150,New Hampshire,Rockingham,1910,4342.0,2157.0,73651.0,,0.49677567941040995,16.96245969599263
G3300170,New Hampshire,Strafford,1910,1831.0,1080.0,36519.0,,0.5898416166029492,19.944838885854725
G3300190,New Hampshire,Sullivan,1910,1800.0,1122.0,29806.0,,0.6233333333333333,16.558888888888887
G3400010,New Jersey,Atlantic,1910,1572.0,1181.0,112758.0,,0.7512722646310432,71.72900763358778
G3400030,New Jersey,Bergen,1910,1221.0,639.0,128201.0,,0.5233415233415234,104.996723996724
G3400050,New Jersey,Burlington,1910,2389.0,1810.0,480814.0,,0.7576391795730432,201.26161573880285
G3400070,New Jersey,Camden,1910,1244.0,943.0,222535.0,,0.7580385852090032,178.88665594855306
G3400090,New Jersey,Cape May,1910,632.0,511.0,43349.0,,0.8085443037974683,68.59018987341773
G3400110,New Jersey,Cumberland,1910,2724.0,2159.0,366718.0,,0.7925844346549192,134.62481644640235
G3400130,New Jersey,Essex,1910,633.0,268.0,40445.0,,0.42338072669826227,63.89415481832543
G3400150,New Jersey,Gloucester,1910,2252.0,1926.0,626244.0,,0.8552397868561279,278.0834813499112
G3400170,New Jersey,Hudson,1910,215.0,119.0,38588.0,,0.5534883720930233,179.47906976744187
G3400190,New Jersey,Hunterdon,1910,2907.0,2169.0,152230.0,,0.7461300309597523,52.36670106639147
G3400210,New Jersey,Mercer,1910,1573.0,1295.0,277742.0,,0.8232676414494596,176.56834075015894
G3400230,New Jersey,Middlesex,1910,1542.0,1162.0,252949.0,,0.7535667963683528,164.03955901426718
G3400250,New Jersey,Monmouth,1910,2941.0,2410.0,542742.0,,0.819449166950017,184.54335260115607
G3400270,New Jersey,Morris,1910,1949.0,1214.0,106393.0,,0.6228835300153925,54.58850692662904
G3400290,New Jersey,Ocean,1910,729.0,492.0,29122.0,,0.6748971193415638,39.94787379972565
G3400310,New Jersey,Passaic,1910,854.0,343.0,49276.0,,0.4016393442622951,57.70023419203747
G3400330,New Jersey,Salem,1910,2046.0,1779.0,524778.0,,0.8695014662756598,256.48973607038124
G3400350,New Jersey,Somerset,1910,1947.0,1423.0,148154.0,,0.7308680020544427,76.0934771443246
G3400370,New Jersey,Sussex,1910,1659.0,394.0,19803.0,,0.23749246534056662,11.936708860759493
G3400390,New Jersey,Union,1910,647.0,326.0,47988.0,,0.5038639876352395,74.17001545595055
G3400410,New Jersey,Warren,1910,1811.0,1122.0,66775.0,,0.6195472114853672,36.871893981225845
G3550035,New Mexico Territory,Bernalillo,1910,925.0,109.0,8531.0,,0.11783783783783784,9.222702702702703
G3550055,New Mexico Territory,Chaves,1910,2487.0,10.0,1040.0,,0.004020908725371934,0.4181745074386811
G3550075,New Mexico Territory,Colfax,1910,693.0,4.0,375.0,,0.005772005772005772,0.5411255411255411
G3550095,New Mexico Territory,Curry,1910,2134.0,3.0,155.0,,0.0014058106841611997,0.07263355201499531
G3550115,New Mexico Territory,Dona Ana,1910,851.0,13.0,1086.0,,0.01527614571092832,1.2761457109283196
G3550135,New Mexico Territory,Eddy,1910,1411.0,12.0,352.0,,0.008504606661941885,0.24946846208362863
G3550155,New Mexico Territory,Grant,1910,627.0,6.0,165.0,,0.009569377990430622,0.2631578947368421
G3550175,New Mexico Territory,Guadalupe,1910,1760.0,15.0,421.0,,0.008522727272727272,0.23920454545454545
G3550195,New Mexico Territory,Lincoln,1910,641.0,7.0,55.0,,0.0109204368174727,0.08580343213728549
G3550215,New Mexico Territory,Luna,1910,340.0,0.0,0.0,,0.0,0.0
G3550235,New Mexico Territory,McKinley,1910,574.0,0.0,0.0,,0.0,0.0
G3550255,New Mexico Territory,Mora,1910,1988.0,142.0,1890.0,,0.07142857142857142,0.9507042253521126
G3550275,New Mexico Territory,Otero,1910,705.0,2.0,101.0,,0.0028368794326241137,0.14326241134751774
G3550295,New Mexico Territory,Quay,1910,3117.0,1.0,5.0,,0.0003208213025344883,0.0016041065126724415
G3550315,New Mexico Territory,Rio Arriba,1910,1542.0,19.0,356.0,,0.01232166018158236,0.23086900129701687
G3550335,New Mexico Territory,Roosevelt,1910,3200.0,0.0,0.0,,0.0,0.0
G3550355,New Mexico Territory,Sandoval,1910,1237.0,50.0,1393.0,,0.04042037186742118,1.126111560226354
G3550375,New Mexico Territory,San Juan,1910,924.0,1.0,4.0,,0.0010822510822510823,0.004329004329004329
G3550395,New Mexico Territory,San Miguel,1910,1468.0,152.0,3829.0,,0.10354223433242507,2.6083106267029974
G3550435,New Mexico Territory,Santa Fe,1910,1297.0,40.0,775.0,,0.03084040092521203,0.5975327679259831
G3550455,New Mexico Territory,Sierra,1910,363.0,3.0,235.0,,0.008264462809917356,0.6473829201101928
G3550475,New Mexico Territory,Socorro,1910,1122.0,42.0,1224.0,,0.0374331550802139,1.0909090909090908
G3550495,New Mexico Territory,Taos,1910,986.0,184.0,3076.0,,0.18661257606490872,3.1196754563894524
G3550515,New Mexico Territory,Torrance,1910,2069.0,0.0,0.0,,0.0,0.0
G3550535,New Mexico Territory,Union,1910,1923.0,1.0,4.0,,0.0005200208008320333,0.0020800832033281333
G3550555,New Mexico Territory,Valencia,1910,1292.0,11.0,299.0,,0.008513931888544891,0.23142414860681115
G3559995,New Mexico Territory,Indian Reservations [multi-reservation reporting area],1910,0.0,,,,,
G3600010,New York,Albany,1910,3146.0,1914.0,96146.0,,0.6083916083916084,30.561347743165925
G3600030,New York,Allegany,1910,4937.0,2282.0,77343.0,,0.4622240226858416,15.665991492809399
G3600070,New York,Broome,1910,4017.0,1624.0,53700.0,,0.4042818023400548,13.368185212845408
G3600090,New York,Cattaraugus,1910,6017.0,3198.0,99409.0,,0.5314941000498588,16.521356157553598
G3600110,New York,Cayuga,1910,4785.0,3252.0,149307.0,,0.6796238244514107,31.203134796238245
G3600130,New York,Chautauqua,1910,7500.0,5065.0,215817.0,,0.6753333333333333,28.7756
G3600150,New York,Chemung,1910,2193.0,816.0,34559.0,,0.37209302325581395,15.758777929776562
G3600170,New York,Chenango,1910,4258.0,2484.0,86591.0,,0.5833724753405355,20.33607327383748
G3600190,New York,Clinton,1910,3608.0,1366.0,59585.0,,0.3786031042128603,16.51468957871397
G3600210,New York,Columbia,1910,2963.0,1556.0,89818.0,,0.5251434357070537,30.313196085048936
G3600230,New York,Cortland,1910,2610.0,1779.0,73448.0,,0.6816091954022988,28.140996168582376
G3600250,New York,Delaware,1910,5044.0,2457.0,74988.0,,0.48711340206185566,14.866772402854878
G3600270,New York,Dutchess,1910,3600.0,1690.0,122622.0,,0.46944444444444444,34.06166666666667
G3600290,New York,Erie,1910,8178.0,5442.0,288807.0,,0.6654438738077769,35.315113719735876
G3600310,New York,Essex,1910,2274.0,909.0,59836.0,,0.3997361477572559,26.313104661389623
G3600330,New York,Franklin,1910,3675.0,2037.0,92652.0,,0.5542857142857143,25.21142857142857
G3600350,New York,Fulton,1910,1932.0,1175.0,37585.0,,0.6081780538302277,19.45393374741201
G3600370,New York,Genesee,1910,3250.0,2390.0,167711.0,,0.7353846153846154,51.60338461538461
G3600390,New York,Greene,1910,2654.0,1180.0,54191.0,,0.4446119065561417,20.418613413715146
G3600410,New York,Hamilton,1910,470.0,161.0,2689.0,,0.3425531914893617,5.721276595744681
G3600430,New York,Herkimer,1910,3092.0,1455.0,55809.0,,0.4705692108667529,18.04948253557568
G3600450,New York,Jefferson,1910,5778.0,1401.0,50319.0,,0.24247144340602284,8.708722741433021
G3600470,New York,Kings,1910,110.0,66.0,37409.0,,0.6,340.08181818181816
G3600490,New York,Lewis,1910,3343.0,1943.0,63788.0,,0.5812144780137601,19.08106491175591
G3600510,New York,Livingston,1910,3298.0,1815.0,117680.0,,0.5503335354760461,35.68223165554882
G3600530,New York,Madison,1910,4042.0,2506.0,105626.0,,0.6199901039089559,26.132112815437903
G3600550,New York,Monroe,1910,5971.0,4177.0,312255.0,,0.6995478144364428,52.29526042538938
G3600570,New York,Montgomery,1910,2189.0,868.0,32960.0,,0.39652809502055736,15.05710370031978
G3600590,New York,Nassau,1910,1017.0,859.0,597565.0,,0.8446411012782694,587.5762045231072
G3600610,New York,New York,1910,85.0,34.0,6876.0,,0.4,80.89411764705882
G3600630,New York,Niagara,1910,4346.0,2975.0,179652.0,,0.684537505752416,41.337321675103546
G3600650,New York,Oneida,1910,6929.0,3681.0,147440.0,,0.5312454899696926,21.278683792755086
G3600670,New York,Onondaga,1910,5770.0,3415.0,183527.0,,0.5918544194107452,31.807105719237434
G3600690,New York,Ontario,1910,4416.0,2758.0,176510.0,,0.6245471014492754,39.9705615942029
G3600710,New York,Orange,1910,3935.0,1166.0,130088.0,,0.2963151207115629,33.05921219822109
G3600730,New York,Orleans,1910,2780.0,2254.0,171506.0,,0.8107913669064748,61.69280575539568
G3600750,New York,Oswego,1910,6319.0,3165.0,128321.0,,0.5008703908846337,20.30716885583162
G3600770,New York,Otsego,1910,5346.0,3604.0,124789.0,,0.6741488963711186,23.342499064721288
G3600790,New York,Putnam,1910,973.0,97.0,9599.0,,0.09969167523124357,9.865364850976361
G3600810,New York,Queens,1910,720.0,493.0,287761.0,,0.6847222222222222,399.66805555555555
G3600830,New York,Rensselaer,1910,3654.0,1807.0,83317.0,,0.4945265462506842,22.8015873015873
G3600850,New York,Richmond,1910,163.0,121.0,41771.0,,0.7423312883435583,256.2638036809816
G3600870,New York,Rockland,1910,1133.0,454.0,42685.0,,0.4007060900264784,37.67431597528685
G3600890,New York,St Lawrence,1910,8224.0,3766.0,123836.0,,0.4579280155642023,15.057879377431906
G3600910,New York,Saratoga,1910,3611.0,1927.0,78051.0,,0.5336471891442813,21.61478814732761
G3600930,New York,Schenectady,1910,1027.0,637.0,31043.0,,0.620253164556962,30.226874391431352
G3600950,New York,Schoharie,1910,3288.0,1332.0,32225.0,,0.4051094890510949,9.800790754257907
G3600970,New York,Schuyler,1910,1920.0,700.0,23496.0,,0.3645833333333333,12.2375
G3600990,New York,Seneca,1910,2085.0,1444.0,69751.0,,0.6925659472422062,33.4537170263789
G3601010,New York,Steuben,1910,7363.0,2319.0,98528.0,,0.31495314409887276,13.381502105120196
G3601030,New York,Suffolk,1910,2491.0,2141.0,838006.0,,0.8594941790445604,336.4134885588117
G3601050,New York,Sullivan,1910,3851.0,971.0,29490.0,,0.2521423007011166,7.657751233445858
G3601070,New York,Tioga,1910,2844.0,1217.0,48448.0,,0.42791842475386777,17.035161744022503
G3601090,New York,Tompkins,1910,2988.0,1585.0,64572.0,,0.5304551539491299,21.610441767068274
G3601110,New York,Ulster,1910,5022.0,2266.0,152273.0,,0.4512146555157308,30.321186778176024
G3601130,New York,Warren,1910,1865.0,718.0,16926.0,,0.38498659517426276,9.075603217158177
G3601150,New York,Washington,1910,3564.0,1734.0,57318.0,,0.48653198653198654,16.08249158249158
G3601170,New York,Wayne,1910,5237.0,2430.0,174661.0,,0.4640061103685316,33.35134619056712
G3601190,New York,Westchester,1910,1880.0,640.0,84232.0,,0.3404255319148936,44.804255319148936
G3601210,New York,Wyoming,1910,3529.0,2774.0,137550.0,,0.7860583734769057,38.97704732218759
G3601230,New York,Yates,1910,2288.0,1391.0,57802.0,,0.6079545454545454,25.263111888111887
G3700010,North Carolina,Alamance,1910,2508.0,2173.0,77442.0,,0.8664274322169059,30.87799043062201
G3700030,North Carolina,Alexander,1910,1924.0,1467.0,30141.0,,0.7624740124740125,15.665800415800415
G3700050,North Carolina,Alleghany,1910,1466.0,899.0,18804.0,,0.6132332878581174,12.826739427012278
G3700070,North Carolina,Anson,1910,3332.0,2662.0,264363.0,,0.7989195678271308,79.3406362545018
G3700090,North Carolina,Ashe,1910,3215.0,1128.0,15437.0,,0.35085536547433904,4.801555209953344
G3700130,North Carolina,Beaufort,1910,2951.0,1828.0,139754.0,,0.6194510335479498,47.358183666553714
G3700150,North Carolina,Bertie,1910,3183.0,2532.0,157807.0,,0.7954759660697456,49.57807100219918
G3700170,North Carolina,Bladen,1910,2495.0,1560.0,83680.0,,0.625250501002004,33.53907815631263
G3700190,North Carolina,Brunswick,1910,1666.0,852.0,32736.0,,0.5114045618247299,19.649459783913567
G3700210,North Carolina,Buncombe,1910,4145.0,1261.0,26283.0,,0.30422195416164055,6.340892641737033
G3700230,North Carolina,Burke,1910,2569.0,1535.0,31975.0,,0.597508758271701,12.446477228493578
G3700250,North Carolina,Cabarrus,1910,2374.0,1953.0,70554.0,,0.8226621735467565,29.719460825610785
G3700270,North Carolina,Caldwell,1910,2548.0,1273.0,25163.0,,0.49960753532182106,9.87558869701727
G3700290,North Carolina,Camden,1910,821.0,608.0,40239.0,,0.7405602923264312,49.012180267965896
G3700310,North Carolina,Carteret,1910,982.0,599.0,29758.0,,0.609979633401222,30.30346232179226
G3700330,North Carolina,Caswell,1910,2002.0,1776.0,106610.0,,0.8871128871128872,53.25174825174825
G3700350,North Carolina,Catawba,1910,3199.0,2782.0,79770.0,,0.8696467646139419,24.93591747421069
G3700370,North Carolina,Chatham,1910,3646.0,3101.0,100156.0,,0.8505211190345584,27.47010422380691
G3700390,North Carolina,Cherokee,1910,1912.0,485.0,5583.0,,0.2536610878661088,2.919979079497908
G3700410,North Carolina,Chowan,1910,983.0,791.0,63800.0,,0.8046795523906409,64.90335707019328
G3700430,North Carolina,Clay,1910,762.0,234.0,2356.0,,0.30708661417322836,3.0918635170603674
G3700450,North Carolina,Cleveland,1910,4032.0,3616.0,156850.0,,0.8968253968253969,38.901289682539684
G3700470,North Carolina,Columbus,1910,3394.0,2578.0,189020.0,,0.7595757218621096,55.692398350029464
G3700490,North Carolina,Craven,1910,2098.0,1006.0,98572.0,,0.47950428979980936,46.98379408960915
G3700510,North Carolina,Cumberland,1910,3463.0,2552.0,278945.0,,0.7369332948310713,80.55010106843777
G3700530,North Carolina,Currituck,1910,932.0,594.0,86360.0,,0.6373390557939914,92.66094420600858
G3700550,North Carolina,Dare,1910,136.0,56.0,1250.0,,0.4117647058823529,9.191176470588236
G3700570,North Carolina,Davidson,1910,3505.0,2964.0,78622.0,,0.8456490727532097,22.43138373751783
G3700590,North Carolina,Davie,1910,1794.0,1197.0,20573.0,,0.6672240802675585,11.467670011148272
G3700610,North Carolina,Duplin,1910,3847.0,3065.0,243420.0,,0.7967247205614765,63.275279438523526
G3700630,North Carolina,Durham,1910,1616.0,1346.0,51054.0,,0.8329207920792079,31.592821782178216
G3700650,North Carolina,Edgecombe,1910,2929.0,2337.0,406812.0,,0.797883236599522,138.8910891089109
G3700670,North Carolina,Forsyth,1910,2647.0,2337.0,81727.0,,0.8828862863619191,30.875330562901397
G3700690,North Carolina,Franklin,1910,3567.0,2985.0,164738.0,,0.8368376787216149,46.18390804597701
G3700710,North Carolina,Gaston,1910,2859.0,2460.0,107803.0,,0.8604407135362014,37.70654074851347
G3700730,North Carolina,Gates,1910,1439.0,1126.0,78709.0,,0.7824878387769284,54.69701181375955
G3700750,North Carolina,Graham,1910,770.0,61.0,1050.0,,0.07922077922077922,1.3636363636363635
G3700770,North Carolina,Granville,1910,3259.0,2920.0,172771.0,,0.8959803620742559,53.013501073949065
G3700790,North Carolina,Greene,1910,2193.0,1877.0,226008.0,,0.8559051527587779,103.05882352941177
G3700810,North Carolina,Guilford,1910,3776.0,3089.0,106713.0,,0.8180614406779662,28.260858050847457
G3700830,North Carolina,Halifax,1910,4295.0,3337.0,288329.0,,0.7769499417927823,67.1313154831199
G3700850,North Carolina,Harnett,1910,2710.0,2345.0,179422.0,,0.8653136531365314,66.20738007380073
G3700870,North Carolina,Haywood,1910,2125.0,404.0,10125.0,,0.19011764705882353,4.764705882352941
G3700890,North Carolina,Henderson,1910,2169.0,1180.0,26075.0,,0.5440295066851083,12.02166897187644
G3700910,North Carolina,Hertford,1910,2258.0,1766.0,123027.0,,0.7821080602302923,54.48494242692648
G3700950,North Carolina,Hyde,1910,1341.0,478.0,18294.0,,0.3564504101416853,13.642058165548098
G3700970,North Carolina,Iredell,1910,3967.0,3345.0,107263.0,,0.8432064532392236,27.038820267204436
G3700990,North Carolina,Jackson,1910,1897.0,379.0,5931.0,,0.19978914074855034,3.1265155508697946
G3701010,North Carolina,Johnston,1910,6022.0,5291.0,612798.0,,0.8786117568913983,101.75988043839256
G3701030,North Carolina,Jones,1910,1367.0,936.0,70734.0,,0.6847110460863204,51.74396488661302
G3701050,North Carolina,Lee,1910,1272.0,1082.0,43527.0,,0.85062893081761,34.219339622641506
G3701070,North Carolina,Lenoir,1910,2423.0,1928.0,247591.0,,0.7957078002476269,102.1836566240198
G3701090,North Carolina,Lincoln,1910,2244.0,1845.0,61012.0,,0.8221925133689839,27.188948306595364
G3701110,North Carolina,McDowell,1910,1624.0,371.0,4668.0,,0.22844827586206898,2.874384236453202
G3701130,North Carolina,Macon,1910,1944.0,385.0,5272.0,,0.19804526748971193,2.711934156378601
G3701150,North Carolina,Madison,1910,3273.0,325.0,3752.0,,0.09929728078215705,1.1463489153681639
G3701170,North Carolina,Martin,1910,2134.0,1779.0,291982.0,,0.8336457357075914,136.82380506091846
G3701190,North Carolina,Mecklenburg,1910,4439.0,3615.0,206939.0,,0.8143726064428926,46.618382518585264
G3701210,North Carolina,Mitchell,1910,2486.0,333.0,5729.0,,0.13395012067578438,2.3045052292839903
G3701230,North Carolina,Montgomery,1910,1671.0,1435.0,52157.0,,0.8587672052663076,31.213046080191504
G3701250,North Carolina,Moore,1910,1825.0,1474.0,50824.0,,0.8076712328767123,27.848767123287672
G3701270,North Carolina,Nash,1910,4194.0,3746.0,378006.0,,0.8931807343824512,90.13018597997139
G3701290,North Carolina,New Hanover,1910,420.0,254.0,30909.0,,0.6047619047619047,73.59285714285714
G3701310,North Carolina,Northampton,1910,3441.0,2710.0,176602.0,,0.7875617553036908,51.32287125835513
G3701330,North Carolina,Onslow,1910,2061.0,1129.0,44916.0,,0.5477923338185346,21.79330422125182
G3701350,North Carolina,Orange,1910,1967.0,1731.0,65195.0,,0.8800203355363497,33.14438230808337
G3701370,North Carolina,Pamlico,1910,1082.0,782.0,51344.0,,0.722735674676525,47.45286506469501
G3701390,North Carolina,Pasquotank,1910,1264.0,861.0,62470.0,,0.6811708860759493,49.42246835443038
G3701410,North Carolina,Pender,1910,1983.0,1162.0,50943.0,,0.5859808371154815,25.689863842662632
G3701430,North Carolina,Perquimans,1910,1319.0,1000.0,58805.0,,0.7581501137225171,44.58301743745262
G3701450,North Carolina,Person,1910,2365.0,2173.0,147538.0,,0.918816067653277,62.38393234672304
G3701470,North Carolina,Pitt,1910,4696.0,3837.0,478508.0,,0.8170783645655877,101.896933560477
G3701490,North Carolina,Polk,1910,1166.0,865.0,26366.0,,0.741852487135506,22.612349914236706
G3701510,North Carolina,Randolph,1910,4011.0,3520.0,100512.0,,0.8775866367489404,25.05908750934929
G3701530,North Carolina,Richmond,1910,1621.0,1339.0,173769.0,,0.8260333127698951,107.19864281307835
G3701550,North Carolina,Robeson,1910,6450.0,5326.0,1058741.0,,0.8257364341085272,164.14589147286821
G3701570,North Carolina,Rockingham,1910,3189.0,2823.0,116856.0,,0.8852304797742239,36.64346190028222
G3701590,North Carolina,Rowan,1910,3241.0,2701.0,93887.0,,0.8333847577908053,28.96852823202715
G3701610,North Carolina,Rutherford,1910,3447.0,2600.0,80190.0,,0.7542790832608065,23.263707571801568
G3701630,North Carolina,Sampson,1910,4577.0,3846.0,301778.0,,0.8402883985143107,65.93358094821936
G3701650,North Carolina,Scotland,1910,1489.0,1018.0,338079.0,,0.6836803223640027,227.051040967092
G3701670,North Carolina,Stanly,1910,2445.0,2050.0,77368.0,,0.8384458077709611,31.643353783231085
G3701690,North Carolina,Stokes,1910,3357.0,3001.0,104822.0,,0.8939529341674114,31.224903187369677
G3701710,North Carolina,Surry,1910,4187.0,3025.0,102972.0,,0.7224743252925723,24.59326486744686
G3701730,North Carolina,Swain,1910,1383.0,45.0,605.0,,0.03253796095444685,0.4374548083875633
G3701750,North Carolina,Transylvania,1910,892.0,430.0,10020.0,,0.4820627802690583,11.233183856502242
G3701770,North Carolina,Tyrrell,1910,698.0,441.0,34263.0,,0.6318051575931232,49.087392550143264
G3701790,North Carolina,Union,1910,4856.0,3384.0,160979.0,,0.6968698517298187,33.15053542009885
G3701810,North Carolina,Vance,1910,2021.0,1686.0,105803.0,,0.8342404750123701,52.351806036615535
G3701830,North Carolina,Wake,1910,6137.0,5245.0,387777.0,,0.8546521101515399,63.18673619032101
G3701850,North Carolina,Warren,1910,2720.0,2368.0,115631.0,,0.8705882352941177,42.511397058823526
G3701870,North Carolina,Washington,1910,975.0,669.0,42431.0,,0.6861538461538461,43.51897435897436
G3701890,North Carolina,Watauga,1910,2332.0,725.0,7926.0,,0.3108919382504288,3.3987993138936536
G3701910,North Carolina,Wayne,1910,4035.0,3501.0,428871.0,,0.8676579925650557,106.28773234200743
G3701930,North Carolina,Wilkes,1910,5233.0,2804.0,39919.0,,0.5358303076629085,7.628320275176763
G3701950,North Carolina,Wilson,1910,3406.0,2971.0,393659.0,,0.8722842043452731,115.57809747504405
G3701970,North Carolina,Yadkin,1910,2476.0,1957.0,41900.0,,0.7903877221324718,16.922455573505655
G3701990,North Carolina,Yancey,1910,2164.0,295.0,3314.0,,0.13632162661737524,1.5314232902033271
G3800010,North Dakota,Adams,1910,1344.0,5.0,361.0,,0.003720238095238095,0.26860119047619047
G3800030,North Dakota,Barnes,1910,1751.0,10.0,430.0,,0.0057110222729868645,0.24557395773843518
G3800050,North Dakota,Benson,1910,1545.0,3.0,290.0,,0.001941747572815534,0.18770226537216828
G3800070,North Dakota,Billings,1910,1708.0,0.0,0.0,,0.0,0.0
G3800090,North Dakota,Bottineau,1910,2304.0,3.0,160.0,,0.0013020833333333333,0.06944444444444445
G3800110,North Dakota,Bowman,1910,942.0,0.0,0.0,,0.0,0.0
G3800130,North Dakota,Burke,1910,1568.0,2.0,34.0,,0.0012755102040816326,0.021683673469387755
G3800150,North Dakota,Burleigh,1910,1416.0,3.0,235.0,,0.00211864406779661,0.16596045197740114
G3800170,North Dakota,Cass,1910,2046.0,5.0,313.0,,0.0024437927663734115,0.15298142717497556
G3800190,North Dakota,Cavalier,1910,1944.0,2.0,100.0,,0.00102880658436214,0.051440329218107
G3800210,North Dakota,Dickey,1910,1089.0,4.0,120.0,,0.0036730945821854912,0.11019283746556474
G3800230,North Dakota,Divide,1910,961.0,1.0,15.0,,0.001040582726326743,0.015608740894901144
G3800250,North Dakota,Dunn,1910,1461.0,3.0,167.0,,0.002053388090349076,0.11430527036276524
G3800270,North Dakota,Eddy,1910,646.0,0.0,0.0,,0.0,0.0
G3800290,North Dakota,Emmons,1910,1490.0,4.0,165.0,,0.0026845637583892616,0.11073825503355705
G3800310,North Dakota,Foster,1910,631.0,4.0,194.0,,0.006339144215530904,0.3074484944532488
G3800350,North Dakota,Grand Forks,1910,1900.0,43.0,2456.0,,0.022631578947368423,1.2926315789473684
G3800390,North Dakota,Griggs,1910,808.0,9.0,662.0,,0.011138613861386138,0.8193069306930693
G3800410,North Dakota,Hettinger,1910,1326.0,1.0,10.0,,0.0007541478129713424,0.007541478129713424
G3800430,North Dakota,Kidder,1910,1241.0,2.0,110.0,,0.0016116035455278,0.088638195004029
G3800450,North Dakota,LaMoure,1910,1302.0,2.0,45.0,,0.0015360983102918587,0.03456221198156682
G3800470,North Dakota,Logan,1910,1017.0,0.0,0.0,,0.0,0.0
G3800490,North Dakota,McHenry,1910,2329.0,8.0,691.0,,0.0034349506225848005,0.29669386002576215
G3800510,North Dakota,McIntosh,1910,933.0,1.0,40.0,,0.0010718113612004287,0.04287245444801715
G3800530,North Dakota,McKenzie,1910,1406.0,0.0,0.0,,0.0,0.0
G3800550,North Dakota,McLean,1910,2379.0,0.0,0.0,,0.0,0.0
G3800570,North Dakota,Mercer,1910,860.0,0.0,0.0,,0.0,0.0
G3800590,North Dakota,Morton,1910,3984.0,1.0,50.0,,0.000251004016064257,0.012550200803212851
G3800610,North Dakota,Mountrail,1910,1830.0,12.0,533.0,,0.006557377049180328,0.2912568306010929
G3800630,North Dakota,Nelson,1910,1180.0,0.0,0.0,,0.0,0.0
G3800650,North Dakota,Oliver,1910,840.0,0.0,0.0,,0.0,0.0
G3800670,North Dakota,Pembina,1910,1517.0,1.0,250.0,,0.0006591957811470006,0.16479894528675015
G3800690,North Dakota,Pierce,1910,1275.0,2.0,135.0,,0.001568627450980392,0.10588235294117647
G3800710,North Dakota,Ramsey,1910,1315.0,2.0,351.0,,0.001520912547528517,0.26692015209125475
G3800730,North Dakota,Ransom,1910,1181.0,3.0,155.0,,0.002540220152413209,0.13124470787468248
G3800750,North Dakota,Renville,1910,1348.0,0.0,0.0,,0.0,0.0
G3800770,North Dakota,Richland,1910,2101.0,9.0,351.0,,0.004283674440742504,0.16706330318895765
G3800790,North Dakota,Rolette,1910,1329.0,9.0,419.0,,0.006772009029345372,0.3152746425884123
G3800810,North Dakota,Sargent,1910,1191.0,2.0,140.0,,0.0016792611251049538,0.11754827875734676
G3800830,North Dakota,Sheridan,1910,1207.0,0.0,0.0,,0.0,0.0
G3800890,North Dakota,Stark,1910,1456.0,2.0,35.0,,0.0013736263736263737,0.02403846153846154
G3800910,North Dakota,Steele,1910,888.0,0.0,0.0,,0.0,0.0
G3800930,North Dakota,Stutsman,1910,2147.0,1.0,15.0,,0.0004657661853749418,0.0069864927806241265
G3800950,North Dakota,Towner,1910,1044.0,0.0,0.0,,0.0,0.0
G3800970,North Dakota,Traill,1910,1150.0,3.0,141.0,,0.0026086956521739132,0.12260869565217392
G3800990,North Dakota,Walsh,1910,2179.0,6.0,375.0,,0.0027535566773749425,0.1720972923359339
G3801010,North Dakota,Ward,1910,2811.0,4.0,285.0,,0.001422981145499822,0.10138740661686232
G3801030,North Dakota,Wells,1910,1438.0,2.0,130.0,,0.0013908205841446453,0.09040333796940195
G3801050,North Dakota,Williams,1910,2602.0,1.0,40.0,,0.0003843197540353574,0.015372790161414296
G3809995,North Dakota,Indian Reservations [multi-reservation reporting area],1910,0.0,,,,,
G3900010,Ohio,Adams,1910,3634.0,2380.0,74981.0,,0.654925701706109,20.633186571271327
G3900030,Ohio,Allen,1910,2939.0,428.0,12957.0,,0.14562776454576387,4.408642395372576
G3900050,Ohio,Ashland,1910,2667.0,1694.0,55182.0,,0.6351706036745407,20.69066366704162
G3900070,Ohio,Ashtabula,1910,4926.0,3256.0,105347.0,,0.6609825416159155,21.38591149005278
G3900090,Ohio,Athens,1910,2726.0,1088.0,26524.0,,0.3991195891415994,9.730007336757152
G3900110,Ohio,Auglaize,1910,2736.0,412.0,12209.0,,0.15058479532163743,4.4623538011695905
G3900130,Ohio,Belmont,1910,3780.0,1442.0,35976.0,,0.3814814814814815,9.517460317460317
G3900150,Ohio,Brown,1910,4111.0,1933.0,50626.0,,0.470201897348577,12.314765263926052
G3900170,Ohio,Butler,1910,2606.0,570.0,24844.0,,0.21872601688411358,9.533384497313891
G3900190,Ohio,Carroll,1910,2170.0,1380.0,37244.0,,0.6359447004608295,17.163133640552996
G3900210,Ohio,Champaign,1910,2462.0,684.0,29218.0,,0.2778229082047116,11.867587327376118
G3900230,Ohio,Clark,1910,2532.0,792.0,34514.0,,0.3127962085308057,13.631121642969985
G3900250,Ohio,Clermont,1910,3876.0,1639.0,47602.0,,0.42285861713106293,12.281217750257998
G3900270,Ohio,Clinton,1910,2586.0,1594.0,68794.0,,0.6163959783449343,26.60247486465584
G3900290,Ohio,Columbiana,1910,3921.0,2346.0,77969.0,,0.5983167559296098,19.884978321856668
G3900310,Ohio,Coshocton,1910,3200.0,1602.0,38711.0,,0.500625,12.0971875
G3900330,Ohio,Crawford,1910,2494.0,1374.0,46821.0,,0.5509222133119487,18.77345629510826
G3900350,Ohio,Cuyahoga,1910,4493.0,2643.0,163304.0,,0.5882483863788115,36.346316492321385
G3900370,Ohio,Darke,1910,5503.0,1114.0,32115.0,,0.20243503543521715,5.835907686716337
G3900390,Ohio,Defiance,1910,2659.0,265.0,6585.0,,0.0996615268898082,2.4764949229033473
G3900410,Ohio,Delaware,1910,3073.0,1270.0,35746.0,,0.41327692808330624,11.632281158477058
G3900430,Ohio,Erie,1910,1956.0,1004.0,42233.0,,0.5132924335378323,21.59151329243354
G3900450,Ohio,Fairfield,1910,3407.0,2364.0,84759.0,,0.6938655708834752,24.87789844437922
G3900470,Ohio,Fayette,1910,1846.0,1073.0,60743.0,,0.5812567713976164,32.905200433369444
G3900490,Ohio,Franklin,1910,3842.0,1240.0,52254.0,,0.32274856845393024,13.600728787090057
G3900510,Ohio,Fulton,1910,3124.0,907.0,23570.0,,0.29033290653008964,7.544814340588989
G3900530,Ohio,Gallia,1910,3228.0,1112.0,24852.0,,0.3444857496902107,7.698884758364312
G3900550,Ohio,Geauga,1910,2574.0,1799.0,57598.0,,0.6989121989121989,22.376845376845377
G3900570,Ohio,Greene,1910,2575.0,914.0,40653.0,,0.3549514563106796,15.78757281553398
G3900590,Ohio,Guernsey,1910,3051.0,1540.0,29170.0,,0.5047525401507702,9.560799737790889
G3900610,Ohio,Hamilton,1910,4129.0,1056.0,46421.0,,0.2557519980624849,11.242673770888835
G3900630,Ohio,Hancock,1910,3304.0,773.0,26813.0,,0.2339588377723971,8.115314769975788
G3900650,Ohio,Hardin,1910,3172.0,375.0,25535.0,,0.1182219419924338,8.050126103404791
G3900670,Ohio,Harrison,1910,2256.0,791.0,15560.0,,0.35062056737588654,6.897163120567376
G3900690,Ohio,Henry,1910,3032.0,357.0,12573.0,,0.11774406332453825,4.146767810026385
G3900710,Ohio,Highland,1910,3519.0,2481.0,99265.0,,0.7050298380221653,28.208297811878374
G3900730,Ohio,Hocking,1910,1985.0,1253.0,31863.0,,0.6312342569269521,16.051889168765744
G3900750,Ohio,Holmes,1910,2599.0,1866.0,52360.0,,0.7179684494036168,20.14621008080031
G3900770,Ohio,Huron,1910,2928.0,2150.0,78943.0,,0.7342896174863388,26.961407103825138
G3900790,Ohio,Jackson,1910,2178.0,1155.0,34121.0,,0.5303030303030303,15.666207529843893
G3900810,Ohio,Jefferson,1910,1984.0,746.0,21155.0,,0.37600806451612906,10.662802419354838
G3900830,Ohio,Knox,1910,3272.0,2078.0,66922.0,,0.6350855745721271,20.452933985330073
G3900850,Ohio,Lake,1910,1945.0,1047.0,60585.0,,0.5383033419023137,31.14910025706941
G3900870,Ohio,Lawrence,1910,2940.0,232.0,6762.0,,0.07891156462585033,2.3
G3900890,Ohio,Licking,1910,4307.0,2262.0,71212.0,,0.525191548641746,16.53401439517065
G3900910,Ohio,Logan,1910,2886.0,336.0,11044.0,,0.11642411642411643,3.8267498267498268
G3900930,Ohio,Lorain,1910,3586.0,2390.0,99675.0,,0.6664807585052984,27.79559397657557
G3900950,Ohio,Lucas,1910,2784.0,644.0,29311.0,,0.23132183908045978,10.52837643678161
G3900970,Ohio,Madison,1910,1833.0,401.0,22605.0,,0.21876704855428258,12.332242225859247
G3900990,Ohio,Mahoning,1910,3024.0,2208.0,87076.0,,0.7301587301587301,28.794973544973544
G3901010,Ohio,Marion,1910,2141.0,564.0,17021.0,,0.2634283045305932,7.950023353573097
G3901030,Ohio,Medina,1910,3159.0,2467.0,109469.0,,0.780943336498892,34.65305476416587
G3901050,Ohio,Meigs,1910,3036.0,1375.0,34721.0,,0.4528985507246377,11.436429512516469
G3901070,Ohio,Mercer,1910,3213.0,430.0,14327.0,,0.13383131030189854,4.459072517896048
G3901090,Ohio,Miami,1910,3328.0,916.0,31181.0,,0.27524038461538464,9.369290865384615
G3901110,Ohio,Monroe,1910,3288.0,1564.0,30022.0,,0.47566909975669097,9.130778588807786
G3901130,Ohio,Montgomery,1910,4994.0,1951.0,69350.0,,0.3906688025630757,13.886663996796155
G3901150,Ohio,Morgan,1910,2653.0,1549.0,39046.0,,0.5838673200150772,14.717678100263852
G3901170,Ohio,Morrow,1910,2743.0,1644.0,42205.0,,0.5993437841779073,15.386438206343419
G3901190,Ohio,Muskingum,1910,3861.0,2201.0,58779.0,,0.5700595700595701,15.223776223776223
G3901210,Ohio,Noble,1910,2713.0,1139.0,19636.0,,0.4198304460007372,7.237744194618504
G3901230,Ohio,Ottawa,1910,2216.0,85.0,2600.0,,0.03835740072202166,1.1732851985559567
G3901250,Ohio,Paulding,1910,2840.0,43.0,1095.0,,0.015140845070422536,0.3855633802816901
G3901270,Ohio,Perry,1910,2414.0,1715.0,59665.0,,0.7104391052195526,24.716238608119305
G3901290,Ohio,Pickaway,1910,2306.0,1488.0,82326.0,,0.645273200346921,35.700780572419774
G3901310,Ohio,Pike,1910,2189.0,1213.0,43377.0,,0.5541343079031521,19.815897670169026
G3901330,Ohio,Portage,1910,3591.0,2475.0,95286.0,,0.6892230576441103,26.53467000835422
G3901350,Ohio,Preble,1910,3309.0,2054.0,77788.0,,0.6207313387730432,23.508008461770928
G3901370,Ohio,Putnam,1910,3469.0,36.0,995.0,,0.010377630441049293,0.2868261746901124
G3901390,Ohio,Richland,1910,3262.0,1841.0,61273.0,,0.5643776824034334,18.783874923359903
G3901410,Ohio,Ross,1910,3218.0,1592.0,75324.0,,0.4947172156619018,23.40708514605345
G3901430,Ohio,Sandusky,1910,2945.0,1310.0,44960.0,,0.44482173174872663,15.266553480475382
G3901450,Ohio,Scioto,1910,2896.0,1399.0,52548.0,,0.4830801104972376,18.145027624309392
G3901470,Ohio,Seneca,1910,3344.0,2284.0,83061.0,,0.6830143540669856,24.838815789473685
G3901490,Ohio,Shelby,1910,2718.0,734.0,19882.0,,0.27005150846210446,7.314937454010302
G3901510,Ohio,Stark,1910,4853.0,2996.0,137790.0,,0.6173500927261488,28.392746754584792
G3901530,Ohio,Summit,1910,2959.0,1505.0,75627.0,,0.5086177762757689,25.558296721865496
G3901550,Ohio,Trumbull,1910,4456.0,2501.0,73736.0,,0.5612657091561939,16.5475763016158
G3901570,Ohio,Tuscarawas,1910,3634.0,1627.0,46235.0,,0.4477160154100165,12.722894881673087
G3901590,Ohio,Union,1910,2773.0,528.0,15250.0,,0.19040750090155067,5.499459069599712
G3901610,Ohio,Van Wert,1910,2921.0,27.0,763.0,,0.009243409791167409,0.26121191372817526
G3901630,Ohio,Vinton,1910,1823.0,868.0,27349.0,,0.47613823368074604,15.002194185408667
G3901650,Ohio,Warren,1910,2687.0,968.0,36594.0,,0.36025307033866766,13.618905842947525
G3901670,Ohio,Washington,1910,4187.0,2109.0,65806.0,,0.5037019345593504,15.716742297587771
G3901690,Ohio,Wayne,1910,3955.0,3030.0,139566.0,,0.7661188369152971,35.28849557522124
G3901710,Ohio,Williams,1910,2913.0,800.0,17340.0,,0.2746309646412633,5.952626158599382
G3901730,Ohio,Wood,1910,4357.0,568.0,20613.0,,0.13036492999770485,4.73100757401882
G3901750,Ohio,Wyandot,1910,2321.0,832.0,24977.0,,0.35846617837139166,10.761309780267126
G4000010,Oklahoma,Adair,1910,1235.0,3.0,31.0,,0.0024291497975708503,0.025101214574898785
G4000030,Oklahoma,Alfalfa,1910,2533.0,2.0,20.0,,0.0007895775759968417,0.007895775759968417
G4000050,Oklahoma,Atoka,1910,1695.0,0.0,0.0,,0.0,0.0
G4000070,Oklahoma,Beaver,1910,3568.0,7.0,291.0,,0.001961883408071749,0.08155829596412556
G4000090,Oklahoma,Beckham,1910,2492.0,3.0,325.0,,0.001203852327447833,0.13041733547351525
G4000110,Oklahoma,Blaine,1910,2387.0,7.0,160.0,,0.002932551319648094,0.06702974444909929
G4000130,Oklahoma,Bryan,1910,3345.0,4.0,68.0,,0.001195814648729447,0.020328849028400597
G4000150,Oklahoma,Caddo,1910,4941.0,9.0,1831.0,,0.0018214936247723133,0.3705727585509006
G4000170,Oklahoma,Canadian,1910,2562.0,11.0,446.0,,0.00429352068696331,0.17408274785323966
G4000190,Oklahoma,Carter,1910,2659.0,8.0,185.0,,0.003008649868371568,0.06957502820609252
G4000210,Oklahoma,Cherokee,1910,1999.0,3.0,171.0,,0.0015007503751875938,0.08554277138569284
G4000230,Oklahoma,Choctaw,1910,2040.0,2.0,122.0,,0.000980392156862745,0.059803921568627454
G4000250,Oklahoma,Cimarron,1910,1307.0,1.0,6.0,,0.0007651109410864575,0.0045906656465187455
G4000270,Oklahoma,Cleveland,1910,2429.0,11.0,236.0,,0.004528612597776863,0.09715932482503088
G4000290,Oklahoma,Coal,1910,1166.0,1.0,25.0,,0.0008576329331046312,0.02144082332761578
G4000310,Oklahoma,Comanche,1910,5207.0,9.0,734.0,,0.0017284424812752065,0.14096408680622238
G4000350,Oklahoma,Craig,1910,2108.0,7.0,1139.0,,0.003320683111954459,0.5403225806451613
G4000370,Oklahoma,Creek,1910,1914.0,4.0,70.0,,0.0020898641588296763,0.03657262277951933
G4000390,Oklahoma,Custer,1910,2881.0,6.0,118.0,,0.0020826102047900035,0.040958000694203404
G4000410,Oklahoma,Delaware,1910,1723.0,17.0,543.0,,0.009866511897852582,0.3151479976784678
G4000430,Oklahoma,Dewey,1910,2597.0,6.0,765.0,,0.0023103581055063534,0.2945706584520601
G4000450,Oklahoma,Ellis,1910,2791.0,3.0,160.0,,0.0010748835542816195,0.057327122895019705
G4000470,Oklahoma,Garfield,1910,3291.0,5.0,287.0,,0.0015192950470981465,0.0872075357034336
G4000490,Oklahoma,Garvin,1910,3289.0,8.0,200.0,,0.002432350258437215,0.060808756460930376
G4000510,Oklahoma,Grady,1910,3006.0,9.0,177.0,,0.0029940119760479044,0.05888223552894212
G4000530,Oklahoma,Grant,1910,2970.0,4.0,126.0,,0.0013468013468013469,0.04242424242424243
G4000550,Oklahoma,Greer,1910,2058.0,6.0,300.0,,0.0029154518950437317,0.1457725947521866
G4000570,Oklahoma,Harmon,1910,1762.0,0.0,0.0,,0.0,0.0
G4000590,Oklahoma,Harper,1910,1955.0,0.0,0.0,,0.0,0.0
G4000610,Oklahoma,Haskell,1910,2401.0,35.0,710.0,,0.014577259475218658,0.29571012078300707
G4000630,Oklahoma,Hughes,1910,3028.0,3.0,23.0,,0.0009907529722589167,0.007595772787318362
G4000650,Oklahoma,Jackson,1910,2765.0,1.0,35.0,,0.0003616636528028933,0.012658227848101266
G4000670,Oklahoma,Jefferson,1910,1880.0,8.0,500.0,,0.00425531914893617,0.26595744680851063
G4000690,Oklahoma,Johnston,1910,2035.0,2.0,233.0,,0.0009828009828009828,0.11449631449631449
G4000710,Oklahoma,Kay,1910,2995.0,12.0,2053.0,,0.004006677796327212,0.6854757929883138
G4000730,Oklahoma,Kingfisher,1910,2808.0,0.0,0.0,,0.0,0.0
G4000750,Oklahoma,Kiowa,1910,3576.0,4.0,87.0,,0.0011185682326621924,0.024328859060402684
G4000770,Oklahoma,Latimer,1910,786.0,2.0,80.0,,0.002544529262086514,0.10178117048346055
G4000790,Oklahoma,Le Flore,1910,3433.0,114.0,2224.0,,0.033207107486163706,0.6478298863967376
G4000810,Oklahoma,Lincoln,1910,5001.0,8.0,131.0,,0.0015996800639872025,0.026194761047790442
G4000830,Oklahoma,Logan,1910,3186.0,10.0,679.0,,0.003138731952291274,0.21311989956057753
G4000850,Oklahoma,Love,1910,1408.0,2.0,69.0,,0.0014204545454545455,0.049005681818181816
G4000870,Oklahoma,McClain,1910,1891.0,1.0,5.0,,0.0005288207297726071,0.0026441036488630354
G4000890,Oklahoma,McCurtain,1910,1954.0,3.0,576.0,,0.0015353121801432957,0.2947799385875128
G4000910,Oklahoma,McIntosh,1910,2785.0,5.0,34.0,,0.0017953321364452424,0.012208258527827648
G4000930,Oklahoma,Major,1910,2469.0,4.0,175.0,,0.0016200891049007696,0.07087889833940866
G4000950,Oklahoma,Marshall,1910,1509.0,1.0,150.0,,0.0006626905235255136,0.09940357852882704
G4000970,Oklahoma,Mayes,1910,1808.0,2.0,60.0,,0.0011061946902654867,0.033185840707964605
G4000990,Oklahoma,Murray,1910,1218.0,3.0,163.0,,0.0024630541871921183,0.13382594417077176
G4001010,Oklahoma,Muskogee,1910,3192.0,16.0,2701.0,,0.005012531328320802,0.8461779448621554
G4001030,Oklahoma,Noble,1910,2035.0,6.0,123.0,,0.0029484029484029483,0.06044226044226044
G4001050,Oklahoma,Nowata,1910,1315.0,4.0,69.0,,0.003041825095057034,0.05247148288973384
G4001070,Oklahoma,Okfuskee,1910,2478.0,3.0,223.0,,0.0012106537530266344,0.08999192897497982
G4001090,Oklahoma,Oklahoma,1910,2839.0,22.0,1373.0,,0.007749207467418105,0.48362099330750263
G4001110,Oklahoma,Okmulgee,1910,1904.0,4.0,565.0,,0.0021008403361344537,0.2967436974789916
G4001130,Oklahoma,Osage,1910,1945.0,7.0,405.0,,0.0035989717223650387,0.20822622107969152
G4001150,Oklahoma,Ottawa,1910,1661.0,21.0,1282.0,,0.012642986152919929,0.7718242022877785
G4001170,Oklahoma,Pawnee,1910,2215.0,6.0,205.0,,0.002708803611738149,0.09255079006772009
G4001190,Oklahoma,Payne,1910,3170.0,11.0,837.0,,0.003470031545741325,0.2640378548895899
G4001210,Oklahoma,Pittsburg,1910,2701.0,10.0,160.0,,0.0037023324694557573,0.059237319511292116
G4001230,Oklahoma,Pontotoc,1910,2722.0,8.0,660.0,,0.0029390154298310064,0.24246877296105804
G4001250,Oklahoma,Pottawatomie,1910,4752.0,18.0,698.0,,0.003787878787878788,0.1468855218855219
G4001270,Oklahoma,Pushmataha,1910,908.0,1.0,30.0,,0.0011013215859030838,0.03303964757709251
G4001290,Oklahoma,Roger Mills,1910,2592.0,5.0,60.0,,0.0019290123456790122,0.023148148148148147
G4001310,Oklahoma,Rogers,1910,1786.0,6.0,325.0,,0.0033594624860022394,0.18197088465845465
G4001330,Oklahoma,Seminole,1910,2875.0,44.0,103.0,,0.015304347826086957,0.03582608695652174
G4001350,Oklahoma,Sequoyah,1910,3302.0,26.0,1739.0,,0.007874015748031496,0.5266505148394912
G4001370,Oklahoma,Stephens,1910,2902.0,1.0,20.0,,0.00034458993797381116,0.006891798759476223
G4001390,Oklahoma,Texas,1910,3026.0,5.0,320.0,,0.0016523463317911435,0.10575016523463318
G4001410,Oklahoma,Tillman,1910,2478.0,0.0,0.0,,0.0,0.0
G4001430,Oklahoma,Tulsa,1910,1900.0,3.0,95.0,,0.0015789473684210526,0.05
G4001450,Oklahoma,Wagoner,1910,2713.0,9.0,410.0,,0.003317360855141909,0.15112421673424253
G4001470,Oklahoma,Washington,1910,805.0,3.0,60.0,,0.0037267080745341614,0.07453416149068323
G4001490,Oklahoma,Washita,1910,3740.0,2.0,37.0,,0.0005347593582887701,0.009893048128342246
G4001510,Oklahoma,Woods,1910,2660.0,4.0,64.0,,0.0015037593984962407,0.02406015037593985
G4001530,Oklahoma,Woodward,1910,2730.0,1.0,5.0,,0.0003663003663003663,0.0018315018315018315
G4100010,Oregon,Baker,1910,1304.0,7.0,215.0,,0.005368098159509203,0.16487730061349692
G4100030,Oregon,Benton,1910,1098.0,50.0,1605.0,,0.04553734061930783,1.4617486338797814
G4100050,Oregon,Clackamas,1910,3646.0,630.0,9800.0,,0.1727921009325288,2.687877125617115
G4100070,Oregon,Clatsop,1910,369.0,8.0,878.0,,0.02168021680216802,2.3794037940379402
G4100090,Oregon,Columbia,1910,813.0,33.0,1257.0,,0.04059040590405904,1.5461254612546125
G4100110,Oregon,Coos,1910,1128.0,17.0,410.0,,0.015070921985815602,0.36347517730496454
G4100130,Oregon,Crook,1910,1355.0,7.0,230.0,,0.0051660516605166054,0.16974169741697417
G4100150,Oregon,Curry,1910,292.0,1.0,10.0,,0.003424657534246575,0.03424657534246575
G4100190,Oregon,Douglas,1910,2124.0,39.0,1271.0,,0.018361581920903956,0.5983992467043314
G4100210,Oregon,Gilliam,1910,432.0,0.0,0.0,,0.0,0.0
G4100230,Oregon,Grant,1910,773.0,4.0,200.0,,0.00517464424320828,0.258732212160414
G4100250,Oregon,Harney,1910,443.0,1.0,20.0,,0.002257336343115124,0.045146726862302484
G4100270,Oregon,Hood River,1910,744.0,121.0,4014.0,,0.16263440860215053,5.395161290322581
G4100290,Oregon,Jackson,1910,1714.0,21.0,844.0,,0.012252042007001166,0.49241540256709454
G4100330,Oregon,Josephine,1910,855.0,34.0,762.0,,0.03976608187134503,0.8912280701754386
G4100350,Oregon,Klamath,1910,926.0,7.0,207.0,,0.00755939524838013,0.22354211663066956
G4100370,Oregon,Lake,1910,712.0,1.0,7.0,,0.0014044943820224719,0.009831460674157303
G4100390,Oregon,Lane,1910,2826.0,70.0,1223.0,,0.024769992922859165,0.4327671620665251
G4100410,Oregon,Lincoln,1910,961.0,8.0,73.0,,0.008324661810613945,0.07596253902185224
G4100430,Oregon,Linn,1910,2751.0,186.0,3505.0,,0.06761177753544166,1.2740821519447474
G4100450,Oregon,Malheur,1910,801.0,2.0,22.0,,0.0024968789013732834,0.02746566791510612
G4100470,Oregon,Marion,1910,3490.0,308.0,6191.0,,0.08825214899713467,1.7739255014326647
G4100490,Oregon,Morrow,1910,614.0,1.0,10.0,,0.0016286644951140066,0.016286644951140065
G4100510,Oregon,Multnomah,1910,1478.0,278.0,10888.0,,0.1880920162381597,7.366711772665765
G4100530,Oregon,Polk,1910,1557.0,55.0,1819.0,,0.035324341682723186,1.168272318561336
G4100550,Oregon,Sherman,1910,466.0,1.0,80.0,,0.002145922746781116,0.17167381974248927
G4100570,Oregon,Tillamook,1910,651.0,22.0,302.0,,0.03379416282642089,0.46390168970814133
G4100590,Oregon,Umatilla,1910,2005.0,18.0,723.0,,0.008977556109725686,0.3605985037406484
G4100610,Oregon,Union,1910,1309.0,3.0,170.0,,0.002291825821237586,0.12987012987012986
G4100630,Oregon,Wallowa,1910,1058.0,0.0,0.0,,0.0,0.0
G4100650,Oregon,Wasco,1910,1331.0,24.0,2531.0,,0.018031555221637866,1.9015777610818934
G4100670,Oregon,Washington,1910,2871.0,753.0,15491.0,,0.26227795193312436,5.3956809474050855
G4100690,Oregon,Wheeler,1910,387.0,1.0,10.0,,0.002583979328165375,0.025839793281653745
G4100710,Oregon,Yamhill,1910,2218.0,176.0,3789.0,,0.0793507664562669,1.7082957619477006
G4109995,Oregon,Indian Reservations [multi-reservation reporting area],1910,0.0,0.0,0.0,,,
G4200010,Pennsylvania,Adams,1910,3752.0,3181.0,167245.0,,0.8478144989339019,44.574893390191896
G4200030,Pennsylvania,Allegheny,1910,4985.0,1961.0,118890.0,,0.3933801404212638,23.849548645937812
G4200050,Pennsylvania,Armstrong,1910,4112.0,2018.0,59117.0,,0.4907587548638132,14.37670233463035
G4200070,Pennsylvania,Beaver,1910,2525.0,1122.0,33877.0,,0.44435643564356436,13.416633663366337
G4200090,Pennsylvania,Bedford,1910,3627.0,2369.0,69856.0,,0.6531568789633305,19.259994485800938
G4200110,Pennsylvania,Berks,1910,6953.0,4527.0,224122.0,,0.6510858622177478,32.23385588954408
G4200130,Pennsylvania,Blair,1910,1865.0,953.0,45758.0,,0.5109919571045577,24.535120643431636
G4200150,Pennsylvania,Bradford,1910,5824.0,2310.0,60363.0,,0.39663461538461536,10.364526098901099
G4200170,Pennsylvania,Bucks,1910,6020.0,4310.0,467881.0,,0.7159468438538206,77.72109634551495
G4200190,Pennsylvania,Butler,1910,5075.0,2914.0,93026.0,,0.5741871921182266,18.33024630541872
G4200210,Pennsylvania,Cambria,1910,2761.0,1594.0,78148.0,,0.5773270554147049,28.304237595074248
G4200230,Pennsylvania,Cameron,1910,328.0,64.0,1982.0,,0.1951219512195122,6.0426829268292686
G4200250,Pennsylvania,Carbon,1910,936.0,762.0,49348.0,,0.8141025641025641,52.72222222222222
G4200270,Pennsylvania,Centre,1910,2608.0,1327.0,53771.0,,0.508819018404908,20.61771472392638
G4200290,Pennsylvania,Chester,1910,5666.0,4644.0,510037.0,,0.8196258383339217,90.0171196611366
G4200310,Pennsylvania,Clarion,1910,3083.0,2199.0,66673.0,,0.7132662990593578,21.626013623094387
G4200330,Pennsylvania,Clearfield,1910,3642.0,1871.0,84113.0,,0.5137287204832509,23.095277320153762
G4200350,Pennsylvania,Clinton,1910,1268.0,645.0,26603.0,,0.5086750788643533,20.980283911671926
G4200370,Pennsylvania,Columbia,1910,2777.0,2405.0,146873.0,,0.8660424918977314,52.88908894490457
G4200390,Pennsylvania,Crawford,1910,7115.0,4202.0,98897.0,,0.5905832747716093,13.899789177793394
G4200410,Pennsylvania,Cumberland,1910,3043.0,2047.0,92572.0,,0.6726914229378902,30.421294774893198
G4200430,Pennsylvania,Dauphin,1910,2684.0,1960.0,107985.0,,0.7302533532041728,40.23286140089419
G4200450,Pennsylvania,Delaware,1910,1429.0,886.0,107618.0,,0.6200139958012596,75.31000699790063
G4200470,Pennsylvania,Elk,1910,1073.0,585.0,31013.0,,0.5452003727865797,28.903075489282386
G4200490,Pennsylvania,Erie,1910,5511.0,3706.0,169383.0,,0.6724732353474868,30.73543821448013
G4200510,Pennsylvania,Fayette,1910,3818.0,1464.0,57110.0,,0.38344683080146674,14.958093242535359
G4200530,Pennsylvania,Forest,1910,549.0,208.0,6067.0,,0.3788706739526412,11.051001821493625
G4200550,Pennsylvania,Franklin,1910,4250.0,3134.0,139149.0,,0.7374117647058823,32.740941176470585
G4200570,Pennsylvania,Fulton,1910,1424.0,1114.0,35068.0,,0.7823033707865169,24.626404494382022
G4200590,Pennsylvania,Greene,1910,3282.0,592.0,12651.0,,0.18037781840341255,3.8546617915904937
G4200610,Pennsylvania,Huntingdon,1910,2285.0,1305.0,43450.0,,0.5711159737417943,19.015317286652078
G4200630,Pennsylvania,Indiana,1910,4459.0,2643.0,103950.0,,0.5927337968154295,23.312401883830454
G4200650,Pennsylvania,Jefferson,1910,3165.0,1874.0,77046.0,,0.5921011058451817,24.34312796208531
G4200670,Pennsylvania,Juniata,1910,1695.0,1197.0,48810.0,,0.7061946902654868,28.79646017699115
G4200690,Pennsylvania,Lackawanna,1910,1692.0,713.0,44346.0,,0.42139479905437355,26.20921985815603
G4200710,Pennsylvania,Lancaster,1910,10835.0,8128.0,552468.0,,0.7501615136132903,50.98920166128288
G4200730,Pennsylvania,Lawrence,1910,2594.0,1244.0,35386.0,,0.47956823438704704,13.64148033924441
G4200750,Pennsylvania,Lebanon,1910,2525.0,1613.0,79930.0,,0.6388118811881188,31.655445544554457
G4200770,Pennsylvania,Lehigh,1910,3295.0,2442.0,139960.0,,0.7411229135053111,42.47647951441578
G4200790,Pennsylvania,Luzerne,1910,3216.0,1655.0,122949.0,,0.5146144278606966,38.230410447761194
G4200810,Pennsylvania,Lycoming,1910,3689.0,2505.0,127374.0,,0.6790458118731364,34.52805638384386
G4200830,Pennsylvania,McKean,1910,1634.0,507.0,17009.0,,0.310281517747858,10.409424724602204
G4200850,Pennsylvania,Mercer,1910,4816.0,2668.0,68100.0,,0.5539867109634552,14.140365448504983
G4200870,Pennsylvania,Mifflin,1910,1276.0,719.0,26895.0,,0.5634796238244514,21.07758620689655
G4200890,Pennsylvania,Monroe,1910,2097.0,1192.0,50313.0,,0.5684310920362422,23.992846924177396
G4200910,Pennsylvania,Montgomery,1910,5166.0,3171.0,261340.0,,0.6138211382113821,50.58846302748742
G4200930,Pennsylvania,Montour,1910,849.0,737.0,37237.0,,0.8680800942285041,43.859835100117785
G4200950,Pennsylvania,Northampton,1910,3565.0,2730.0,125349.0,,0.7657784011220197,35.16100981767181
G4200970,Pennsylvania,Northumberland,1910,2534.0,2118.0,111957.0,,0.8358326756116812,44.18192580899763
G4200990,Pennsylvania,Perry,1910,2409.0,1700.0,61589.0,,0.70568700705687,25.5662100456621
G4201010,Pennsylvania,Philadelphia,1910,824.0,535.0,118055.0,,0.6492718446601942,143.27063106796118
G4201030,Pennsylvania,Pike,1910,871.0,233.0,8156.0,,0.2675086107921929,9.363949483352469
G4201050,Pennsylvania,Potter,1910,2401.0,788.0,25075.0,,0.3281965847563515,10.443565181174511
G4201070,Pennsylvania,Schuylkill,1910,3002.0,2330.0,179841.0,,0.776149233844104,59.90706195869421
G4201090,Pennsylvania,Snyder,1910,1845.0,1375.0,53133.0,,0.7452574525745257,28.798373983739836
G4201110,Pennsylvania,Somerset,1910,3933.0,2635.0,123187.0,,0.6699720315280956,31.32138316806509
G4201130,Pennsylvania,Sullivan,1910,985.0,638.0,17498.0,,0.6477157360406092,17.764467005076142
G4201150,Pennsylvania,Susquehanna,1910,4239.0,1746.0,49981.0,,0.4118895966029724,11.790752535975466
G4201170,Pennsylvania,Tioga,1910,4436.0,1542.0,51662.0,,0.34761045987376016,11.646077547339946
G4201190,Pennsylvania,Union,1910,1455.0,1067.0,43456.0,,0.7333333333333333,29.866666666666667
G4201210,Pennsylvania,Venango,1910,2793.0,1506.0,43227.0,,0.5392051557465092,15.476906552094523
G4201230,Pennsylvania,Warren,1910,2820.0,1136.0,26207.0,,0.40283687943262414,9.293262411347518
G4201250,Pennsylvania,Washington,1910,4733.0,1247.0,38151.0,,0.2634692583984788,8.060638073103739
G4201270,Pennsylvania,Wayne,1910,3449.0,1220.0,29588.0,,0.35372571759930416,8.578718469121485
G4201290,Pennsylvania,Westmoreland,1910,5512.0,2019.0,71115.0,,0.36629172714078373,12.901850507982584
G4201310,Pennsylvania,Wyoming,1910,1756.0,342.0,11558.0,,0.1947608200455581,6.582004555808656
G4201330,Pennsylvania,York,1910,8460.0,7475.0,561061.0,,0.8835697399527187,66.3192671394799
G4400010,Rhode Island,Bristol,1910,234.0,146.0,21111.0,,0.6239316239316239,90.21794871794872
G4400030,Rhode Island,Kent,1910,638.0,420.0,31479.0,,0.658307210031348,49.34012539184953
G4400050,Rhode Island,Newport,1910,1003.0,651.0,98822.0,,0.6490528414755733,98.52642073778664
G4400070,Rhode Island,Providence,1910,2193.0,1219.0,133204.0,,0.555859553123575,60.7405380756954
G4400090,Rhode Island,Washington,1910,1224.0,882.0,50487.0,,0.7205882352941176,41.247549019607845
G4500010,South Carolina,Abbeville,1910,5606.0,4476.0,247321.0,,0.7984302533000357,44.11719586157688
G4500030,South Carolina,Aiken,1910,4436.0,3649.0,457204.0,,0.8225879170423805,103.06672678088368
G4500070,South Carolina,Anderson,1910,8163.0,7178.0,615182.0,,0.8793335783412961,75.36224427293887
G4500090,South Carolina,Bamberg,1910,2246.0,1995.0,266620.0,,0.8882457702582368,118.70881567230633
G4500110,South Carolina,Barnwell,1910,4145.0,2849.0,643800.0,,0.6873341375150784,155.31966224366707
G4500130,South Carolina,Beaufort,1910,4508.0,987.0,122248.0,,0.21894409937888198,27.11801242236025
G4500150,South Carolina,Berkeley,1910,3518.0,1957.0,118293.0,,0.5562819783968164,33.62507106310404
G4500170,South Carolina,Calhoun,1910,2604.0,2219.0,316830.0,,0.8521505376344086,121.67050691244239
G4500190,South Carolina,Charleston,1910,3403.0,2504.0,307166.0,,0.7358213341169556,90.26329709080224
G4500210,South Carolina,Cherokee,1910,3073.0,2743.0,142293.0,,0.8926130816791409,46.304262935242434
G4500230,South Carolina,Chester,1910,3623.0,3194.0,196924.0,,0.881589842671819,54.353850400220814
G4500250,South Carolina,Chesterfield,1910,3517.0,2997.0,398623.0,,0.8521467159510947,113.34176855274382
G4500270,South Carolina,Clarendon,1910,5209.0,3418.0,503344.0,,0.6561720099827222,96.62967940103667
G4500290,South Carolina,Colleton,1910,4546.0,2864.0,313936.0,,0.6300043994720633,69.05763308402992
G4500310,South Carolina,Darlington,1910,4207.0,3765.0,814036.0,,0.894937009745662,193.49560256715
G4500330,South Carolina,Dillon,1910,2659.0,2237.0,593432.0,,0.8412937194433998,223.17863858593455
G4500350,South Carolina,Dorchester,1910,2194.0,1843.0,157323.0,,0.8400182315405652,71.7060164083865
G4500370,South Carolina,Edgefield,1910,4519.0,3497.0,256052.0,,0.7738437707457402,56.66120823190971
G4500390,South Carolina,Fairfield,1910,3904.0,3353.0,252742.0,,0.8588627049180327,64.73924180327869
G4500410,South Carolina,Florence,1910,3970.0,3436.0,536146.0,,0.8654911838790932,135.04937027707808
G4500430,South Carolina,Georgetown,1910,1037.0,639.0,46634.0,,0.6162005785920925,44.970106075216975
G4500450,South Carolina,Greenville,1910,6634.0,5805.0,312402.0,,0.8750376846548086,47.09104612601749
G4500470,South Carolina,Greenwood,1910,4493.0,3811.0,245423.0,,0.8482083240596483,54.62341419986646
G4500490,South Carolina,Hampton,1910,3302.0,2761.0,258702.0,,0.836159903089037,78.34706238643247
G4500510,South Carolina,Horry,1910,3627.0,2887.0,260392.0,,0.7959746346843121,71.79266611524676
G4500550,South Carolina,Kershaw,1910,3184.0,2816.0,243019.0,,0.8844221105527639,76.32506281407035
G4500570,South Carolina,Lancaster,1910,3749.0,3233.0,218382.0,,0.8623632968791678,58.25073352894105
G4500590,South Carolina,Laurens,1910,5368.0,4696.0,426798.0,,0.8748137108792846,79.50782414307004
G4500610,South Carolina,Lee,1910,3657.0,3301.0,631799.0,,0.9026524473612251,172.76428766748703
G4500630,South Carolina,Lexington,1910,4486.0,4011.0,266602.0,,0.8941150245207312,59.429781542576904
G4500670,South Carolina,Marion,1910,2259.0,1860.0,363940.0,,0.8233731739707836,161.10668437361664
G4500690,South Carolina,Marlboro,1910,3700.0,3242.0,1020805.0,,0.8762162162162163,275.89324324324326
G4500710,South Carolina,Newberry,1910,3852.0,2691.0,238604.0,,0.6985981308411215,61.94288681204569
G4500730,South Carolina,Oconee,1910,3877.0,3141.0,148278.0,,0.8101624967758576,38.24555068351818
G4500750,South Carolina,Orangeburg,1910,6904.0,4312.0,626140.0,,0.6245654692931634,90.69235225955967
G4500770,South Carolina,Pickens,1910,3588.0,3157.0,159720.0,,0.8798773690078038,44.51505016722408
G4500790,South Carolina,Richland,1910,2748.0,2157.0,208032.0,,0.7849344978165939,75.70305676855895
G4500810,South Carolina,Saluda,1910,3630.0,3109.0,256181.0,,0.8564738292011019,70.5732782369146
G4500830,South Carolina,Spartanburg,1910,7752.0,5511.0,406158.0,,0.7109133126934984,52.393962848297214
G4500850,South Carolina,Sumter,1910,4261.0,3415.0,521578.0,,0.8014550574982399,122.40741609950716
G4500870,South Carolina,Union,1910,3054.0,2600.0,138263.0,,0.8513425016371972,45.27275703994761
G4500890,South Carolina,Williamsburg,1910,5745.0,4998.0,537029.0,,0.8699738903394256,93.47763272410792
G4500910,South Carolina,York,1910,5477.0,4989.0,367621.0,,0.9109001278071938,67.12086908891729
G4600010,South Dakota,Armstrong,1910,157.0,0.0,0.0,,0.0,0.0
G4600030,South Dakota,Aurora,1910,895.0,0.0,0.0,,0.0,0.0
G4600050,South Dakota,Beadle,1910,1609.0,2.0,200.0,,0.001243008079552517,0.12430080795525171
G4600070,South Dakota,Bennett,1910,208.0,0.0,0.0,,0.0,0.0
G4600090,South Dakota,Bon Homme,1910,1321.0,6.0,216.0,,0.004542013626040878,0.1635124905374716
G4600110,South Dakota,Brookings,1910,1738.0,2.0,50.0,,0.0011507479861910242,0.028768699654775604
G4600130,South Dakota,Brown,1910,2115.0,11.0,767.0,,0.005200945626477541,0.36264775413711586
G4600150,South Dakota,Brule,1910,923.0,1.0,200.0,,0.0010834236186348862,0.21668472372697725
G4600170,South Dakota,Buffalo,1910,193.0,0.0,0.0,,0.0,0.0
G4600190,South Dakota,Butte,1910,1037.0,1.0,10.0,,0.0009643201542912247,0.009643201542912247
G4600210,South Dakota,Campbell,1910,688.0,1.0,402.0,,0.0014534883720930232,0.5843023255813954
G4600230,South Dakota,Charles Mix,1910,1906.0,1.0,135.0,,0.0005246589716684155,0.0708289611752361
G4600250,South Dakota,Clark,1910,1501.0,1.0,70.0,,0.0006662225183211193,0.046635576282478344
G4600270,South Dakota,Clay,1910,1173.0,3.0,103.0,,0.0025575447570332483,0.08780903665814152
G4600290,South Dakota,Codington,1910,1067.0,1.0,40.0,,0.0009372071227741331,0.03748828491096532
G4600310,South Dakota,Corson,1910,374.0,0.0,0.0,,0.0,0.0
G4600330,South Dakota,Custer,1910,965.0,1.0,30.0,,0.0010362694300518134,0.031088082901554404
G4600350,South Dakota,Davison,1910,841.0,1.0,100.0,,0.0011890606420927466,0.11890606420927467
G4600370,South Dakota,Day,1910,1786.0,8.0,403.0,,0.004479283314669653,0.22564389697648377
G4600390,South Dakota,Deuel,1910,1014.0,1.0,20.0,,0.0009861932938856016,0.01972386587771203
G4600410,South Dakota,Dewey,1910,235.0,0.0,0.0,,0.0,0.0
G4600430,South Dakota,Douglas,1910,837.0,0.0,0.0,,0.0,0.0
G4600450,South Dakota,Edmunds,1910,956.0,1.0,15.0,,0.0010460251046025104,0.015690376569037656
G4600470,South Dakota,Fall River,1910,1524.0,1.0,35.0,,0.0006561679790026247,0.022965879265091863
G4600490,South Dakota,Faulk,1910,917.0,0.0,0.0,,0.0,0.0
G4600510,South Dakota,Grant,1910,1253.0,20.0,389.0,,0.01596169193934557,0.31045490822027133
G4600530,South Dakota,Gregory,1910,1696.0,2.0,22.0,,0.0011792452830188679,0.012971698113207548
G4600570,South Dakota,Hamlin,1910,905.0,8.0,287.0,,0.008839779005524863,0.31712707182320443
G4600590,South Dakota,Hand,1910,1290.0,5.0,123.0,,0.003875968992248062,0.09534883720930233
G4600610,South Dakota,Hanson,1910,833.0,0.0,0.0,,0.0,0.0
G4600630,South Dakota,Harding,1910,947.0,2.0,175.0,,0.0021119324181626186,0.18479408658922913
G4600650,South Dakota,Hughes,1910,375.0,1.0,25.0,,0.0026666666666666666,0.06666666666666667
G4600670,South Dakota,Hutchinson,1910,1448.0,2.0,160.0,,0.0013812154696132596,0.11049723756906077
G4600690,South Dakota,Hyde,1910,481.0,0.0,0.0,,0.0,0.0
G4600730,South Dakota,Jerauld,1910,673.0,0.0,0.0,,0.0,0.0
G4600770,South Dakota,Kingsbury,1910,1523.0,8.0,744.0,,0.005252790544977019,0.4885095206828628
G4600790,South Dakota,Lake,1910,1153.0,0.0,0.0,,0.0,0.0
G4600810,South Dakota,Lawrence,1910,445.0,5.0,110.0,,0.011235955056179775,0.24719101123595505
G4600830,South Dakota,Lincoln,1910,1691.0,8.0,551.0,,0.004730928444707274,0.3258426966292135
G4600850,South Dakota,Lyman,1910,2334.0,2.0,335.0,,0.000856898029134533,0.1435304198800343
G4600870,South Dakota,McCook,1910,1282.0,3.0,205.0,,0.00234009360374415,0.15990639625585024
G4600890,South Dakota,McPherson,1910,885.0,22.0,1149.0,,0.024858757062146894,1.2983050847457627
G4600910,South Dakota,Marshall,1910,1119.0,0.0,0.0,,0.0,0.0
G4600930,South Dakota,Meade,1910,3339.0,0.0,0.0,,0.0,0.0
G4600950,South Dakota,Mellette,1910,204.0,0.0,0.0,,0.0,0.0
G4600970,South Dakota,Miner,1910,1089.0,1.0,18.0,,0.0009182736455463728,0.01652892561983471
G4600990,South Dakota,Minnehaha,1910,2077.0,6.0,503.0,,0.002888781896966779,0.24217621569571499
G4601010,South Dakota,Moody,1910,1170.0,6.0,199.0,,0.005128205128205128,0.1700854700854701
G4601030,South Dakota,Pennington,1910,1877.0,6.0,660.0,,0.0031965903036760787,0.3516249334043687
G4601050,South Dakota,Perkins,1910,3307.0,4.0,232.0,,0.0012095554883580285,0.07015421832476565
G4601070,South Dakota,Potter,1910,546.0,5.0,281.0,,0.009157509157509158,0.5146520146520146
G4601090,South Dakota,Roberts,1910,1955.0,3.0,56.0,,0.001534526854219949,0.02864450127877238
G4601110,South Dakota,Sanborn,1910,898.0,2.0,5.0,,0.0022271714922048997,0.005567928730512249
G4601113,South Dakota,Schnasse,1910,48.0,0.0,0.0,,0.0,0.0
G4601130,South Dakota,Shannon,1910,519.0,0.0,0.0,,0.0,0.0
G4601150,South Dakota,Spink,1910,1754.0,2.0,112.0,,0.0011402508551881414,0.06385404789053592
G4601170,South Dakota,Stanley,1910,3876.0,4.0,393.0,,0.0010319917440660474,0.10139318885448917
G4601175,South Dakota,Sterling,1910,50.0,0.0,0.0,,0.0,0.0
G4601190,South Dakota,Sully,1910,478.0,1.0,2.0,,0.0020920502092050207,0.0041841004184100415
G4601210,South Dakota,Todd,1910,39.0,0.0,0.0,,0.0,0.0
G4601230,South Dakota,Tripp,1910,2444.0,0.0,0.0,,0.0,0.0
G4601250,South Dakota,Turner,1910,1692.0,1.0,28.0,,0.000591016548463357,0.016548463356973995
G4601270,South Dakota,Union,1910,1488.0,3.0,200.0,,0.0020161290322580645,0.13440860215053763
G4601290,South Dakota,Walworth,1910,651.0,2.0,70.0,,0.0030721966205837174,0.10752688172043011
G4601310,South Dakota,Washabaugh,1910,124.0,0.0,0.0,,0.0,0.0
G4601330,South Dakota,Washington,1910,351.0,0.0,0.0,,0.0,0.0
G4601350,South Dakota,Yankton,1910,1355.0,8.0,1464.0,,0.005904059040590406,1.0804428044280443
G4609995,South Dakota,Indian Reservations [multi-reservation reporting area],1910,0.0,,,,,
G4700010,Tennessee,Anderson,1910,1858.0,340.0,4144.0,,0.18299246501614638,2.2303552206673842
G4700030,Tennessee,Bedford,1910,3355.0,240.0,5314.0,,0.07153502235469449,1.5839046199701938
G4700050,Tennessee,Benton,1910,2136.0,707.0,9239.0,,0.3309925093632959,4.325374531835206
G4700070,Tennessee,Bledsoe,1910,932.0,246.0,6891.0,,0.26394849785407726,7.393776824034335
G4700090,Tennessee,Blount,1910,2460.0,940.0,23938.0,,0.3821138211382114,9.730894308943089
G4700110,Tennessee,Bradley,1910,1638.0,768.0,14578.0,,0.46886446886446886,8.8998778998779
G4700130,Tennessee,Campbell,1910,2180.0,594.0,8056.0,,0.2724770642201835,3.695412844036697
G4700150,Tennessee,Cannon,1910,1969.0,280.0,3251.0,,0.14220416455053325,1.6510919248349416
G4700170,Tennessee,Carroll,1910,4103.0,1032.0,21926.0,,0.251523275651962,5.343894711186937
G4700190,Tennessee,Carter,1910,2421.0,583.0,13717.0,,0.24080958281701775,5.6658405617513425
G4700210,Tennessee,Cheatham,1910,1477.0,613.0,14518.0,,0.4150304671631686,9.829383886255924
G4700230,Tennessee,Chester,1910,1716.0,574.0,11025.0,,0.3344988344988345,6.424825174825175
G4700250,Tennessee,Claiborne,1910,3238.0,967.0,18041.0,,0.2986411365040148,5.571649166151945
G4700270,Tennessee,Clay,1910,1512.0,381.0,7081.0,,0.251984126984127,4.683201058201059
G4700290,Tennessee,Cocke,1910,2651.0,476.0,7776.0,,0.17955488494907582,2.933232742361373
G4700310,Tennessee,Coffee,1910,2117.0,797.0,19837.0,,0.3764761454888994,9.370335380255078
G4700330,Tennessee,Crockett,1910,3033.0,390.0,6455.0,,0.12858555885262116,2.1282558522914607
G4700350,Tennessee,Cumberland,1910,1198.0,555.0,6619.0,,0.46327212020033387,5.525041736227045
G4700370,Tennessee,Davidson,1910,3326.0,258.0,8246.0,,0.07757065544197234,2.4792543595911005
G4700390,Tennessee,Decatur,1910,1896.0,377.0,5513.0,,0.19883966244725737,2.907700421940928
G4700410,Tennessee,DeKalb,1910,2541.0,508.0,8548.0,,0.19992129083038174,3.364029909484455
G4700430,Tennessee,Dickson,1910,2534.0,780.0,9736.0,,0.30781373322809785,3.84214680347277
G4700450,Tennessee,Dyer,1910,4002.0,9.0,480.0,,0.0022488755622188904,0.1199400299850075
G4700470,Tennessee,Fayette,1910,5507.0,74.0,2846.0,,0.013437443254040312,0.5167968040675504
G4700490,Tennessee,Fentress,1910,1019.0,457.0,7924.0,,0.44847890088321885,7.776251226692836
G4700510,Tennessee,Franklin,1910,2348.0,750.0,22839.0,,0.3194207836456559,9.727001703577512
G4700530,Tennessee,Gibson,1910,6606.0,1256.0,41128.0,,0.1901301846805934,6.225855283075991
G4700550,Tennessee,Giles,1910,5152.0,438.0,6341.0,,0.08501552795031056,1.2307841614906831
G4700570,Tennessee,Grainger,1910,2379.0,654.0,13637.0,,0.27490542244640603,5.73224043715847
G4700590,Tennessee,Greene,1910,4689.0,2582.0,53072.0,,0.5506504585199403,11.318404777137982
G4700610,Tennessee,Grundy,1910,558.0,155.0,2719.0,,0.2777777777777778,4.872759856630824
G4700630,Tennessee,Hamblen,1910,1425.0,713.0,21643.0,,0.5003508771929824,15.188070175438597
G4700650,Tennessee,Hamilton,1910,1623.0,422.0,12278.0,,0.26001232285890324,7.5650030807147255
G4700670,Tennessee,Hancock,1910,1818.0,386.0,6131.0,,0.21232123212321233,3.3723872387238725
G4700690,Tennessee,Hardeman,1910,3602.0,622.0,15623.0,,0.17268184342032206,4.337312604108829
G4700710,Tennessee,Hardin,1910,3129.0,751.0,14639.0,,0.2400127836369447,4.678491530840524
G4700730,Tennessee,Hawkins,1910,3431.0,1043.0,21453.0,,0.3039930049548237,6.252696006995045
G4700750,Tennessee,Haywood,1910,4498.0,48.0,1019.0,,0.01067140951534015,0.22654513116940864
G4700770,Tennessee,Henderson,1910,3138.0,1167.0,17204.0,,0.37189292543021035,5.482472912683238
G4700790,Tennessee,Henry,1910,3804.0,465.0,5068.0,,0.1222397476340694,1.3322818086225026
G4700810,Tennessee,Hickman,1910,1979.0,181.0,3086.0,,0.09146033350176858,1.5593734209196564
G4700830,Tennessee,Houston,1910,773.0,138.0,1646.0,,0.17852522639068563,2.129366106080207
G4700850,Tennessee,Humphreys,1910,1741.0,78.0,1627.0,,0.04480183802412407,0.9345203905801264
G4700870,Tennessee,Jackson,1910,2529.0,160.0,1931.0,,0.06326611308817714,0.7635429023329379
G4700875,Tennessee,James,1910,678.0,267.0,5753.0,,0.3938053097345133,8.485250737463128
G4700890,Tennessee,Jefferson,1910,2017.0,855.0,25016.0,,0.42389687654933067,12.402578086266733
G4700910,Tennessee,Johnson,1910,1639.0,443.0,7419.0,,0.27028676021964615,4.526540573520439
G4700930,Tennessee,Knox,1910,4245.0,1849.0,64829.0,,0.43557126030624266,15.271849234393404
G4700950,Tennessee,Lake,1910,821.0,0.0,0.0,,0.0,0.0
G4700970,Tennessee,Lauderdale,1910,3597.0,24.0,945.0,,0.006672226855713094,0.2627189324437031
G4700990,Tennessee,Lawrence,1910,2202.0,946.0,29195.0,,0.4296094459582198,13.25840145322434
G4701010,Tennessee,Lewis,1910,538.0,76.0,1626.0,,0.1412639405204461,3.0223048327137545
G4701030,Tennessee,Lincoln,1910,4000.0,748.0,12462.0,,0.187,3.1155
G4701050,Tennessee,Loudon,1910,1138.0,401.0,11715.0,,0.3523725834797891,10.294376098418278
G4701070,Tennessee,McMinn,1910,2486.0,1065.0,17797.0,,0.42839903459372486,7.1588897827835885
G4701090,Tennessee,McNairy,1910,3026.0,1335.0,20530.0,,0.4411764705882353,6.784534038334435
G4701110,Tennessee,Macon,1910,2653.0,1050.0,14396.0,,0.39577836411609496,5.426309837919336
G4701130,Tennessee,Madison,1910,4002.0,523.0,12564.0,,0.1306846576711644,3.1394302848575713
G4701150,Tennessee,Marion,1910,1061.0,106.0,2334.0,,0.0999057492931197,2.1998114985862394
G4701170,Tennessee,Marshall,1910,2707.0,65.0,2498.0,,0.024011821204285185,0.9227927595123753
G4701190,Tennessee,Maury,1910,4039.0,52.0,2917.0,,0.012874473879673186,0.7222084674424363
G4701210,Tennessee,Meigs,1910,866.0,78.0,1743.0,,0.09006928406466513,2.01270207852194
G4701230,Tennessee,Monroe,1910,2467.0,661.0,16690.0,,0.26793676530198623,6.765301986218079
G4701250,Tennessee,Montgomery,1910,3963.0,1566.0,45927.0,,0.3951551854655564,11.588947766843301
G4701270,Tennessee,Moore,1910,844.0,13.0,130.0,,0.015402843601895734,0.15402843601895735
G4701290,Tennessee,Morgan,1910,1184.0,619.0,10896.0,,0.5228040540540541,9.202702702702704
G4701310,Tennessee,Obion,1910,3807.0,27.0,928.0,,0.0070921985815602835,0.24376149198844235
G4701330,Tennessee,Overton,1910,2371.0,1034.0,15094.0,,0.43610291016448754,6.3660902572754114
G4701350,Tennessee,Perry,1910,1325.0,0.0,0.0,,0.0,0.0
G4701370,Tennessee,Pickett,1910,885.0,458.0,8649.0,,0.5175141242937853,9.772881355932203
G4701390,Tennessee,Polk,1910,1063.0,435.0,7920.0,,0.40921919096895576,7.450611476952022
G4701410,Tennessee,Putnam,1910,2756.0,1068.0,14447.0,,0.3875181422351234,5.2420174165457185
G4701430,Tennessee,Rhea,1910,1377.0,356.0,9540.0,,0.2585330428467683,6.928104575163399
G4701450,Tennessee,Roane,1910,2008.0,232.0,7306.0,,0.11553784860557768,3.6384462151394423
G4701470,Tennessee,Robertson,1910,3910.0,2476.0,127501.0,,0.6332480818414322,32.608951406649616
G4701490,Tennessee,Rutherford,1910,4884.0,219.0,6994.0,,0.04484029484029484,1.432022932022932
G4701510,Tennessee,Scott,1910,1490.0,287.0,5353.0,,0.19261744966442954,3.5926174496644294
G4701530,Tennessee,Sequatchie,1910,504.0,87.0,2955.0,,0.17261904761904762,5.863095238095238
G4701550,Tennessee,Sevier,1910,3469.0,402.0,5983.0,,0.11588353992505045,1.7247045257999423
G4701570,Tennessee,Shelby,1910,7934.0,177.0,7759.0,,0.02230904965969246,0.9779430299974792
G4701590,Tennessee,Smith,1910,2894.0,12.0,550.0,,0.00414651002073255,0.19004837595024188
G4701610,Tennessee,Stewart,1910,2041.0,371.0,7493.0,,0.18177364037236649,3.671239588437041
G4701630,Tennessee,Sullivan,1910,3066.0,1628.0,46033.0,,0.5309849967384214,15.014024787997391
G4701650,Tennessee,Sumner,1910,3651.0,1168.0,19210.0,,0.31991235278006025,5.261572172007669
G4701670,Tennessee,Tipton,1910,5353.0,69.0,1428.0,,0.01288996824210723,0.2667662992714366
G4701690,Tennessee,Trousdale,1910,783.0,4.0,68.0,,0.005108556832694764,0.08684546615581099
G4701710,Tennessee,Unicoi,1910,829.0,55.0,1681.0,,0.06634499396863691,2.0277442702050665
G4701730,Tennessee,Union,1910,2003.0,645.0,8759.0,,0.3220169745381927,4.372940589116325
G4701750,Tennessee,Van Buren,1910,384.0,51.0,757.0,,0.1328125,1.9713541666666667
G4701770,Tennessee,Warren,1910,2403.0,1294.0,22709.0,,0.5384935497295048,9.450270495214316
G4701790,Tennessee,Washington,1910,2723.0,1912.0,50179.0,,0.7021667278736687,18.427836944546456
G4701810,Tennessee,Wayne,1910,1770.0,182.0,2301.0,,0.10282485875706214,1.3
G4701830,Tennessee,Weakley,1910,5336.0,423.0,5512.0,,0.07927286356821589,1.0329835082458771
G4701850,Tennessee,White,1910,1985.0,517.0,8113.0,,0.26045340050377835,4.0871536523929475
G4701870,Tennessee,Williamson,1910,3015.0,170.0,3262.0,,0.05638474295190713,1.0819237147595357
G4701890,Tennessee,Wilson,1910,3779.0,42.0,1647.0,,0.011114051336332363,0.43582958454617626
G4800010,Texas,Anderson,1910,3773.0,251.0,15511.0,,0.0665253114232706,4.111052213093029
G4800030,Texas,Andrews,1910,18.0,0.0,0.0,,0.0,0.0
G4800050,Texas,Angelina,1910,1569.0,184.0,2510.0,,0.11727214786488209,1.5997450605481198
G4800070,Texas,Aransas,1910,79.0,27.0,1130.0,,0.34177215189873417,14.30379746835443
G4800090,Texas,Archer,1910,792.0,1.0,150.0,,0.0012626262626262627,0.1893939393939394
G4800110,Texas,Armstrong,1910,387.0,0.0,0.0,,0.0,0.0
G4800130,Texas,Atascosa,1910,1345.0,1.0,100.0,,0.0007434944237918215,0.07434944237918216
G4800150,Texas,Austin,1910,2906.0,72.0,1349.0,,0.02477632484514797,0.46421197522367513
G4800170,Texas,Bailey,1910,71.0,0.0,0.0,,0.0,0.0
G4800190,Texas,Bandera,1910,774.0,0.0,0.0,,0.0,0.0
G4800210,Texas,Bastrop,1910,3096.0,34.0,547.0,,0.010981912144702842,0.17667958656330748
G4800230,Texas,Baylor,1910,1040.0,0.0,0.0,,0.0,0.0
G4800250,Texas,Bee,1910,1209.0,10.0,515.0,,0.008271298593879239,0.42597187758478083
G4800270,Texas,Bell,1910,4915.0,2.0,20.0,,0.0004069175991861648,0.004069175991861648
G4800290,Texas,Bexar,1910,2943.0,40.0,3207.0,,0.013591573224600747,1.089704383282365
G4800310,Texas,Blanco,1910,753.0,1.0,6.0,,0.0013280212483399733,0.00796812749003984
G4800330,Texas,Borden,1910,228.0,0.0,0.0,,0.0,0.0
G4800350,Texas,Bosque,1910,2598.0,1.0,250.0,,0.00038491147036181676,0.0962278675904542
G4800370,Texas,Bowie,1910,4480.0,254.0,7262.0,,0.05669642857142857,1.620982142857143
G4800390,Texas,Brazoria,1910,1685.0,154.0,6203.0,,0.0913946587537092,3.681305637982196
G4800410,Texas,Brazos,1910,2627.0,335.0,12136.0,,0.12752188808526838,4.619718309859155
G4800430,Texas,Brewster,1910,190.0,0.0,0.0,,0.0,0.0
G4800450,Texas,Briscoe,1910,307.0,0.0,0.0,,0.0,0.0
G4800490,Texas,Brown,1910,2741.0,2.0,71.0,,0.0007296607077708865,0.025902955125866472
G4800510,Texas,Burleson,1910,2765.0,24.0,693.0,,0.00867992766726944,0.25063291139240507
G4800530,Texas,Burnet,1910,1582.0,2.0,9.0,,0.0012642225031605564,0.005689001264222503
G4800550,Texas,Caldwell,1910,2929.0,1.0,25.0,,0.0003414134516899966,0.008535336292249915
G4800570,Texas,Calhoun,1910,293.0,5.0,95.0,,0.017064846416382253,0.3242320819112628
G4800590,Texas,Callahan,1910,1837.0,3.0,17.0,,0.001633097441480675,0.009254218835057159
G4800610,Texas,Cameron,1910,709.0,11.0,2030.0,,0.015514809590973202,2.863187588152327
G4800630,Texas,Camp,1910,1525.0,66.0,1732.0,,0.043278688524590166,1.1357377049180328
G4800650,Texas,Carson,1910,284.0,0.0,0.0,,0.0,0.0
G4800670,Texas,Cass,1910,4466.0,885.0,23961.0,,0.19816390506045678,5.3652037617554855
G4800690,Texas,Castro,1910,327.0,0.0,0.0,,0.0,0.0
G4800710,Texas,Chambers,1910,593.0,163.0,11584.0,,0.2748735244519393,19.534569983136592
G4800730,Texas,Cherokee,1910,4217.0,1471.0,57439.0,,0.34882617974863644,13.620820488498932
G4800750,Texas,Childress,1910,961.0,0.0,0.0,,0.0,0.0
G4800770,Texas,Clay,1910,2308.0,1.0,100.0,,0.0004332755632582322,0.043327556325823226
G4800790,Texas,Cochran,1910,16.0,0.0,0.0,,0.0,0.0
G4800810,Texas,Coke,1910,969.0,3.0,85.0,,0.0030959752321981426,0.08771929824561403
G4800830,Texas,Coleman,1910,2938.0,2.0,150.0,,0.0006807351940095302,0.05105513955071477
G4800850,Texas,Collin,1910,6507.0,2.0,11.0,,0.0003073613032119256,0.001690487167665591
G4800870,Texas,Collingsworth,1910,806.0,1.0,25.0,,0.0012406947890818859,0.031017369727047148
G4800890,Texas,Colorado,1910,2283.0,80.0,3328.0,,0.03504161191414805,1.457731055628559
G4800910,Texas,Comal,1910,899.0,4.0,315.0,,0.004449388209121246,0.3503893214682981
G4800930,Texas,Comanche,1910,4372.0,1.0,70.0,,0.00022872827081427266,0.016010978956999086
G4800950,Texas,Concho,1910,865.0,1.0,25.0,,0.0011560693641618498,0.028901734104046242
G4800970,Texas,Cooke,1910,3438.0,12.0,336.0,,0.0034904013961605585,0.09773123909249563
G4800990,Texas,Coryell,1910,3290.0,1.0,100.0,,0.00030395136778115504,0.030395136778115502
G4801010,Texas,Cottle,1910,506.0,0.0,0.0,,0.0,0.0
G4801030,Texas,Crane,1910,71.0,0.0,0.0,,0.0,0.0
G4801050,Texas,Crockett,1910,79.0,0.0,0.0,,0.0,0.0
G4801070,Texas,Crosby,1910,242.0,1.0,1.0,,0.004132231404958678,0.004132231404958678
G4801110,Texas,Dallam,1910,201.0,0.0,0.0,,0.0,0.0
G4801130,Texas,Dallas,1910,5284.0,45.0,1539.0,,0.008516275548826646,0.2912566237698713
G4801150,Texas,Dawson,1910,330.0,0.0,0.0,,0.0,0.0
G4801170,Texas,Deaf Smith,1910,361.0,1.0,10.0,,0.002770083102493075,0.027700831024930747
G4801190,Texas,Delta,1910,2202.0,4.0,43.0,,0.0018165304268846503,0.01952770208900999
G4801210,Texas,Denton,1910,4303.0,14.0,327.0,,0.0032535440390425285,0.07599349291192191
G4801230,Texas,DeWitt,1910,2746.0,33.0,1001.0,,0.012017479970866714,0.364530225782957
G4801250,Texas,Dickens,1910,349.0,0.0,0.0,,0.0,0.0
G4801270,Texas,Dimmit,1910,154.0,1.0,2.0,,0.006493506493506494,0.012987012987012988
G4801290,Texas,Donley,1910,601.0,0.0,0.0,,0.0,0.0
G4801310,Texas,Duval,1910,633.0,1.0,25.0,,0.001579778830963665,0.03949447077409163
G4801330,Texas,Eastland,1910,2981.0,1.0,100.0,,0.0003354579000335458,0.03354579000335458
G4801350,Texas,Ector,1910,84.0,0.0,0.0,,0.0,0.0
G4801370,Texas,Edwards,1910,455.0,1.0,50.0,,0.002197802197802198,0.10989010989010989
G4801390,Texas,Ellis,1910,5801.0,3.0,105.0,,0.0005171522151353214,0.01810032752973625
G4801410,Texas,El Paso,1910,669.0,6.0,83.0,,0.008968609865470852,0.12406576980568013
G4801430,Texas,Erath,1910,4225.0,4.0,75.0,,0.0009467455621301775,0.01775147928994083
G4801450,Texas,Falls,1910,4623.0,16.0,583.0,,0.0034609560891196195,0.12610858749729612
G4801470,Texas,Fannin,1910,6433.0,8.0,91.0,,0.001243587750660656,0.014145810663764961
G4801490,Texas,Fayette,1910,4379.0,11.0,514.0,,0.002511989038593286,0.1173783968942681
G4801510,Texas,Fisher,1910,1839.0,1.0,10.0,,0.000543773790103317,0.005437737901033171
G4801530,Texas,Floyd,1910,620.0,0.0,0.0,,0.0,0.0
G4801550,Texas,Foard,1910,718.0,2.0,150.0,,0.002785515320334262,0.20891364902506965
G4801570,Texas,Fort Bend,1910,2541.0,6.0,371.0,,0.0023612750885478157,0.14600550964187328
G4801590,Texas,Franklin,1910,1788.0,110.0,3234.0,,0.06152125279642058,1.808724832214765
G4801610,Texas,Freestone,1910,3158.0,217.0,8612.0,,0.06871437618746042,2.727042431918936
G4801630,Texas,Frio,1910,918.0,0.0,0.0,,0.0,0.0
G4801650,Texas,Gaines,1910,206.0,0.0,0.0,,0.0,0.0
G4801670,Texas,Galveston,1910,947.0,452.0,23740.0,,0.47729672650475186,25.068637803590285
G4801690,Texas,Garza,1910,81.0,0.0,0.0,,0.0,0.0
G4801710,Texas,Gillespie,1910,1360.0,2.0,102.0,,0.0014705882352941176,0.075
G4801730,Texas,Glasscock,1910,165.0,0.0,0.0,,0.0,0.0
G4801750,Texas,Goliad,1910,1146.0,5.0,52.0,,0.004363001745200698,0.04537521815008726
G4801770,Texas,Gonzales,1910,4048.0,30.0,974.0,,0.007411067193675889,0.24061264822134387
G4801790,Texas,Gray,1910,433.0,0.0,0.0,,0.0,0.0
G4801810,Texas,Grayson,1910,5720.0,39.0,2726.0,,0.006818181818181818,0.47657342657342655
G4801830,Texas,Gregg,1910,1683.0,163.0,3710.0,,0.09685086155674391,2.204396910279263
G4801850,Texas,Grimes,1910,3176.0,134.0,3186.0,,0.04219143576826197,1.0031486146095718
G4801870,Texas,Guadalupe,1910,3171.0,6.0,70.0,,0.001892147587511826,0.02207505518763797
G4801890,Texas,Hale,1910,731.0,2.0,200.0,,0.0027359781121751026,0.27359781121751026
G4801910,Texas,Hall,1910,1028.0,0.0,0.0,,0.0,0.0
G4801930,Texas,Hamilton,1910,2237.0,0.0,0.0,,0.0,0.0
G4801950,Texas,Hansford,1910,152.0,1.0,50.0,,0.006578947368421052,0.32894736842105265
G4801970,Texas,Hardeman,1910,1068.0,1.0,100.0,,0.0009363295880149813,0.09363295880149813
G4801990,Texas,Hardin,1910,350.0,163.0,3725.0,,0.4657142857142857,10.642857142857142
G4802010,Texas,Harris,1910,2543.0,412.0,12815.0,,0.16201337003539126,5.039323633503736
G4802030,Texas,Harrison,1910,4601.0,301.0,9393.0,,0.06542056074766354,2.041512714627255
G4802050,Texas,Hartley,1910,165.0,0.0,0.0,,0.0,0.0
G4802070,Texas,Haskell,1910,2210.0,2.0,14.0,,0.0009049773755656109,0.006334841628959276
G4802090,Texas,Hays,1910,1561.0,4.0,334.0,,0.0025624599615631004,0.2139654067905189
G4802110,Texas,Hemphill,1910,249.0,0.0,0.0,,0.0,0.0
G4802130,Texas,Henderson,1910,3580.0,94.0,2120.0,,0.026256983240223464,0.5921787709497207
G4802150,Texas,Hidalgo,1910,677.0,30.0,5170.0,,0.04431314623338257,7.636632200886263
G4802170,Texas,Hill,1910,5539.0,6.0,108.0,,0.0010832280194981044,0.019498104350965877
G4802190,Texas,Hockley,1910,23.0,0.0,0.0,,0.0,0.0
G4802210,Texas,Hood,1910,1786.0,5.0,146.0,,0.002799552071668533,0.08174692049272117
G4802230,Texas,Hopkins,1910,5380.0,408.0,9984.0,,0.0758364312267658,1.8557620817843865
G4802250,Texas,Houston,1910,4446.0,536.0,19615.0,,0.12055780476833108,4.41183085919928
G4802270,Texas,Howard,1910,819.0,1.0,50.0,,0.001221001221001221,0.06105006105006105
G4802310,Texas,Hunt,1910,5944.0,26.0,769.0,,0.004374158815612382,0.12937415881561237
G4802330,Texas,Hutchinson,1910,150.0,0.0,0.0,,0.0,0.0
G4802350,Texas,Irion,1910,94.0,0.0,0.0,,0.0,0.0
G4802370,Texas,Jack,1910,1888.0,2.0,102.0,,0.001059322033898305,0.05402542372881356
G4802390,Texas,Jackson,1910,804.0,7.0,123.0,,0.008706467661691543,0.15298507462686567
G4802410,Texas,Jasper,1910,864.0,362.0,9526.0,,0.41898148148148145,11.025462962962964
G4802430,Texas,Jeff Davis,1910,91.0,0.0,0.0,,0.0,0.0
G4802450,Texas,Jefferson,1910,586.0,114.0,28048.0,,0.1945392491467577,47.863481228668945
G4802510,Texas,Johnson,1910,3601.0,13.0,173.0,,0.0036101083032490976,0.04804221049708415
G4802530,Texas,Jones,1910,2907.0,0.0,0.0,,0.0,0.0
G4802550,Texas,Karnes,1910,1801.0,1.0,50.0,,0.000555247084952804,0.0277623542476402
G4802570,Texas,Kaufman,1910,4115.0,38.0,1867.0,,0.009234507897934386,0.4537059538274605
G4802590,Texas,Kendall,1910,617.0,2.0,115.0,,0.0032414910858995136,0.18638573743922204
G4802630,Texas,Kent,1910,326.0,0.0,0.0,,0.0,0.0
G4802650,Texas,Kerr,1910,569.0,3.0,123.0,,0.005272407732864675,0.21616871704745166
G4802670,Texas,Kimble,1910,415.0,1.0,100.0,,0.0024096385542168677,0.24096385542168675
G4802690,Texas,King,1910,107.0,0.0,0.0,,0.0,0.0
G4802710,Texas,Kinney,1910,150.0,1.0,150.0,,0.006666666666666667,1.0
G4802750,Texas,Knox,1910,1175.0,1.0,800.0,,0.000851063829787234,0.6808510638297872
G4802770,Texas,Lamar,1910,6156.0,71.0,2365.0,,0.011533463287849252,0.38417803768680964
G4802790,Texas,Lamb,1910,92.0,0.0,0.0,,0.0,0.0
G4802810,Texas,Lampasas,1910,1219.0,2.0,30.0,,0.0016406890894175555,0.02461033634126333
G4802830,Texas,La Salle,1910,263.0,4.0,775.0,,0.015209125475285171,2.946768060836502
G4802850,Texas,Lavaca,1910,3734.0,14.0,379.0,,0.003749330476700589,0.10149973219068023
G4802870,Texas,Lee,1910,2108.0,40.0,631.0,,0.018975332068311195,0.2993358633776091
G4802890,Texas,Leon,1910,2863.0,232.0,5213.0,,0.08103388054488299,1.820817324484806
G4802910,Texas,Liberty,1910,1000.0,153.0,3287.0,,0.153,3.287
G4802930,Texas,Limestone,1910,4967.0,265.0,9427.0,,0.05335212401852225,1.8979263136702236
G4802950,Texas,Lipscomb,1910,375.0,1.0,700.0,,0.0026666666666666666,1.8666666666666667
G4802970,Texas,Live Oak,1910,487.0,0.0,0.0,,0.0,0.0
G4802990,Texas,Llano,1910,795.0,1.0,20.0,,0.0012578616352201257,0.025157232704402517
G4803010,Texas,Loving,1910,79.0,0.0,0.0,,0.0,0.0
G4803030,Texas,Lubbock,1910,208.0,0.0,0.0,,0.0,0.0
G4803050,Texas,Lynn,1910,201.0,0.0,0.0,,0.0,0.0
G4803070,Texas,McCulloch,1910,1545.0,1.0,100.0,,0.0006472491909385113,0.06472491909385113
G4803090,Texas,McLennan,1910,5894.0,19.0,1385.0,,0.0032236172378690194,0.2349847302341364
G4803110,Texas,McMullen,1910,114.0,0.0,0.0,,0.0,0.0
G4803130,Texas,Madison,1910,1869.0,88.0,1394.0,,0.047084002140181914,0.7458533975387908
G4803150,Texas,Marion,1910,1341.0,205.0,5897.0,,0.1528709917971663,4.397464578672633
G4803170,Texas,Martin,1910,147.0,1.0,1000.0,,0.006802721088435374,6.802721088435374
G4803190,Texas,Mason,1910,856.0,3.0,30.0,,0.0035046728971962616,0.035046728971962614
G4803210,Texas,Matagorda,1910,1116.0,24.0,2077.0,,0.021505376344086023,1.8611111111111112
G4803230,Texas,Maverick,1910,49.0,1.0,400.0,,0.02040816326530612,8.16326530612245
G4803250,Texas,Medina,1910,1419.0,2.0,112.0,,0.0014094432699083862,0.07892882311486962
G4803270,Texas,Menard,1910,331.0,0.0,0.0,,0.0,0.0
G4803290,Texas,Midland,1910,178.0,0.0,0.0,,0.0,0.0
G4803310,Texas,Milam,1910,5055.0,82.0,1886.0,,0.0162215628090999,0.37309594460929774
G4803330,Texas,Mills,1910,1484.0,0.0,0.0,,0.0,0.0
G4803350,Texas,Mitchell,1910,1108.0,1.0,10.0,,0.0009025270758122744,0.009025270758122744
G4803370,Texas,Montague,1910,3691.0,3.0,24.0,,0.000812787862367922,0.006502302898943376
G4803390,Texas,Montgomery,1910,1855.0,87.0,2538.0,,0.04690026954177898,1.3681940700808626
G4803410,Texas,Moore,1910,95.0,0.0,0.0,,0.0,0.0
G4803430,Texas,Morris,1910,1593.0,411.0,13190.0,,0.2580037664783427,8.279974890144382
G4803450,Texas,Motley,1910,373.0,0.0,0.0,,0.0,0.0
G4803470,Texas,Nacogdoches,1910,3991.0,506.0,12642.0,,0.12678526685041344,3.1676271611125033
G4803490,Texas,Navarro,1910,5596.0,14.0,375.0,,0.0025017869907076485,0.067012151536812
G4803510,Texas,Newton,1910,891.0,310.0,6493.0,,0.3479236812570146,7.287317620650954
G4803530,Texas,Nolan,1910,1160.0,0.0,0.0,,0.0,0.0
G4803550,Texas,Nueces,1910,945.0,21.0,2730.0,,0.022222222222222223,2.888888888888889
G4803570,Texas,Ochiltree,1910,264.0,1.0,75.0,,0.003787878787878788,0.2840909090909091
G4803590,Texas,Oldham,1910,87.0,0.0,0.0,,0.0,0.0
G4803610,Texas,Orange,1910,339.0,97.0,8260.0,,0.2861356932153392,24.365781710914455
G4803630,Texas,Palo Pinto,1910,1921.0,1.0,5.0,,0.0005205622071837585,0.0026028110359187923
G4803650,Texas,Panola,1910,3398.0,648.0,20119.0,,0.19070041200706297,5.920835785756327
G4803670,Texas,Parker,1910,3634.0,8.0,237.0,,0.002201430930104568,0.06521739130434782
G4803690,Texas,Parmer,1910,161.0,0.0,0.0,,0.0,0.0
G4803710,Texas,Pecos,1910,56.0,0.0,0.0,,0.0,0.0
G4803730,Texas,Polk,1910,1764.0,153.0,2366.0,,0.08673469387755102,1.3412698412698412
G4803750,Texas,Potter,1910,162.0,1.0,33.0,,0.006172839506172839,0.2037037037037037
G4803770,Texas,Presidio,1910,186.0,0.0,0.0,,0.0,0.0
G4803790,Texas,Rains,1910,1272.0,2.0,13.0,,0.0015723270440251573,0.010220125786163521
G4803810,Texas,Randall,1910,363.0,0.0,0.0,,0.0,0.0
G4803830,Texas,Reagan,1910,51.0,0.0,0.0,,0.0,0.0
G4803870,Texas,Red River,1910,4783.0,23.0,413.0,,0.004808697470206983,0.08634748066067321
G4803890,Texas,Reeves,1910,225.0,0.0,0.0,,0.0,0.0
G4803910,Texas,Refugio,1910,236.0,3.0,105.0,,0.012711864406779662,0.4449152542372881
G4803930,Texas,Roberts,1910,93.0,0.0,0.0,,0.0,0.0
G4803950,Texas,Robertson,1910,4303.0,303.0,10433.0,,0.07041598884499187,2.42458749709505
G4803970,Texas,Rockwall,1910,922.0,0.0,0.0,,0.0,0.0
G4803990,Texas,Runnels,1910,2526.0,0.0,0.0,,0.0,0.0
G4804010,Texas,Rusk,1910,4894.0,875.0,26155.0,,0.17879035553739273,5.344299141806293
G4804030,Texas,Sabine,1910,1047.0,173.0,2261.0,,0.16523400191021967,2.159503342884432
G4804050,Texas,San Augustine,1910,1647.0,132.0,4148.0,,0.08014571948998178,2.5185185185185186
G4804070,Texas,San Jacinto,1910,1479.0,37.0,1178.0,,0.025016903313049357,0.7964841108857336
G4804090,Texas,San Patricio,1910,470.0,47.0,2617.0,,0.1,5.568085106382979
G4804110,Texas,San Saba,1910,1530.0,1.0,25.0,,0.00065359477124183,0.016339869281045753
G4804130,Texas,Schleicher,1910,208.0,0.0,0.0,,0.0,0.0
G4804150,Texas,Scurry,1910,1424.0,5.0,212.0,,0.0035112359550561797,0.14887640449438203
G4804170,Texas,Shackelford,1910,589.0,1.0,2.0,,0.001697792869269949,0.003395585738539898
G4804190,Texas,Shelby,1910,3503.0,398.0,11294.0,,0.11361689980017128,3.224093634027976
G4804210,Texas,Sherman,1910,165.0,0.0,0.0,,0.0,0.0
G4804230,Texas,Smith,1910,5924.0,716.0,26957.0,,0.12086428089128967,4.550472653612424
G4804250,Texas,Somervell,1910,664.0,0.0,0.0,,0.0,0.0
G4804270,Texas,Starr,1910,918.0,12.0,1500.0,,0.013071895424836602,1.6339869281045751
G4804290,Texas,Stephens,1910,1375.0,0.0,0.0,,0.0,0.0
G4804310,Texas,Sterling,1910,135.0,0.0,0.0,,0.0,0.0
G4804330,Texas,Stonewall,1910,834.0,0.0,0.0,,0.0,0.0
G4804350,Texas,Sutton,1910,131.0,0.0,0.0,,0.0,0.0
G4804370,Texas,Swisher,1910,510.0,0.0,0.0,,0.0,0.0
G4804390,Texas,Tarrant,1910,3582.0,18.0,1612.0,,0.005025125628140704,0.4500279173646008
G4804410,Texas,Taylor,1910,2404.0,0.0,0.0,,0.0,0.0
G4804430,Texas,Terrell,1910,60.0,0.0,0.0,,0.0,0.0
G4804450,Texas,Terry,1910,235.0,0.0,0.0,,0.0,0.0
G4804470,Texas,Throckmorton,1910,694.0,0.0,0.0,,0.0,0.0
G4804490,Texas,Titus,1910,2722.0,235.0,6444.0,,0.08633357825128582,2.3673769287288757
G4804510,Texas,Tom Green,1910,998.0,3.0,115.0,,0.003006012024048096,0.11523046092184369
G4804530,Texas,Travis,1910,3568.0,26.0,4505.0,,0.0072869955156950675,1.2626121076233183
G4804550,Texas,Trinity,1910,1406.0,192.0,5847.0,,0.13655761024182078,4.158605974395448
G4804570,Texas,Tyler,1910,1123.0,360.0,8302.0,,0.3205699020480855,7.392698130008904
G4804590,Texas,Upshur,1910,3313.0,162.0,2304.0,,0.04889827950498038,0.6954421974041655
G4804610,Texas,Upton,1910,105.0,0.0,0.0,,0.0,0.0
G4804630,Texas,Uvalde,1910,706.0,5.0,2131.0,,0.007082152974504249,3.018413597733711
G4804650,Texas,Val Verde,1910,191.0,26.0,948.0,,0.13612565445026178,4.963350785340314
G4804670,Texas,Van Zandt,1910,4508.0,157.0,3411.0,,0.034826974267968054,0.7566548358473825
G4804690,Texas,Victoria,1910,1519.0,13.0,854.0,,0.008558262014483212,0.5622119815668203
G4804710,Texas,Walker,1910,2161.0,43.0,2015.0,,0.01989819527996298,0.9324386857936141
G4804730,Texas,Waller,1910,2061.0,215.0,8433.0,,0.10431829209121786,4.091703056768559
G4804750,Texas,Ward,1910,231.0,16.0,1870.0,,0.06926406926406926,8.095238095238095
G4804770,Texas,Washington,1910,3651.0,40.0,1377.0,,0.010955902492467817,0.3771569433032046
G4804790,Texas,Webb,1910,337.0,39.0,34217.0,,0.11572700296735905,101.53412462908013
G4804810,Texas,Wharton,1910,2654.0,23.0,1461.0,,0.008666164280331574,0.5504898266767144
G4804830,Texas,Wheeler,1910,736.0,0.0,0.0,,0.0,0.0
G4804850,Texas,Wichita,1910,1039.0,2.0,12.0,,0.0019249278152069298,0.011549566891241578
G4804870,Texas,Wilbarger,1910,1435.0,1.0,100.0,,0.0006968641114982578,0.06968641114982578
G4804910,Texas,Williamson,1910,4482.0,2.0,11.0,,0.0004462293618920125,0.0024542614904060687
G4804930,Texas,Wilson,1910,2130.0,16.0,308.0,,0.007511737089201878,0.14460093896713616
G4804950,Texas,Winkler,1910,128.0,0.0,0.0,,0.0,0.0
G4804970,Texas,Wise,1910,3721.0,3.0,19.0,,0.0008062348830959419,0.005106154259607632
G4804990,Texas,Wood,1910,3600.0,170.0,4940.0,,0.04722222222222222,1.3722222222222222
G4805010,Texas,Yoakum,1910,107.0,0.0,0.0,,0.0,0.0
G4805030,Texas,Young,1910,1796.0,2.0,56.0,,0.0011135857461024498,0.031180400890868598
G4805050,Texas,Zapata,1910,297.0,0.0,0.0,,0.0,0.0
G4805070,Texas,Zavala,1910,150.0,1.0,200.0,,0.006666666666666667,1.3333333333333333
G4900010,Utah,Beaver,1910,319.0,0.0,0.0,,0.0,0.0
G4900030,Utah,Box Elder,1910,1527.0,29.0,1207.0,,0.01899148657498363,0.7904387688277669
G4900050,Utah,Cache,1910,1907.0,87.0,4744.0,,0.04562139486103828,2.48767697954903
G4900070,Utah,Carbon,1910,171.0,4.0,147.0,,0.023391812865497075,0.8596491228070176
G4900110,Utah,Davis,1910,1302.0,97.0,1591.0,,0.07450076804915515,1.2219662058371736
G4900150,Utah,Emery,1910,666.0,45.0,1489.0,,0.06756756756756757,2.235735735735736
G4900170,Utah,Garfield,1910,409.0,2.0,18.0,,0.004889975550122249,0.044009779951100246
G4900190,Utah,Grand,1910,172.0,0.0,0.0,,0.0,0.0
G4900210,Utah,Iron,1910,373.0,3.0,105.0,,0.00804289544235925,0.28150134048257375
G4900230,Utah,Juab,1910,507.0,0.0,0.0,,0.0,0.0
G4900250,Utah,Kane,1910,166.0,0.0,0.0,,0.0,0.0
G4900270,Utah,Millard,1910,736.0,0.0,0.0,,0.0,0.0
G4900290,Utah,Morgan,1910,242.0,4.0,90.0,,0.01652892561983471,0.371900826446281
G4900310,Utah,Piute,1910,198.0,0.0,0.0,,0.0,0.0
G4900330,Utah,Rich,1910,219.0,0.0,0.0,,0.0,0.0
G4900350,Utah,Salt Lake,1910,2180.0,19.0,2045.0,,0.00871559633027523,0.9380733944954128
G4900370,Utah,San Juan,1910,157.0,0.0,0.0,,0.0,0.0
G4900390,Utah,Sanpete,1910,1708.0,126.0,4635.0,,0.07377049180327869,2.7137002341920375
G4900410,Utah,Sevier,1910,1059.0,22.0,565.0,,0.02077431539187913,0.5335221907459868
G4900430,Utah,Summit,1910,447.0,0.0,0.0,,0.0,0.0
G4900450,Utah,Tooele,1910,320.0,3.0,41.0,,0.009375,0.128125
G4900470,Utah,Uintah,1910,675.0,2.0,150.0,,0.002962962962962963,0.2222222222222222
G4900490,Utah,Utah,1910,2873.0,80.0,1216.0,,0.027845457709711103,0.42325095718760875
G4900510,Utah,Wasatch,1910,964.0,2.0,30.0,,0.002074688796680498,0.03112033195020747
G4900530,Utah,Washington,1910,598.0,4.0,28.0,,0.006688963210702341,0.046822742474916385
G4900550,Utah,Wayne,1910,246.0,0.0,0.0,,0.0,0.0
G4900570,Utah,Weber,1910,1535.0,42.0,1936.0,,0.02736156351791531,1.2612377850162866
G4909995,Utah,Indian Reservations [multi-reservation reporting area],1910,0.0,,,,,
G5000010,Vermont,Addison,1910,2690.0,1264.0,45767.0,,0.46988847583643123,17.013754646840148
G5000030,Vermont,Bennington,1910,1688.0,849.0,30361.0,,0.5029620853080569,17.98637440758294
G5000050,Vermont,Caledonia,1910,2633.0,1648.0,42539.0,,0.6259020129130269,16.15609570831751
G5000070,Vermont,Chittenden,1910,2206.0,1232.0,42952.0,,0.5584768812330009,19.470534904805078
G5000090,Vermont,Essex,1910,808.0,425.0,13361.0,,0.525990099009901,16.53589108910891
G5000110,Vermont,Franklin,1910,2698.0,1711.0,55571.0,,0.634173461823573,20.597108969607117
G5000130,Vermont,Grand Isle,1910,544.0,216.0,6230.0,,0.39705882352941174,11.452205882352942
G5000150,Vermont,Lamoille,1910,1629.0,1097.0,27138.0,,0.6734192756292203,16.659300184162063
G5000170,Vermont,Orange,1910,3016.0,1830.0,41966.0,,0.6067639257294429,13.91445623342175
G5000190,Vermont,Orleans,1910,2806.0,1757.0,53563.0,,0.6261582323592302,19.088738417676407
G5000210,Vermont,Rutland,1910,2863.0,1317.0,47549.0,,0.4600069856793573,16.608103388054488
G5000230,Vermont,Washington,1910,2830.0,1677.0,44458.0,,0.5925795053003533,15.709540636042403
G5000250,Vermont,Windham,1910,2553.0,1692.0,59998.0,,0.6627497062279671,23.500979240109675
G5000270,Vermont,Windsor,1910,3745.0,2318.0,59299.0,,0.618958611481976,15.834178905206942
G5100010,Virginia,Accomack,1910,2977.0,2788.0,512748.0,,0.9365132683909977,172.2364796775277
G5100030,Virginia,Albemarle,1910,2741.0,1080.0,59367.0,,0.3940167821962787,21.65888361911711
G5100035,Virginia,Alexandria,1910,96.0,1045.0,49861.0,,10.885416666666666,519.3854166666666
G5100050,Virginia,Alleghany,1910,574.0,57.0,5098.0,,0.09930313588850175,8.881533101045296
G5100070,Virginia,Amelia,1910,1250.0,201.0,5605.0,,0.1608,4.484
G5100090,Virginia,Amherst,1910,2317.0,884.0,35417.0,,0.3815278377211912,15.285714285714286
G5100110,Virginia,Appomattox,1910,1196.0,1142.0,32044.0,,0.9548494983277592,26.792642140468228
G5100150,Virginia,Augusta,1910,3106.0,2378.0,186414.0,,0.7656149388280747,60.01738570508693
G5100170,Virginia,Bath,1910,563.0,209.0,4991.0,,0.37122557726465366,8.86500888099467
G5100190,Virginia,Bedford,1910,3962.0,2491.0,61710.0,,0.6287228672387682,15.575466935890963
G5100210,Virginia,Bland,1910,763.0,403.0,8549.0,,0.528178243774574,11.204456094364351
G5100230,Virginia,Botetourt,1910,1668.0,984.0,33272.0,,0.5899280575539568,19.94724220623501
G5100250,Virginia,Brunswick,1910,2219.0,1809.0,72960.0,,0.815232086525462,32.8796755295178
G5100270,Virginia,Buchanan,1910,1695.0,1.0,5.0,,0.0005899705014749262,0.0029498525073746312
G5100290,Virginia,Buckingham,1910,2127.0,1534.0,65683.0,,0.7212035731076634,30.880582980724025
G5100310,Virginia,Campbell,1910,2397.0,1763.0,73173.0,,0.7355027117229871,30.526908635794744
G5100330,Virginia,Caroline,1910,2648.0,1594.0,55070.0,,0.601963746223565,20.796827794561935
G5100350,Virginia,Carroll,1910,3431.0,2222.0,35401.0,,0.6476245992422034,10.31798309530749
G5100360,Virginia,Charles City,1910,844.0,223.0,10712.0,,0.26421800947867297,12.691943127962086
G5100370,Virginia,Charlotte,1910,2209.0,1822.0,86511.0,,0.8248076052512449,39.16296966953372
G5100410,Virginia,Chesterfield,1910,1897.0,730.0,25587.0,,0.3848181338956247,13.488139167105956
G5100430,Virginia,Clarke,1910,585.0,398.0,36368.0,,0.6803418803418804,62.16752136752137
G5100450,Virginia,Craig,1910,560.0,293.0,5928.0,,0.5232142857142857,10.585714285714285
G5100470,Virginia,Culpeper,1910,1615.0,806.0,47136.0,,0.49907120743034056,29.186377708978327
G5100490,Virginia,Cumberland,1910,1520.0,1178.0,50528.0,,0.775,33.242105263157896
G5100510,Virginia,Dickenson,1910,1417.0,12.0,189.0,,0.008468595624558928,0.1333803810868031
G5100530,Virginia,Dinwiddie,1910,2274.0,1653.0,72474.0,,0.7269129287598944,31.87071240105541
G5100550,Virginia,Elizabeth City,1910,390.0,214.0,16362.0,,0.5487179487179488,41.95384615384615
G5100570,Virginia,Essex,1910,1480.0,695.0,21512.0,,0.46959459459459457,14.535135135135135
G5100590,Virginia,Fairfax,1910,2320.0,1565.0,92218.0,,0.6745689655172413,39.74913793103448
G5100610,Virginia,Fauquier,1910,2400.0,1424.0,118361.0,,0.5933333333333334,49.317083333333336
G5100630,Virginia,Floyd,1910,2416.0,1576.0,23141.0,,0.652317880794702,9.578228476821192
G5100650,Virginia,Fluvanna,1910,1438.0,756.0,18211.0,,0.5257301808066759,12.664116828929068
G5100670,Virginia,Franklin,1910,4335.0,2791.0,69474.0,,0.6438292964244521,16.02629757785467
G5100690,Virginia,Frederick,1910,1765.0,1223.0,57767.0,,0.6929178470254957,32.72917847025496
G5100710,Virginia,Giles,1910,1263.0,227.0,4866.0,,0.17973079968329375,3.852731591448931
G5100730,Virginia,Gloucester,1910,1997.0,1022.0,32748.0,,0.5117676514772158,16.398597896845267
G5100750,Virginia,Goochland,1910,1252.0,821.0,21716.0,,0.6557507987220448,17.345047923322685
G5100770,Virginia,Grayson,1910,2655.0,1008.0,15847.0,,0.37966101694915255,5.9687382297551785
G5100790,Virginia,Greene,1910,871.0,271.0,15017.0,,0.3111366245694604,17.241102181400688
G5100810,Virginia,Greensville,1910,1187.0,828.0,35421.0,,0.6975568660488627,29.8407750631845
G5100830,Virginia,Halifax,1910,5454.0,4667.0,261371.0,,0.8557022368903557,47.92280894756142
G5100850,Virginia,Hanover,1910,2461.0,1622.0,81496.0,,0.6590816741162129,33.1149939049167
G5100870,Virginia,Henrico,1910,1508.0,599.0,44776.0,,0.39721485411140584,29.692307692307693
G5100890,Virginia,Henry,1910,2353.0,1873.0,44309.0,,0.7960050998725032,18.830854228644284
G5100910,Virginia,Highland,1910,736.0,301.0,5564.0,,0.40896739130434784,7.559782608695652
G5100930,Virginia,Isle Of Wight,1910,1645.0,1392.0,139487.0,,0.8462006079027355,84.79452887537994
G5100950,Virginia,James City,1910,490.0,285.0,69344.0,,0.5816326530612245,141.5183673469388
G5100970,Virginia,King And Queen,1910,1629.0,973.0,24446.0,,0.5972989564149785,15.006752608962554
G5100990,Virginia,King George,1910,1005.0,521.0,22273.0,,0.5184079601990049,22.16218905472637
G5101010,Virginia,King William,1910,1088.0,443.0,18913.0,,0.4071691176470588,17.38327205882353
G5101030,Virginia,Lancaster,1910,1191.0,656.0,32325.0,,0.5507976490344249,27.141057934508815
G5101050,Virginia,Lee,1910,3222.0,645.0,10535.0,,0.20018621973929238,3.2697082557417754
G5101070,Virginia,Loudoun,1910,2144.0,1429.0,140560.0,,0.6665111940298507,65.55970149253731
G5101090,Virginia,Louisa,1910,2223.0,1477.0,41097.0,,0.6644174538911382,18.487179487179485
G5101110,Virginia,Lunenburg,1910,1849.0,1465.0,80448.0,,0.7923201730665225,43.508923742563546
G5101130,Virginia,Madison,1910,1279.0,586.0,26705.0,,0.4581704456606724,20.879593432369038
G5101150,Virginia,Mathews,1910,1387.0,563.0,17584.0,,0.40591204037490985,12.67772170151406
G5101170,Virginia,Mecklenburg,1910,3636.0,2791.0,138149.0,,0.7676017601760176,37.99477447744774
G5101190,Virginia,Middlesex,1910,1514.0,975.0,32157.0,,0.6439894319682959,21.239762219286657
G5101210,Virginia,Montgomery,1910,1676.0,786.0,27780.0,,0.46897374701670647,16.575178997613364
G5101230,Virginia,Nansemond,1910,2102.0,1604.0,355129.0,,0.7630827783063748,168.94814462416747
G5101250,Virginia,Nelson,1910,2202.0,706.0,20857.0,,0.3206176203451408,9.471843778383288
G5101270,Virginia,New Kent,1910,707.0,321.0,15820.0,,0.45403111739745405,22.376237623762375
G5101290,Virginia,Norfolk,1910,1436.0,945.0,631670.0,,0.6580779944289693,439.8816155988858
G5101310,Virginia,Northampton,1910,1298.0,1212.0,470751.0,,0.9337442218798151,362.67411402157165
G5101330,Virginia,Northumberland,1910,1641.0,1117.0,44071.0,,0.6806825106642291,26.856185252894576
G5101350,Virginia,Nottoway,1910,1359.0,912.0,39409.0,,0.6710816777041942,28.998528329654157
G5101370,Virginia,Orange,1910,1370.0,932.0,46565.0,,0.6802919708029197,33.98905109489051
G5101390,Virginia,Page,1910,1322.0,925.0,36025.0,,0.699697428139183,27.25037821482602
G5101410,Virginia,Patrick,1910,2997.0,2052.0,45741.0,,0.6846846846846847,15.262262262262261
G5101430,Virginia,Pittsylvania,1910,6347.0,5486.0,330966.0,,0.8643453600126044,52.145265479754215
G5101450,Virginia,Powhatan,1910,890.0,677.0,23482.0,,0.7606741573033707,26.384269662921348
G5101470,Virginia,Prince Edward,1910,1682.0,1238.0,70618.0,,0.7360285374554102,41.984542211652794
G5101490,Virginia,Prince George,1910,1091.0,891.0,56136.0,,0.8166819431714024,51.453712190650776
G5101510,Virginia,Princess Anne,1910,1423.0,844.0,50014.0,,0.5931131412508784,35.146872803935345
G5101530,Virginia,Prince William,1910,1264.0,915.0,163332.0,,0.7238924050632911,129.21835443037975
G5101550,Virginia,Pulaski,1910,1089.0,548.0,25566.0,,0.5032139577594124,23.47658402203857
G5101570,Virginia,Rappahannock,1910,966.0,390.0,23844.0,,0.40372670807453415,24.683229813664596
G5101590,Virginia,Richmond,1910,1098.0,766.0,26314.0,,0.697632058287796,23.965391621129324
G5101610,Virginia,Roanoke,1910,1217.0,532.0,22712.0,,0.4371405094494659,18.66228430566968
G5101630,Virginia,Rockbridge,1910,1994.0,957.0,45450.0,,0.4799398194583751,22.793380140421263
G5101650,Virginia,Rockingham,1910,3528.0,2617.0,143447.0,,0.7417800453514739,40.65958049886621
G5101670,Virginia,Russell,1910,2857.0,588.0,11760.0,,0.20581029051452573,4.116205810290515
G5101690,Virginia,Scott,1910,3998.0,961.0,17162.0,,0.24037018509254626,4.292646323161581
G5101710,Virginia,Shenandoah,1910,2288.0,1912.0,79395.0,,0.8356643356643356,34.70061188811189
G5101730,Virginia,Smyth,1910,1870.0,1018.0,38959.0,,0.544385026737968,20.83368983957219
G5101750,Virginia,Southampton,1910,2882.0,2499.0,212447.0,,0.8671061762664816,73.71512838306731
G5101770,Virginia,Spotsylvania,1910,1590.0,1108.0,32948.0,,0.6968553459119496,20.72201257861635
G5101790,Virginia,Stafford,1910,1124.0,754.0,27053.0,,0.6708185053380783,24.068505338078293
G5101810,Virginia,Surry,1910,1094.0,799.0,40801.0,,0.7303473491773309,37.29524680073126
G5101830,Virginia,Sussex,1910,1624.0,1264.0,88789.0,,0.7783251231527094,54.67302955665025
G5101850,Virginia,Tazewell,1910,1995.0,398.0,11747.0,,0.19949874686716793,5.8882205513784465
G5101870,Virginia,Warren,1910,726.0,453.0,20198.0,,0.6239669421487604,27.820936639118457
G5101890,Virginia,Warwick,1910,431.0,192.0,9423.0,,0.44547563805104406,21.8631090487239
G5101910,Virginia,Washington,1910,3602.0,1646.0,54688.0,,0.4569683509161577,15.182676290949473
G5101930,Virginia,Westmoreland,1910,1315.0,940.0,46205.0,,0.714828897338403,35.136882129277566
G5101950,Virginia,Wise,1910,1731.0,104.0,2222.0,,0.06008087810514154,1.2836510687463893
G5101970,Virginia,Wythe,1910,1662.0,1228.0,81198.0,,0.7388688327316486,48.855595667870034
G5101990,Virginia,York,1910,1123.0,590.0,27841.0,,0.5253784505788067,24.791629563668746
G5105100,Virginia,Alexandria City,1910,2.0,0.0,0.0,,0.0,0.0
G5105200,Virginia,Bristol City,1910,4.0,1.0,125.0,,0.25,31.25
G5105300,Virginia,Buena Vista City,1910,12.0,2.0,46.0,,0.16666666666666666,3.8333333333333335
G5105400,Virginia,Charlottesville City,1910,2.0,2.0,60.0,,1.0,30.0
G5105600,Virginia,Clifton Forge City,1910,0.0,0.0,0.0,,,
G5105900,Virginia,Danville City,1910,12.0,4.0,286.0,,0.3333333333333333,23.833333333333332
G5106300,Virginia,Fredericksburg City,1910,2.0,0.0,0.0,,0.0,0.0
G5106800,Virginia,Lynchburg City,1910,8.0,3.0,122.0,,0.375,15.25
G5107000,Virginia,Newport News City,1910,1.0,0.0,0.0,,0.0,0.0
G5107100,Virginia,Norfolk City,1910,4.0,4.0,2600.0,,1.0,650.0
G5107300,Virginia,Petersburg City,1910,17.0,4.0,70.0,,0.23529411764705882,4.117647058823529
G5107400,Virginia,Portsmouth City,1910,0.0,0.0,0.0,,,
G5107500,Virginia,Radford City,1910,66.0,18.0,629.0,,0.2727272727272727,9.530303030303031
G5107600,Virginia,Richmond City,1910,4.0,1.0,10.0,,0.25,2.5
G5107700,Virginia,Roanoke City,1910,4.0,0.0,0.0,,0.0,0.0
G5107900,Virginia,Staunton City,1910,6.0,5.0,290.0,,0.8333333333333334,48.333333333333336
G5108300,Virginia,Williamsburg City,1910,6.0,5.0,1434.0,,0.8333333333333334,239.0
G5108400,Virginia,Winchester City,1910,23.0,17.0,1247.0,,0.7391304347826086,54.21739130434783
G5300010,Washington,Adams,1910,1263.0,1.0,25.0,,0.000791765637371338,0.01979414093428345
G5300030,Washington,Asotin,1910,555.0,38.0,1803.0,,0.06846846846846846,3.2486486486486488
G5300050,Washington,Benton,1910,1239.0,61.0,1837.0,,0.04923325262308313,1.4826472962066182
G5300055,Washington,Chehalis,1910,742.0,35.0,744.0,,0.04716981132075472,1.0026954177897573
G5300070,Washington,Chelan,1910,1661.0,23.0,649.0,,0.013847080072245636,0.39072847682119205
G5300090,Washington,Clallam,1910,607.0,12.0,298.0,,0.019769357495881382,0.49093904448105435
G5300110,Washington,Clark,1910,2515.0,269.0,3946.0,,0.10695825049701789,1.568986083499006
G5300130,Washington,Columbia,1910,703.0,3.0,370.0,,0.004267425320056899,0.5263157894736842
G5300150,Washington,Cowlitz,1910,909.0,39.0,623.0,,0.0429042904290429,0.6853685368536854
G5300170,Washington,Douglas,1910,1730.0,4.0,230.0,,0.0023121387283236996,0.1329479768786127
G5300190,Washington,Ferry,1910,590.0,1.0,4.0,,0.001694915254237288,0.006779661016949152
G5300210,Washington,Franklin,1910,620.0,3.0,85.0,,0.004838709677419355,0.13709677419354838
G5300230,Washington,Garfield,1910,504.0,0.0,0.0,,0.0,0.0
G5300250,Washington,Grant,1910,1607.0,6.0,475.0,,0.00373366521468575,0.2955818294959552
G5300290,Washington,Island,1910,458.0,16.0,156.0,,0.034934497816593885,0.3406113537117904
G5300310,Washington,Jefferson,1910,262.0,3.0,120.0,,0.011450381679389313,0.4580152671755725
G5300330,Washington,King,1910,3287.0,285.0,18732.0,,0.08670520231213873,5.6988135077578335
G5300350,Washington,Kitsap,1910,950.0,67.0,1099.0,,0.07052631578947369,1.156842105263158
G5300370,Washington,Kittitas,1910,871.0,21.0,1465.0,,0.024110218140068886,1.6819747416762343
G5300390,Washington,Klickitat,1910,1641.0,51.0,1250.0,,0.031078610603290677,0.7617306520414382
G5300410,Washington,Lewis,1910,2261.0,39.0,1989.0,,0.017249004865103935,0.8796992481203008
G5300430,Washington,Lincoln,1910,2139.0,9.0,1919.0,,0.004207573632538569,0.8971482000935016
G5300450,Washington,Mason,1910,385.0,18.0,358.0,,0.046753246753246755,0.9298701298701298
G5300470,Washington,Okanogan,1910,2173.0,5.0,57.0,,0.002300966405890474,0.026231017027151405
G5300490,Washington,Pacific,1910,347.0,26.0,560.0,,0.07492795389048991,1.6138328530259367
G5300530,Washington,Pierce,1910,2970.0,327.0,23955.0,,0.1101010101010101,8.065656565656566
G5300550,Washington,San Juan,1910,483.0,7.0,297.0,,0.014492753623188406,0.6149068322981367
G5300570,Washington,Skagit,1910,1897.0,29.0,537.0,,0.015287295730100159,0.283078545071165
G5300590,Washington,Skamania,1910,232.0,4.0,19.0,,0.017241379310344827,0.08189655172413793
G5300610,Washington,Snohomish,1910,1813.0,60.0,1966.0,,0.03309431880860452,1.0843905129619416
G5300630,Washington,Spokane,1910,3947.0,43.0,3489.0,,0.010894350139346339,0.8839625031669622
G5300650,Washington,Stevens,1910,3196.0,17.0,630.0,,0.005319148936170213,0.19712140175219023
G5300670,Washington,Thurston,1910,1173.0,73.0,1702.0,,0.06223358908780904,1.4509803921568627
G5300690,Washington,Wahkiakum,1910,229.0,3.0,26.0,,0.013100436681222707,0.11353711790393013
G5300710,Washington,Walla Walla,1910,1383.0,52.0,4639.0,,0.03759942154736081,3.354302241503977
G5300730,Washington,Whatcom,1910,2413.0,122.0,6692.0,,0.050559469539991714,2.773311230832988
G5300750,Washington,Whitman,1910,3096.0,4.0,2068.0,,0.0012919896640826874,0.6679586563307494
G5300770,Washington,Yakima,1910,3341.0,25.0,2209.0,,0.0074827895839568994,0.6611792876384316
G5309995,Washington,Indian Reservations [multi-reservation reporting area],1910,0.0,0.0,0.0,,,
G5400010,West Virginia,Barbour,1910,2026.0,1416.0,19620.0,,0.6989141164856861,9.68410661401777
G5400030,West Virginia,Berkeley,1910,1288.0,844.0,43822.0,,0.65527950310559,34.02329192546584
G5400050,West Virginia,Boone,1910,1172.0,20.0,117.0,,0.017064846416382253,0.09982935153583618
G5400070,West Virginia,Braxton,1910,2870.0,252.0,2475.0,,0.08780487804878048,0.8623693379790941
G5400090,West Virginia,Brooke,1910,468.0,106.0,3159.0,,0.2264957264957265,6.75
G5400110,West Virginia,Cabell,1910,2289.0,326.0,6916.0,,0.14242027086063783,3.021406727828746
G5400130,West Virginia,Calhoun,1910,1749.0,20.0,945.0,,0.011435105774728416,0.5403087478559176
G5400150,West Virginia,Clay,1910,1099.0,25.0,293.0,,0.022747952684258416,0.26660600545950863
G5400170,West Virginia,Doddridge,1910,1755.0,78.0,1359.0,,0.044444444444444446,0.7743589743589744
G5400190,West Virginia,Fayette,1910,1672.0,820.0,11178.0,,0.4904306220095694,6.685406698564593
G5400210,West Virginia,Gilmer,1910,1663.0,30.0,398.0,,0.01803968731208659,0.23932651834034877
G5400230,West Virginia,Grant,1910,928.0,247.0,5225.0,,0.2661637931034483,5.630387931034483
G5400250,West Virginia,Greenbrier,1910,2551.0,1382.0,30690.0,,0.5417483339866719,12.030576244609957
G5400270,West Virginia,Hampshire,1910,1699.0,1019.0,23409.0,,0.5997645673925839,13.7781047675103
G5400290,West Virginia,Hancock,1910,452.0,190.0,6054.0,,0.42035398230088494,13.393805309734514
G5400310,West Virginia,Hardy,1910,1106.0,557.0,13347.0,,0.5036166365280289,12.067811934900542
G5400330,West Virginia,Harrison,1910,2286.0,501.0,9991.0,,0.21916010498687663,4.3705161854768155
G5400350,West Virginia,Jackson,1910,3145.0,544.0,11476.0,,0.17297297297297298,3.648966613672496
G5400370,West Virginia,Jefferson,1910,836.0,655.0,50359.0,,0.7834928229665071,60.23803827751196
G5400390,West Virginia,Kanawha,1910,3807.0,178.0,4734.0,,0.04675597583399002,1.243498817966903
G5400410,West Virginia,Lewis,1910,1815.0,331.0,6023.0,,0.18236914600550963,3.3184573002754822
G5400430,West Virginia,Lincoln,1910,2936.0,451.0,4724.0,,0.15361035422343325,1.608991825613079
G5400450,West Virginia,Logan,1910,1110.0,29.0,242.0,,0.026126126126126126,0.218018018018018
G5400470,West Virginia,McDowell,1910,880.0,28.0,592.0,,0.031818181818181815,0.6727272727272727
G5400490,West Virginia,Marion,1910,2333.0,595.0,10799.0,,0.25503643377625373,4.628804114873553
G5400510,West Virginia,Marshall,1910,1957.0,66.0,2186.0,,0.03372508942258559,1.1170158405723045
G5400530,West Virginia,Mason,1910,2695.0,656.0,19331.0,,0.24341372912801484,7.17291280148423
G5400550,West Virginia,Mercer,1910,1956.0,402.0,5953.0,,0.20552147239263804,3.0434560327198366
G5400570,West Virginia,Mineral,1910,728.0,242.0,7215.0,,0.3324175824175824,9.910714285714286
G5400590,West Virginia,Mingo,1910,1059.0,6.0,125.0,,0.0056657223796034,0.11803588290840415
G5400610,West Virginia,Monongalia,1910,2087.0,686.0,17224.0,,0.32870148538572114,8.252994729276473
G5400630,West Virginia,Monroe,1910,1918.0,1190.0,20725.0,,0.6204379562043796,10.805526590198124
G5400650,West Virginia,Morgan,1910,866.0,601.0,20155.0,,0.6939953810623557,23.27367205542725
G5400670,West Virginia,Nicholas,1910,1670.0,713.0,12791.0,,0.42694610778443115,7.659281437125749
G5400690,West Virginia,Ohio,1910,706.0,111.0,6115.0,,0.15722379603399433,8.661473087818697
G5400710,West Virginia,Pendleton,1910,1321.0,507.0,7893.0,,0.3838001514004542,5.975018925056776
G5400730,West Virginia,Pleasants,1910,895.0,143.0,1895.0,,0.15977653631284916,2.11731843575419
G5400750,West Virginia,Pocahontas,1910,1198.0,473.0,9507.0,,0.39482470784641066,7.935726210350584
G5400770,West Virginia,Preston,1910,2837.0,1781.0,36694.0,,0.62777581952767,12.934085301374692
G5400790,West Virginia,Putnam,1910,2279.0,883.0,13823.0,,0.38745063624396664,6.065379552435279
G5400810,West Virginia,Raleigh,1910,1598.0,440.0,5277.0,,0.2753441802252816,3.302252816020025
G5400830,West Virginia,Randolph,1910,1856.0,747.0,18068.0,,0.40247844827586204,9.734913793103448
G5400850,West Virginia,Ritchie,1910,2255.0,339.0,5366.0,,0.15033259423503326,2.37960088691796
G5400870,West Virginia,Roane,1910,2887.0,218.0,4135.0,,0.07551091098025632,1.4322826463456875
G5400890,West Virginia,Summers,1910,2012.0,588.0,6860.0,,0.2922465208747515,3.4095427435387675
G5400910,West Virginia,Taylor,1910,1159.0,492.0,9418.0,,0.4245038826574633,8.125970664365832
G5400930,West Virginia,Tucker,1910,828.0,255.0,3559.0,,0.3079710144927536,4.298309178743962
G5400950,West Virginia,Tyler,1910,1764.0,146.0,2066.0,,0.08276643990929705,1.1712018140589568
G5400970,West Virginia,Upshur,1910,2200.0,1038.0,13682.0,,0.4718181818181818,6.219090909090909
G5400990,West Virginia,Wayne,1910,3188.0,41.0,495.0,,0.012860727728983688,0.15526976160602257
G5401010,West Virginia,Webster,1910,1084.0,103.0,1311.0,,0.09501845018450185,1.209409594095941
G5401030,West Virginia,Wetzel,1910,2133.0,63.0,1127.0,,0.029535864978902954,0.5283638068448195
G5401050,West Virginia,Wirt,1910,1429.0,52.0,936.0,,0.0363890832750175,0.655003498950315
G5401070,West Virginia,Wood,1910,2723.0,285.0,6373.0,,0.1046639735585751,2.3404333455747337
G5401090,West Virginia,Wyoming,1910,1462.0,56.0,685.0,,0.038303693570451436,0.4685362517099863
G5500010,Wisconsin,Adams,1910,1681.0,16.0,516.0,,0.009518143961927425,0.30696014277215944
G5500030,Wisconsin,Ashland,1910,718.0,8.0,270.0,,0.011142061281337047,0.37604456824512533
G5500050,Wisconsin,Barron,1910,3852.0,164.0,3859.0,,0.04257528556593977,1.0018172377985461
G5500070,Wisconsin,Bayfield,1910,1086.0,25.0,1485.0,,0.02302025782688766,1.367403314917127
G5500090,Wisconsin,Brown,1910,3615.0,122.0,4595.0,,0.03374827109266943,1.2710926694329183
G5500110,Wisconsin,Buffalo,1910,2161.0,9.0,245.0,,0.0041647385469689956,0.11337343822304488
G5500130,Wisconsin,Burnett,1910,1676.0,5.0,361.0,,0.0029832935560859188,0.21539379474940334
G5500150,Wisconsin,Calumet,1910,2074.0,8.0,378.0,,0.003857280617164899,0.18225650916104147
G5500170,Wisconsin,Chippewa,1910,3079.0,33.0,1335.0,,0.01071776550828191,0.43358233192594997
G5500190,Wisconsin,Clark,1910,4196.0,15.0,205.0,,0.003574833174451859,0.0488560533841754
G5500210,Wisconsin,Columbia,1910,3327.0,55.0,1354.0,,0.01653140967838894,0.40697324917342953
G5500230,Wisconsin,Crawford,1910,1983.0,24.0,550.0,,0.012102874432677761,0.2773575390821987
G5500250,Wisconsin,Dane,1910,6058.0,106.0,9091.0,,0.017497523935292175,1.5006602839220864
G5500270,Wisconsin,Dodge,1910,4741.0,42.0,1638.0,,0.008858890529424172,0.3454967306475427
G5500290,Wisconsin,Door,1910,2310.0,25.0,633.0,,0.010822510822510822,0.274025974025974
G5500310,Wisconsin,Douglas,1910,853.0,6.0,76.0,,0.007033997655334115,0.08909730363423213
G5500330,Wisconsin,Dunn,1910,3297.0,88.0,1609.0,,0.026690931149529876,0.4880194115862906
G5500350,Wisconsin,Eau Claire,1910,2158.0,94.0,4004.0,,0.04355885078776645,1.855421686746988
G5500370,Wisconsin,Florence,1910,274.0,2.0,16.0,,0.0072992700729927005,0.058394160583941604
G5500390,Wisconsin,Fond du Lac,1910,4242.0,31.0,2744.0,,0.007307873644507308,0.6468646864686468
G5500410,Wisconsin,Forest,1910,237.0,2.0,42.0,,0.008438818565400843,0.17721518987341772
G5500430,Wisconsin,Grant,1910,4056.0,105.0,2880.0,,0.025887573964497042,0.7100591715976331
G5500450,Wisconsin,Green,1910,2465.0,18.0,599.0,,0.007302231237322515,0.24300202839756593
G5500470,Wisconsin,Green Lake,1910,1602.0,24.0,1449.0,,0.0149812734082397,0.9044943820224719
G5500490,Wisconsin,Iowa,1910,2495.0,15.0,227.0,,0.006012024048096192,0.09098196392785571
G5500510,Wisconsin,Iron,1910,119.0,3.0,96.0,,0.025210084033613446,0.8067226890756303
G5500530,Wisconsin,Jackson,1910,2382.0,53.0,1604.0,,0.02225020990764064,0.6733837111670865
G5500550,Wisconsin,Jefferson,1910,3356.0,43.0,1961.0,,0.012812872467222885,0.584326579261025
G5500570,Wisconsin,Juneau,1910,2470.0,18.0,362.0,,0.0072874493927125505,0.1465587044534413
G5500590,Wisconsin,Kenosha,1910,1423.0,205.0,17172.0,,0.14406184118060436,12.067463106113845
G5500610,Wisconsin,Kewaunee,1910,2074.0,9.0,244.0,,0.004339440694310511,0.11764705882352941
G5500630,Wisconsin,La Crosse,1910,1811.0,91.0,3534.0,,0.05024848150193263,1.9514080618442848
G5500650,Wisconsin,Lafayette,1910,2441.0,10.0,309.0,,0.004096681687832855,0.12658746415403524
G5500670,Wisconsin,Langlade,1910,1434.0,4.0,276.0,,0.002789400278940028,0.19246861924686193
G5500690,Wisconsin,Lincoln,1910,1119.0,16.0,273.0,,0.014298480786416443,0.24396782841823056
G5500710,Wisconsin,Manitowoc,1910,3906.0,37.0,1117.0,,0.009472606246799796,0.2859703020993344
G5500730,Wisconsin,Marathon,1910,5080.0,25.0,466.0,,0.004921259842519685,0.09173228346456692
G5500750,Wisconsin,Marinette,1910,1919.0,39.0,1311.0,,0.020323084940072955,0.6831683168316832
G5500770,Wisconsin,Marquette,1910,1476.0,7.0,154.0,,0.0047425474254742545,0.1043360433604336
G5500790,Wisconsin,Milwaukee,1910,2443.0,119.0,9779.0,,0.04871060171919771,4.002865329512894
G5500810,Wisconsin,Monroe,1910,3494.0,48.0,1562.0,,0.013737836290784202,0.4470520892959359
G5500830,Wisconsin,Oconto,1910,2868.0,56.0,1743.0,,0.019525801952580194,0.6077405857740585
G5500850,Wisconsin,Oneida,1910,688.0,22.0,228.0,,0.03197674418604651,0.3313953488372093
G5500870,Wisconsin,Outagamie,1910,3650.0,78.0,2776.0,,0.021369863013698632,0.7605479452054794
G5500890,Wisconsin,Ozaukee,1910,1714.0,10.0,1430.0,,0.005834305717619603,0.8343057176196033
G5500910,Wisconsin,Pepin,1910,1038.0,11.0,257.0,,0.010597302504816955,0.24759152215799615
G5500930,Wisconsin,Pierce,1910,3213.0,20.0,386.0,,0.006224712107065048,0.12013694366635543
G5500950,Wisconsin,Polk,1910,3399.0,20.0,747.0,,0.005884083553986467,0.21977052074139453
G5500970,Wisconsin,Portage,1910,3229.0,74.0,755.0,,0.022917311861257356,0.23381851966553113
G5500990,Wisconsin,Price,1910,1352.0,5.0,143.0,,0.0036982248520710057,0.10576923076923077
G5501010,Wisconsin,Racine,1910,2203.0,287.0,16511.0,,0.13027689514298685,7.494779845665002
G5501030,Wisconsin,Richland,1910,2546.0,22.0,777.0,,0.00864100549882168,0.30518460329929303
G5501050,Wisconsin,Rock,1910,3787.0,102.0,4607.0,,0.026934248745709006,1.2165302350145233
G5501070,Wisconsin,Rusk,1910,1069.0,3.0,62.0,,0.002806361085126286,0.057998129092609915
G5501090,Wisconsin,St Croix,1910,3119.0,16.0,1257.0,,0.005129849310676499,0.40301378647002245
G5501110,Wisconsin,Sauk,1910,3806.0,51.0,1713.0,,0.013399894902785077,0.45007882291119283
G5501130,Wisconsin,Sawyer,1910,388.0,5.0,910.0,,0.01288659793814433,2.345360824742268
G5501150,Wisconsin,Shawano,1910,3549.0,42.0,948.0,,0.011834319526627219,0.26711749788672867
G5501170,Wisconsin,Sheboygan,1910,3647.0,19.0,988.0,,0.005209761447765287,0.2709075952837949
G5501190,Wisconsin,Taylor,1910,1582.0,14.0,296.0,,0.008849557522123894,0.18710493046776233
G5501210,Wisconsin,Trempealeau,1910,3008.0,29.0,452.0,,0.00964095744680851,0.1502659574468085
G5501230,Wisconsin,Vernon,1910,4003.0,37.0,1128.0,,0.00924306769922558,0.2817886585061204
G5501250,Wisconsin,Vilas,1910,149.0,0.0,0.0,,0.0,0.0
G5501270,Wisconsin,Walworth,1910,2803.0,33.0,2092.0,,0.011773100249732429,0.7463432037103104
G5501290,Wisconsin,Washburn,1910,972.0,4.0,94.0,,0.00411522633744856,0.09670781893004116
G5501310,Wisconsin,Washington,1910,2795.0,14.0,388.0,,0.005008944543828265,0.13881932021466906
G5501330,Wisconsin,Waukesha,1910,3506.0,62.0,2169.0,,0.017683970336565887,0.6186537364517969
G5501350,Wisconsin,Waupaca,1910,3794.0,80.0,839.0,,0.021085925144965736,0.22113863995782815
G5501370,Wisconsin,Waushara,1910,2622.0,33.0,421.0,,0.012585812356979404,0.16056445461479787
G5501390,Wisconsin,Winnebago,1910,2739.0,48.0,1756.0,,0.017524644030668127,0.6411098941219423
G5501410,Wisconsin,Wood,1910,2706.0,29.0,1499.0,,0.010716925351071693,0.5539541759053954
G5509995,Wisconsin,Indian Reservations [multi-reservation reporting area],1910,0.0,,,,,
G5600010,Wyoming,Albany,1910,453.0,3.0,275.0,,0.006622516556291391,0.6070640176600441
G5600030,Wyoming,Big Horn,1910,1078.0,0.0,0.0,,0.0,0.0
G5600070,Wyoming,Carbon,1910,486.0,1.0,50.0,,0.00205761316872428,0.102880658436214
G5600090,Wyoming,Converse,1910,684.0,3.0,925.0,,0.0043859649122807015,1.3523391812865497
G5600110,Wyoming,Crook,1910,1341.0,1.0,400.0,,0.0007457121551081282,0.29828486204325133
G5600130,Wyoming,Fremont,1910,846.0,8.0,1400.0,,0.009456264775413711,1.6548463356973995
G5600190,Wyoming,Johnson,1910,338.0,0.0,0.0,,0.0,0.0
G5600210,Wyoming,Laramie,1910,1933.0,5.0,1175.0,,0.002586652871184687,0.6078634247284015
G5600250,Wyoming,Natrona,1910,269.0,1.0,126.0,,0.0037174721189591076,0.4684014869888476
G5600290,Wyoming,Park,1910,624.0,3.0,160.0,,0.004807692307692308,0.2564102564102564
G5600330,Wyoming,Sheridan,1910,799.0,1.0,150.0,,0.0012515644555694619,0.18773466833541927
G5600370,Wyoming,Sweetwater,1910,203.0,1.0,200.0,,0.0049261083743842365,0.9852216748768473
G5600410,Wyoming,Uinta,1910,1286.0,3.0,91.0,,0.0023328149300155523,0.07076205287713841
G5600450,Wyoming,Weston,1910,647.0,3.0,350.0,,0.00463678516228748,0.5409582689335394
G5600470,Wyoming,Yellowstone National Park,1910,0.0,,,,,
G5609995,Wyoming,Indian Reservations [multi-reservation reporting area],1910,0.0,,,,,
G0100010,Alabama,Autauga,1920,2481.0,1832.0,311431.0,,0.7384119306731157,125.52640064490124
G0100030,Alabama,Baldwin,1920,2122.0,1676.0,202158.0,,0.7898209236569275,95.26767200754006
G0100050,Alabama,Barbour,1920,4268.0,3849.0,433511.0,,0.9018275538894096,101.5723992502343
G0100070,Alabama,Bibb,1920,1844.0,1267.0,68741.0,,0.6870932754880694,37.278199566160524
G0100090,Alabama,Blount,1920,4019.0,3394.0,217036.0,,0.8444886787758149,54.00248818113959
G0100110,Alabama,Bullock,1920,3700.0,1384.0,97467.0,,0.37405405405405406,26.34243243243243
G0100130,Alabama,Butler,1920,3627.0,2468.0,106545.0,,0.680452164323132,29.375516956162116
G0100150,Alabama,Calhoun,1920,3521.0,1713.0,135494.0,,0.4865095143425163,38.48168134052826
G0100170,Alabama,Chambers,1920,4918.0,4647.0,779293.0,,0.944896299308662,158.45729971533143
G0100190,Alabama,Cherokee,1920,3717.0,3294.0,266570.0,,0.8861985472154964,71.71643798762443
G0100210,Alabama,Chilton,1920,3443.0,3030.0,208659.0,,0.8800464711007842,60.6038338658147
G0100230,Alabama,Choctaw,1920,3039.0,1478.0,90377.0,,0.48634419216847646,29.739058900954262
G0100250,Alabama,Clarke,1920,3762.0,2314.0,120459.0,,0.6150983519404573,32.01993620414673
G0100270,Alabama,Clay,1920,3576.0,3175.0,190266.0,,0.8878635346756152,53.20637583892618
G0100290,Alabama,Cleburne,1920,2235.0,2027.0,136656.0,,0.9069351230425056,61.143624161073824
G0100310,Alabama,Coffee,1920,4789.0,4262.0,488385.0,,0.8899561495092921,101.98058049697222
G0100330,Alabama,Colbert,1920,3018.0,1938.0,126960.0,,0.6421471172962226,42.067594433399606
G0100350,Alabama,Conecuh,1920,3649.0,2840.0,200016.0,,0.7782954234036722,54.813921622362294
G0100370,Alabama,Coosa,1920,1980.0,1479.0,54127.0,,0.746969696969697,27.336868686868687
G0100390,Alabama,Covington,1920,4264.0,3426.0,326944.0,,0.8034709193245778,76.67542213883678
G0100410,Alabama,Crenshaw,1920,3675.0,2889.0,208277.0,,0.7861224489795918,56.67401360544218
G0100430,Alabama,Cullman,1920,5594.0,5129.0,412084.0,,0.9168752234537004,73.66535573829103
G0100450,Alabama,Dale,1920,3438.0,3097.0,287171.0,,0.9008144269924374,83.52850494473532
G0100470,Alabama,Dallas,1920,7124.0,2552.0,268702.0,,0.35822571588994945,37.71785513756317
G0100490,Alabama,DeKalb,1920,5636.0,5174.0,420043.0,,0.9180269694819021,74.52856635911995
G0100510,Alabama,Elmore,1920,3726.0,3259.0,282109.0,,0.8746645195920558,75.71363392377886
G0100530,Alabama,Escambia,1920,2069.0,1734.0,156466.0,,0.8380860318994683,75.62397293378444
G0100550,Alabama,Etowah,1920,3832.0,3361.0,265112.0,,0.8770876826722338,69.18371607515658
G0100570,Alabama,Fayette,1920,2825.0,1756.0,66822.0,,0.6215929203539823,23.653805309734512
G0100590,Alabama,Franklin,1920,3157.0,2548.0,131683.0,,0.8070953436807096,41.71143490655686
G0100610,Alabama,Geneva,1920,4085.0,3737.0,434504.0,,0.9148102815177479,106.3657282741738
G0100630,Alabama,Greene,1920,3139.0,527.0,39554.0,,0.16788786237655304,12.600828289264097
G0100650,Alabama,Hale,1920,3816.0,1219.0,79995.0,,0.3194444444444444,20.96305031446541
G0100670,Alabama,Henry,1920,3442.0,3279.0,415387.0,,0.952643811737362,120.68187100522952
G0100690,Alabama,Houston,1920,4612.0,3860.0,382265.0,,0.836947094535993,82.88486556808326
G0100710,Alabama,Jackson,1920,5584.0,3859.0,206521.0,,0.6910816618911175,36.98441977077364
G0100730,Alabama,Jefferson,1920,3669.0,1717.0,73997.0,,0.46797492504769694,20.168165712728264
G0100750,Alabama,Lamar,1920,2762.0,1924.0,94998.0,,0.6965966690803765,34.394641564084
G0100770,Alabama,Lauderdale,1920,4962.0,3713.0,175976.0,,0.7482869810560258,35.46473196291818
G0100790,Alabama,Lawrence,1920,4535.0,3163.0,256513.0,,0.6974641675854465,56.56295479603087
G0100810,Alabama,Lee,1920,3481.0,3013.0,398796.0,,0.8655558747486355,114.56363114047687
G0100830,Alabama,Limestone,1920,5351.0,3841.0,202310.0,,0.7178097551859466,37.80788637637825
G0100850,Alabama,Lowndes,1920,5118.0,1657.0,84978.0,,0.3237592809691286,16.603751465416178
G0100870,Alabama,Macon,1920,3956.0,2743.0,304098.0,,0.6933771486349848,76.87007077856421
G0100890,Alabama,Madison,1920,6158.0,4783.0,303204.0,,0.7767132185774602,49.23741474504709
G0100910,Alabama,Marengo,1920,6004.0,736.0,48445.0,,0.12258494337108594,8.068787475016656
G0100930,Alabama,Marion,1920,3531.0,2800.0,146241.0,,0.7929764939110734,41.416312659303316
G0100950,Alabama,Marshall,1920,5399.0,4663.0,392963.0,,0.8636784589738841,72.78440451935543
G0100970,Alabama,Mobile,1920,1240.0,1019.0,231512.0,,0.8217741935483871,186.70322580645163
G0100990,Alabama,Monroe,1920,4437.0,3667.0,288184.0,,0.8264593193599279,64.95019157088123
G0101010,Alabama,Montgomery,1920,4550.0,808.0,131565.0,,0.17758241758241758,28.915384615384614
G0101030,Alabama,Morgan,1920,4344.0,3402.0,224370.0,,0.7831491712707183,51.65055248618785
G0101050,Alabama,Perry,1920,4302.0,936.0,67459.0,,0.2175732217573222,15.680846118084611
G0101070,Alabama,Pickens,1920,3321.0,971.0,50210.0,,0.29238181270701596,15.118940078289672
G0101090,Alabama,Pike,1920,4472.0,3540.0,144182.0,,0.7915921288014311,32.241055456171736
G0101110,Alabama,Randolph,1920,4181.0,3972.0,323325.0,,0.9500119588615163,77.33197799569481
G0101130,Alabama,Russell,1920,3306.0,2787.0,299328.0,,0.8430127041742287,90.54083484573503
G0101150,Alabama,St Clair,1920,2706.0,2056.0,99010.0,,0.7597930524759793,36.5890613451589
G0101170,Alabama,Shelby,1920,2469.0,1443.0,74360.0,,0.5844471445929527,30.117456460105306
G0101190,Alabama,Sumter,1920,3747.0,516.0,43908.0,,0.1377101681345076,11.718174539631706
G0101210,Alabama,Talladega,1920,4115.0,3389.0,195008.0,,0.8235722964763061,47.38955042527339
G0101230,Alabama,Tallapoosa,1920,3940.0,2485.0,275150.0,,0.6307106598984772,69.83502538071066
G0101250,Alabama,Tuscaloosa,1920,4335.0,2653.0,133419.0,,0.6119953863898501,30.777162629757786
G0101270,Alabama,Walker,1920,2949.0,2023.0,79833.0,,0.6859952526280095,27.071210579857578
G0101290,Alabama,Washington,1920,1400.0,877.0,63150.0,,0.6264285714285714,45.107142857142854
G0101310,Alabama,Wilcox,1920,5461.0,2626.0,113943.0,,0.48086431056583046,20.864859915766342
G0101330,Alabama,Winston,1920,2172.0,2011.0,127883.0,,0.9258747697974218,58.87799263351749
G0250015,Alaska Territory,First Judicial Dist,1920,0.0,,,,,
G0250035,Alaska Territory,Fourth Judicial Dist,1920,0.0,,,,,
G0250075,Alaska Territory,Second Judicial Dist,1920,0.0,,,,,
G0250115,Alaska Territory,Third Judicial Dist,1920,0.0,,,,,
G0400010,Arizona,Apache,1920,337.0,4.0,825.0,,0.011869436201780416,2.4480712166172105
G0400030,Arizona,Cochise,1920,1251.0,22.0,5173.0,,0.017585931254996003,4.135091926458833
G0400050,Arizona,Coconino,1920,362.0,2.0,106.0,,0.0055248618784530384,0.292817679558011
G0400070,Arizona,Gila,1920,289.0,2.0,1885.0,,0.006920415224913495,6.522491349480969
G0400090,Arizona,Graham,1920,870.0,2.0,2150.0,,0.0022988505747126436,2.471264367816092
G0400110,Arizona,Greenlee,1920,262.0,1.0,25.0,,0.003816793893129771,0.09541984732824428
G0400130,Arizona,Maricopa,1920,3930.0,68.0,27280.0,,0.017302798982188294,6.9414758269720105
G0400150,Arizona,Mohave,1920,130.0,0.0,0.0,,0.0,0.0
G0400170,Arizona,Navajo,1920,341.0,0.0,0.0,,0.0,0.0
G0400190,Arizona,Pima,1920,434.0,4.0,278.0,,0.009216589861751152,0.6405529953917051
G0400210,Arizona,Pinal,1920,293.0,4.0,370.0,,0.013651877133105802,1.2627986348122866
G0400230,Arizona,Santa Cruz,1920,248.0,1.0,200.0,,0.004032258064516129,0.8064516129032258
G0400250,Arizona,Yavapai,1920,598.0,12.0,2175.0,,0.020066889632107024,3.637123745819398
G0400270,Arizona,Yuma,1920,630.0,4.0,425.0,,0.006349206349206349,0.6746031746031746
G0500010,Arkansas,Arkansas,1920,2121.0,82.0,7378.0,,0.03866100895803866,3.4785478547854787
G0500030,Arkansas,Ashley,1920,3216.0,533.0,18698.0,,0.16573383084577115,5.814054726368159
G0500050,Arkansas,Baxter,1920,1711.0,40.0,1157.0,,0.023378141437755698,0.6762127410870836
G0500070,Arkansas,Benton,1920,5094.0,807.0,74752.0,,0.15842167255594816,14.674519042010209
G0500090,Arkansas,Boone,1920,2317.0,123.0,4905.0,,0.05308588692274493,2.116961588260682
G0500110,Arkansas,Bradley,1920,1895.0,976.0,65466.0,,0.5150395778364116,34.546701846965696
G0500130,Arkansas,Calhoun,1920,1684.0,746.0,41458.0,,0.44299287410926363,24.6187648456057
G0500150,Arkansas,Carroll,1920,2559.0,288.0,14668.0,,0.11254396248534584,5.731926533802267
G0500170,Arkansas,Chicot,1920,3663.0,15.0,982.0,,0.004095004095004095,0.26808626808626806
G0500190,Arkansas,Clark,1920,3292.0,708.0,41401.0,,0.21506682867557717,12.576245443499392
G0500210,Arkansas,Clay,1920,3335.0,37.0,2249.0,,0.011094452773613194,0.6743628185907047
G0500230,Arkansas,Cleburne,1920,1941.0,941.0,32850.0,,0.48480164863472436,16.924265842349303
G0500250,Arkansas,Cleveland,1920,2022.0,1150.0,75676.0,,0.5687438180019783,37.426310583580616
G0500270,Arkansas,Columbia,1920,4555.0,3049.0,309768.0,,0.6693743139407244,68.00614709110867
G0500290,Arkansas,Conway,1920,3594.0,1212.0,62299.0,,0.337228714524207,17.334168057874233
G0500310,Arkansas,Craighead,1920,3549.0,86.0,6533.0,,0.024232178078331924,1.84080022541561
G0500330,Arkansas,Crawford,1920,3326.0,260.0,13938.0,,0.07817197835237523,4.190619362597715
G0500350,Arkansas,Crittenden,1920,5496.0,30.0,4287.0,,0.0054585152838427945,0.7800218340611353
G0500370,Arkansas,Cross,1920,2507.0,19.0,2318.0,,0.007578779417630634,0.9246110889509374
G0500390,Arkansas,Dallas,1920,1537.0,724.0,38114.0,,0.47104749512036437,24.79765777488614
G0500410,Arkansas,Desha,1920,3344.0,5.0,106.0,,0.0014952153110047847,0.031698564593301434
G0500430,Arkansas,Drew,1920,3344.0,841.0,29370.0,,0.25149521531100477,8.782894736842104
G0500450,Arkansas,Faulkner,1920,4457.0,1994.0,78808.0,,0.447386134170967,17.681848777204397
G0500470,Arkansas,Franklin,1920,3014.0,642.0,25048.0,,0.21300597213005973,8.310550763105507
G0500490,Arkansas,Fulton,1920,1969.0,175.0,4831.0,,0.08887760284408329,2.4535297105129508
G0500510,Arkansas,Garland,1920,1921.0,208.0,8926.0,,0.10827693909422176,4.646538261322228
G0500530,Arkansas,Grant,1920,1428.0,445.0,24026.0,,0.311624649859944,16.824929971988794
G0500550,Arkansas,Greene,1920,3291.0,42.0,2927.0,,0.01276207839562443,0.8893953205712549
G0500570,Arkansas,Hempstead,1920,5031.0,1753.0,117461.0,,0.34843967402106935,23.34744583581793
G0500590,Arkansas,Hot Spring,1920,2277.0,689.0,28002.0,,0.3025911286780852,12.29776021080369
G0500610,Arkansas,Howard,1920,2693.0,918.0,29361.0,,0.3408837727441515,10.902710731526179
G0500630,Arkansas,Independence,1920,3287.0,454.0,18885.0,,0.13811986613933677,5.745360511104351
G0500650,Arkansas,Izard,1920,2549.0,322.0,10163.0,,0.12632404864652805,3.9870537465672813
G0500670,Arkansas,Jackson,1920,3227.0,123.0,5532.0,,0.038115897118066316,1.7142857142857142
G0500690,Arkansas,Jefferson,1920,6900.0,240.0,12139.0,,0.034782608695652174,1.7592753623188406
G0500710,Arkansas,Johnson,1920,2946.0,642.0,39962.0,,0.21792260692464357,13.564833672776647
G0500730,Arkansas,Lafayette,1920,2245.0,594.0,44933.0,,0.26458797327394207,20.01469933184855
G0500750,Arkansas,Lawrence,1920,2759.0,310.0,18560.0,,0.11235955056179775,6.727075027183762
G0500770,Arkansas,Lee,1920,4895.0,18.0,5497.0,,0.0036772216547497445,1.122982635342186
G0500790,Arkansas,Lincoln,1920,3860.0,355.0,13583.0,,0.09196891191709844,3.5189119170984458
G0500810,Arkansas,Little River,1920,2490.0,401.0,20166.0,,0.1610441767068273,8.098795180722892
G0500830,Arkansas,Logan,1920,3911.0,559.0,22842.0,,0.1429301968805932,5.840450012784454
G0500850,Arkansas,Lonoke,1920,5596.0,807.0,42268.0,,0.14421015010721944,7.55325232308792
G0500870,Arkansas,Madison,1920,2613.0,31.0,2851.0,,0.011863758132414848,1.091083046306927
G0500890,Arkansas,Marion,1920,1590.0,12.0,360.0,,0.007547169811320755,0.22641509433962265
G0500910,Arkansas,Miller,1920,2618.0,626.0,46540.0,,0.23911382734912145,17.77692895339954
G0500930,Arkansas,Mississippi,1920,6511.0,26.0,11626.0,,0.0039932422054983875,1.7855936108124713
G0500950,Arkansas,Monroe,1920,3305.0,30.0,2825.0,,0.009077155824508321,0.8547655068078669
G0500970,Arkansas,Montgomery,1920,1742.0,229.0,8775.0,,0.1314580941446613,5.037313432835821
G0500990,Arkansas,Nevada,1920,3682.0,1742.0,180479.0,,0.4731124388919066,49.016567083107006
G0501010,Arkansas,Newton,1920,2028.0,11.0,188.0,,0.005424063116370809,0.09270216962524655
G0501030,Arkansas,Ouachita,1920,2326.0,1022.0,70775.0,,0.43938091143594155,30.427773000859844
G0501050,Arkansas,Perry,1920,1265.0,134.0,5493.0,,0.10592885375494071,4.342292490118577
G0501070,Arkansas,Phillips,1920,5774.0,8.0,438.0,,0.0013855213023900243,0.07585729130585382
G0501090,Arkansas,Pike,1920,1762.0,638.0,76157.0,,0.3620885357548241,43.22190692395006
G0501110,Arkansas,Poinsett,1920,2257.0,11.0,2240.0,,0.004873726185201595,0.9924678777137793
G0501130,Arkansas,Polk,1920,2272.0,1036.0,48610.0,,0.45598591549295775,21.39524647887324
G0501150,Arkansas,Pope,1920,3936.0,1057.0,59862.0,,0.2685467479674797,15.208841463414634
G0501170,Arkansas,Prairie,1920,2413.0,162.0,8578.0,,0.06713634479900539,3.554910899295483
G0501190,Arkansas,Pulaski,1920,4495.0,609.0,88267.0,,0.13548387096774195,19.63670745272525
G0501210,Arkansas,Randolph,1920,2838.0,278.0,11142.0,,0.09795630725863284,3.9260042283298096
G0501230,Arkansas,St Francis,1920,4586.0,24.0,2855.0,,0.005233318796336677,0.6225468818142171
G0501250,Arkansas,Saline,1920,1918.0,369.0,15416.0,,0.19238790406673617,8.037539103232534
G0501270,Arkansas,Scott,1920,2321.0,232.0,9797.0,,0.0999569151227919,4.221025420077553
G0501290,Arkansas,Searcy,1920,2175.0,36.0,1493.0,,0.016551724137931035,0.6864367816091954
G0501310,Arkansas,Sebastian,1920,3150.0,531.0,36952.0,,0.16857142857142857,11.73079365079365
G0501330,Arkansas,Sevier,1920,2283.0,680.0,35355.0,,0.29785370127025845,15.486202365308804
G0501350,Arkansas,Sharp,1920,1983.0,516.0,18673.0,,0.26021180030257185,9.416540595057993
G0501370,Arkansas,Stone,1920,1426.0,76.0,2125.0,,0.05329593267882188,1.4901823281907434
G0501390,Arkansas,Union,1920,3736.0,2408.0,159332.0,,0.6445396145610278,42.647751605995715
G0501410,Arkansas,Van Buren,1920,2457.0,816.0,27088.0,,0.3321123321123321,11.024827024827024
G0501430,Arkansas,Washington,1920,4803.0,736.0,68033.0,,0.15323755985842183,14.164688736206537
G0501450,Arkansas,White,1920,4821.0,2628.0,134589.0,,0.5451151213441194,27.91723708774113
G0501470,Arkansas,Woodruff,1920,2853.0,30.0,2263.0,,0.010515247108307046,0.7932001402032948
G0501490,Arkansas,Yell,1920,3817.0,231.0,11208.0,,0.06051873198847262,2.9363374377783598
G0600010,California,Alameda,1920,2778.0,151.0,51823.0,,0.05435565154787617,18.654787616990642
G0600030,California,Alpine,1920,21.0,0.0,0.0,,0.0,0.0
G0600050,California,Amador,1920,479.0,4.0,700.0,,0.008350730688935281,1.4613778705636744
G0600070,California,Butte,1920,2219.0,250.0,83257.0,,0.11266336187471834,37.5200540784137
G0600090,California,Calaveras,1920,606.0,19.0,1179.0,,0.03135313531353135,1.9455445544554455
G0600110,California,Colusa,1920,816.0,46.0,6949.0,,0.056372549019607844,8.51593137254902
G0600130,California,Contra Costa,1920,1675.0,51.0,11541.0,,0.03044776119402985,6.890149253731344
G0600150,California,Del Norte,1920,130.0,3.0,40.0,,0.023076923076923078,0.3076923076923077
G0600170,California,El Dorado,1920,729.0,66.0,4593.0,,0.09053497942386832,6.300411522633745
G0600190,California,Fresno,1920,8917.0,1306.0,254817.0,,0.14646181451160703,28.576539194796457
G0600210,California,Glenn,1920,1320.0,27.0,14534.0,,0.020454545454545454,11.01060606060606
G0600230,California,Humboldt,1920,1756.0,102.0,10562.0,,0.05808656036446469,6.014806378132119
G0600250,California,Imperial,1920,2843.0,30.0,37908.0,,0.010552233556102708,13.333802321491383
G0600270,California,Inyo,1920,521.0,6.0,490.0,,0.011516314779270634,0.9404990403071017
G0600290,California,Kern,1920,2020.0,50.0,15726.0,,0.024752475247524754,7.785148514851485
G0600310,California,Kings,1920,2171.0,82.0,8995.0,,0.037770612620912025,4.143251957623215
G0600330,California,Lake,1920,771.0,21.0,1518.0,,0.027237354085603113,1.9688715953307394
G0600350,California,Lassen,1920,606.0,10.0,1886.0,,0.0165016501650165,3.112211221122112
G0600370,California,Los Angeles,1920,12444.0,3610.0,2141533.0,,0.29009964641594344,172.09361941497912
G0600390,California,Madera,1920,1402.0,59.0,13923.0,,0.04208273894436519,9.930813124108417
G0600410,California,Marin,1920,718.0,36.0,16713.0,,0.05013927576601671,23.27715877437326
G0600430,California,Mariposa,1920,367.0,8.0,518.0,,0.021798365122615803,1.4114441416893733
G0600450,California,Mendocino,1920,1759.0,62.0,6954.0,,0.03524729960204662,3.953382603752132
G0600470,California,Merced,1920,2846.0,395.0,41869.0,,0.13879128601546029,14.711524947294448
G0600490,California,Modoc,1920,743.0,4.0,260.0,,0.005383580080753701,0.34993270524899056
G0600510,California,Mono,1920,74.0,1.0,30.0,,0.013513513513513514,0.40540540540540543
G0600530,California,Monterey,1920,1712.0,80.0,53523.0,,0.04672897196261682,31.263434579439252
G0600550,California,Napa,1920,1428.0,81.0,26744.0,,0.05672268907563025,18.72829131652661
G0600570,California,Nevada,1920,481.0,68.0,2833.0,,0.14137214137214138,5.88981288981289
G0600590,California,Orange,1920,4188.0,1946.0,1018269.0,,0.46466093600764086,243.13968481375358
G0600610,California,Placer,1920,1280.0,303.0,109214.0,,0.23671875,85.3234375
G0600630,California,Plumas,1920,150.0,5.0,1087.0,,0.03333333333333333,7.246666666666667
G0600650,California,Riverside,1920,3949.0,725.0,618472.0,,0.18359078247657634,156.61483919979742
G0600670,California,Sacramento,1920,2975.0,313.0,79609.0,,0.10521008403361344,26.759327731092437
G0600690,California,San Benito,1920,945.0,10.0,7932.0,,0.010582010582010581,8.393650793650794
G0600710,California,San Bernardino,1920,4023.0,1769.0,1848407.0,,0.4397216007954263,459.45985582898334
G0600730,California,San Diego,1920,3200.0,561.0,201000.0,,0.1753125,62.8125
G0600750,California,San Francisco,1920,74.0,21.0,6724.0,,0.28378378378378377,90.86486486486487
G0600770,California,San Joaquin,1920,4500.0,389.0,123132.0,,0.08644444444444445,27.362666666666666
G0600790,California,San Luis Obispo,1920,1803.0,26.0,3485.0,,0.014420410427066,1.932889628397116
G0600810,California,San Mateo,1920,624.0,156.0,92793.0,,0.25,148.70673076923077
G0600830,California,Santa Barbara,1920,1485.0,98.0,28939.0,,0.06599326599326599,19.48754208754209
G0600850,California,Santa Clara,1920,5016.0,656.0,175110.0,,0.13078149920255183,34.91028708133971
G0600870,California,Santa Cruz,1920,1759.0,148.0,33112.0,,0.08413871517907902,18.824332006822058
G0600890,California,Shasta,1920,949.0,51.0,3736.0,,0.05374077976817703,3.9367755532139093
G0600910,California,Sierra,1920,77.0,1.0,5.0,,0.012987012987012988,0.06493506493506493
G0600930,California,Siskiyou,1920,1052.0,20.0,1311.0,,0.019011406844106463,1.2461977186311788
G0600950,California,Solano,1920,1358.0,38.0,10493.0,,0.027982326951399118,7.72680412371134
G0600970,California,Sonoma,1920,5739.0,366.0,207534.0,,0.06377417668583377,36.162049137480395
G0600990,California,Stanislaus,1920,4566.0,862.0,52885.0,,0.18878668418747263,11.582347787998248
G0601010,California,Sutter,1920,1437.0,122.0,25430.0,,0.0848990953375087,17.69659011830202
G0601030,California,Tehama,1920,1414.0,29.0,9615.0,,0.02050919377652051,6.7998585572843
G0601050,California,Trinity,1920,377.0,6.0,805.0,,0.015915119363395226,2.1352785145888595
G0601070,California,Tulare,1920,6372.0,867.0,442966.0,,0.13606403013182675,69.51757689893283
G0601090,California,Tuolumne,1920,363.0,15.0,2711.0,,0.04132231404958678,7.46831955922865
G0601110,California,Ventura,1920,1543.0,276.0,225896.0,,0.17887232663642255,146.400518470512
G0601130,California,Yolo,1920,1613.0,35.0,16864.0,,0.02169869807811531,10.45505269683819
G0601150,California,Yuba,1920,487.0,32.0,24044.0,,0.06570841889117043,49.37166324435318
G0800010,Colorado,Adams,1920,1753.0,100.0,18211.0,,0.05704506560182544,10.388476896748431
G0800030,Colorado,Alamosa,1920,302.0,1.0,200.0,,0.0033112582781456954,0.6622516556291391
G0800050,Colorado,Arapahoe,1920,1025.0,35.0,4558.0,,0.03414634146341464,4.446829268292683
G0800070,Colorado,Archuleta,1920,420.0,3.0,2060.0,,0.007142857142857143,4.904761904761905
G0800090,Colorado,Baca,1920,1858.0,7.0,1412.0,,0.003767491926803014,0.759956942949408
G0800110,Colorado,Bent,1920,1056.0,12.0,1434.0,,0.011363636363636364,1.3579545454545454
G0800130,Colorado,Boulder,1920,1420.0,34.0,27872.0,,0.023943661971830985,19.628169014084506
G0800150,Colorado,Chaffee,1920,326.0,8.0,1133.0,,0.024539877300613498,3.4754601226993866
G0800170,Colorado,Cheyenne,1920,674.0,4.0,594.0,,0.005934718100890208,0.8813056379821959
G0800190,Colorado,Clear Creek,1920,27.0,0.0,0.0,,0.0,0.0
G0800210,Colorado,Conejos,1920,814.0,17.0,1002.0,,0.020884520884520884,1.230958230958231
G0800230,Colorado,Costilla,1920,443.0,74.0,450.0,,0.1670428893905192,1.0158013544018059
G0800250,Colorado,Crowley,1920,743.0,8.0,4925.0,,0.010767160161507403,6.628532974427995
G0800270,Colorado,Custer,1920,353.0,3.0,380.0,,0.0084985835694051,1.0764872521246458
G0800290,Colorado,Delta,1920,1707.0,28.0,1433.0,,0.016403046280023433,0.8394844756883422
G0800310,Colorado,Denver,1920,239.0,10.0,450.0,,0.04184100418410042,1.8828451882845187
G0800330,Colorado,Dolores,1920,186.0,0.0,0.0,,0.0,0.0
G0800350,Colorado,Douglas,1920,462.0,1.0,300.0,,0.0021645021645021645,0.6493506493506493
G0800370,Colorado,Eagle,1920,301.0,3.0,3110.0,,0.009966777408637873,10.332225913621263
G0800390,Colorado,Elbert,1920,1308.0,11.0,4525.0,,0.008409785932721712,3.459480122324159
G0800410,Colorado,El Paso,1920,1571.0,28.0,8327.0,,0.01782304264799491,5.3004455760662
G0800430,Colorado,Fremont,1920,1014.0,49.0,9799.0,,0.048323471400394474,9.66370808678501
G0800450,Colorado,Garfield,1920,930.0,9.0,1308.0,,0.00967741935483871,1.4064516129032258
G0800470,Colorado,Gilpin,1920,41.0,2.0,1425.0,,0.04878048780487805,34.75609756097561
G0800490,Colorado,Grand,1920,265.0,3.0,700.0,,0.011320754716981131,2.641509433962264
G0800510,Colorado,Gunnison,1920,376.0,2.0,60.0,,0.005319148936170213,0.1595744680851064
G0800530,Colorado,Hinsdale,1920,40.0,0.0,0.0,,0.0,0.0
G0800550,Colorado,Huerfano,1920,954.0,7.0,1962.0,,0.007337526205450734,2.056603773584906
G0800570,Colorado,Jackson,1920,182.0,1.0,46.0,,0.005494505494505495,0.25274725274725274
G0800590,Colorado,Jefferson,1920,1446.0,154.0,13312.0,,0.10650069156293222,9.206085753803595
G0800610,Colorado,Kiowa,1920,668.0,5.0,88.0,,0.0074850299401197605,0.1317365269461078
G0800630,Colorado,Kit Carson,1920,1461.0,1.0,181.0,,0.0006844626967830253,0.12388774811772758
G0800650,Colorado,Lake,1920,30.0,3.0,255.0,,0.1,8.5
G0800670,Colorado,La Plata,1920,1069.0,7.0,2343.0,,0.006548175865294668,2.1917680074836294
G0800690,Colorado,Larimer,1920,1921.0,42.0,8823.0,,0.021863612701717855,4.592920353982301
G0800710,Colorado,Las Animas,1920,2286.0,54.0,5292.0,,0.023622047244094488,2.3149606299212597
G0800730,Colorado,Lincoln,1920,1385.0,1.0,25.0,,0.0007220216606498195,0.018050541516245487
G0800750,Colorado,Logan,1920,1874.0,12.0,47232.0,,0.0064034151547491995,25.20384204909285
G0800770,Colorado,Mesa,1920,2207.0,134.0,23641.0,,0.06071590394200272,10.711826008155867
G0800790,Colorado,Mineral,1920,34.0,0.0,0.0,,0.0,0.0
G0800810,Colorado,Moffat,1920,1023.0,1.0,200.0,,0.0009775171065493646,0.19550342130987292
G0800830,Colorado,Montezuma,1920,904.0,3.0,83.0,,0.00331858407079646,0.0918141592920354
G0800850,Colorado,Montrose,1920,1368.0,22.0,1220.0,,0.01608187134502924,0.8918128654970761
G0800870,Colorado,Morgan,1920,1720.0,14.0,9174.0,,0.00813953488372093,5.333720930232558
G0800890,Colorado,Otero,1920,1486.0,58.0,6801.0,,0.039030955585464336,4.5767160161507405
G0800910,Colorado,Ouray,1920,180.0,14.0,1926.0,,0.07777777777777778,10.7
G0800930,Colorado,Park,1920,286.0,5.0,3560.0,,0.017482517482517484,12.447552447552448
G0800950,Colorado,Phillips,1920,680.0,4.0,2088.0,,0.0058823529411764705,3.070588235294118
G0800970,Colorado,Pitkin,1920,179.0,0.0,0.0,,0.0,0.0
G0800990,Colorado,Prowers,1920,1469.0,9.0,8293.0,,0.006126616746085773,5.645336963921035
G0801010,Colorado,Pueblo,1920,1826.0,31.0,4470.0,,0.016976998904709748,2.447973713033954
G0801030,Colorado,Rio Blanco,1920,537.0,1.0,100.0,,0.00186219739292365,0.186219739292365
G0801050,Colorado,Rio Grande,1920,603.0,8.0,3500.0,,0.013266998341625208,5.804311774461028
G0801070,Colorado,Routt,1920,926.0,3.0,375.0,,0.0032397408207343412,0.40496760259179265
G0801090,Colorado,Saguache,1920,432.0,1.0,7.0,,0.0023148148148148147,0.016203703703703703
G0801110,Colorado,San Juan,1920,0.0,0.0,0.0,,,
G0801130,Colorado,San Miguel,1920,334.0,6.0,975.0,,0.017964071856287425,2.9191616766467066
G0801150,Colorado,Sedgwick,1920,487.0,9.0,8355.0,,0.018480492813141684,17.15605749486653
G0801170,Colorado,Summit,1920,72.0,0.0,0.0,,0.0,0.0
G0801190,Colorado,Teller,1920,250.0,0.0,0.0,,0.0,0.0
G0801210,Colorado,Washington,1920,2057.0,9.0,735.0,,0.004375303840544483,0.3573164803111327
G0801230,Colorado,Weld,1920,5765.0,97.0,36664.0,,0.016825672159583693,6.359757155247181
G0801250,Colorado,Yuma,1920,2179.0,16.0,7054.0,,0.0073428178063331805,3.2372648003671407
G0900010,Connecticut,Fairfield,1920,3874.0,1383.0,184810.0,,0.35699535363964896,47.70521424883841
G0900030,Connecticut,Hartford,1920,4700.0,3644.0,3455916.0,,0.7753191489361703,735.3012765957446
G0900050,Connecticut,Litchfield,1920,3041.0,1424.0,219091.0,,0.4682670174284775,72.04570864847089
G0900070,Connecticut,Middlesex,1920,1412.0,793.0,136463.0,,0.5616147308781869,96.64518413597733
G0900090,Connecticut,New Haven,1920,2687.0,1455.0,330107.0,,0.5414960922962412,122.85336806847786
G0900110,Connecticut,New London,1920,2747.0,1785.0,159926.0,,0.6497997815799054,58.21842009464871
G0900130,Connecticut,Tolland,1920,1977.0,1043.0,318754.0,,0.5275670207384927,161.2311583206879
G0900150,Connecticut,Windham,1920,2217.0,1141.0,88591.0,,0.514659449706811,39.95985566080289
G1000010,Delaware,Kent,1920,2911.0,2627.0,575843.0,,0.9024390243902439,197.8162143593267
G1000030,Delaware,New Castle,1920,1825.0,1615.0,353467.0,,0.8849315068493151,193.6805479452055
G1000050,Delaware,Sussex,1920,5404.0,4865.0,293019.0,,0.9002590673575129,54.22261287934863
G1100010,District Of Columbia,District Of Columbia,1920,204.0,116.0,23267.0,,0.5686274509803921,114.05392156862744
G1200010,Florida,Alachua,1920,2684.0,661.0,125616.0,,0.24627421758569298,46.801788375558864
G1200030,Florida,Baker,1920,461.0,244.0,35403.0,,0.5292841648590022,76.79609544468546
G1200050,Florida,Bay,1920,173.0,109.0,9470.0,,0.630057803468208,54.73988439306358
G1200070,Florida,Bradford,1920,1286.0,622.0,60114.0,,0.48367029548989116,46.744945567651634
G1200090,Florida,Brevard,1920,672.0,481.0,240046.0,,0.7157738095238095,357.2113095238095
G1200110,Florida,Broward,1920,280.0,254.0,232015.0,,0.9071428571428571,828.625
G1200130,Florida,Calhoun,1920,679.0,484.0,50335.0,,0.7128129602356407,74.13107511045655
G1200170,Florida,Citrus,1920,214.0,68.0,12502.0,,0.3177570093457944,58.42056074766355
G1200190,Florida,Clay,1920,314.0,155.0,26004.0,,0.49363057324840764,82.81528662420382
G1200230,Florida,Columbia,1920,1640.0,109.0,5930.0,,0.06646341463414634,3.6158536585365852
G1200250,Florida,Dade,1920,855.0,729.0,1045442.0,,0.8526315789473684,1222.7391812865496
G1200270,Florida,DeSoto,1920,1719.0,1259.0,544853.0,,0.7324025596276905,316.9592786503781
G1200310,Florida,Duval,1920,916.0,552.0,182091.0,,0.6026200873362445,198.78930131004367
G1200330,Florida,Escambia,1920,845.0,700.0,70587.0,,0.8284023668639053,83.53491124260356
G1200350,Florida,Flagler,1920,187.0,107.0,69045.0,,0.5721925133689839,369.2245989304813
G1200370,Florida,Franklin,1920,7.0,3.0,105.0,,0.42857142857142855,15.0
G1200390,Florida,Gadsden,1920,1633.0,1285.0,682600.0,,0.7868952847519902,418.0036742192284
G1200470,Florida,Hamilton,1920,1102.0,269.0,20353.0,,0.2441016333938294,18.469147005444647
G1200530,Florida,Hernando,1920,408.0,92.0,23989.0,,0.22549019607843138,58.79656862745098
G1200570,Florida,Hillsborough,1920,1687.0,1138.0,231186.0,,0.6745702430349734,137.03971547125073
G1200590,Florida,Holmes,1920,1597.0,1152.0,213899.0,,0.7213525360050094,133.93800876643706
G1200630,Florida,Jackson,1920,4031.0,2505.0,197632.0,,0.6214338873728603,49.02803274621682
G1200650,Florida,Jefferson,1920,1983.0,855.0,43270.0,,0.43116490166414523,21.82047402924861
G1200670,Florida,Lafayette,1920,739.0,41.0,1203.0,,0.05548037889039242,1.6278755074424898
G1200690,Florida,Lake,1920,876.0,694.0,300579.0,,0.7922374429223744,343.1267123287671
G1200710,Florida,Lee,1920,573.0,406.0,272173.0,,0.7085514834205934,474.99650959860384
G1200730,Florida,Leon,1920,1819.0,224.0,18171.0,,0.12314458493677845,9.989554700384828
G1200750,Florida,Levy,1920,720.0,216.0,61186.0,,0.3,84.98055555555555
G1200770,Florida,Liberty,1920,227.0,121.0,9077.0,,0.5330396475770925,39.986784140969164
G1200790,Florida,Madison,1920,1749.0,757.0,85184.0,,0.43281875357347055,48.704402515723274
G1200810,Florida,Manatee,1920,938.0,732.0,531394.0,,0.7803837953091685,566.5181236673774
G1200830,Florida,Marion,1920,2215.0,630.0,143139.0,,0.28442437923250563,64.62257336343116
G1200870,Florida,Monroe,1920,101.0,10.0,611.0,,0.09900990099009901,6.0495049504950495
G1200890,Florida,Nassau,1920,485.0,257.0,21743.0,,0.5298969072164949,44.83092783505155
G1200910,Florida,Okaloosa,1920,890.0,779.0,86260.0,,0.8752808988764045,96.92134831460675
G1200930,Florida,Okeechobee,1920,67.0,9.0,772.0,,0.13432835820895522,11.522388059701493
G1200950,Florida,Orange,1920,1093.0,869.0,520756.0,,0.7950594693504117,476.44647758462946
G1200970,Florida,Osceola,1920,304.0,190.0,72633.0,,0.625,238.92434210526315
G1200990,Florida,Palm Beach,1920,624.0,351.0,208111.0,,0.5625,333.51121794871796
G1201010,Florida,Pasco,1920,828.0,390.0,99387.0,,0.47101449275362317,120.03260869565217
G1201030,Florida,Pinellas,1920,536.0,452.0,364190.0,,0.8432835820895522,679.4589552238806
G1201050,Florida,Polk,1920,2552.0,1946.0,954266.0,,0.762539184952978,373.9286833855799
G1201070,Florida,Putnam,1920,893.0,550.0,307319.0,,0.6159014557670772,344.1422172452408
G1201090,Florida,St Johns,1920,402.0,322.0,483386.0,,0.8009950248756219,1202.452736318408
G1201110,Florida,St Lucie,1920,719.0,624.0,359407.0,,0.8678720445062587,499.87065368567454
G1201130,Florida,Santa Rosa,1920,666.0,539.0,60632.0,,0.8093093093093093,91.03903903903904
G1201170,Florida,Seminole,1920,573.0,473.0,703166.0,,0.8254799301919721,1227.1657940663176
G1201190,Florida,Sumter,1920,1213.0,642.0,126007.0,,0.5292662819455894,103.88046166529266
G1201210,Florida,Suwannee,1920,2570.0,492.0,36840.0,,0.19143968871595332,14.334630350194553
G1201230,Florida,Taylor,1920,507.0,95.0,6474.0,,0.1873767258382643,12.76923076923077
G1201270,Florida,Volusia,1920,998.0,675.0,223821.0,,0.6763527054108216,224.2695390781563
G1201290,Florida,Wakulla,1920,464.0,124.0,5517.0,,0.2672413793103448,11.890086206896552
G1201310,Florida,Walton,1920,1073.0,571.0,58567.0,,0.53215284249767,54.58247903075489
G1201330,Florida,Washington,1920,1218.0,911.0,72471.0,,0.7479474548440066,59.5
G1300010,Georgia,Appling,1920,1384.0,1162.0,175407.0,,0.8395953757225434,126.73916184971098
G1300030,Georgia,Atkinson,1920,811.0,669.0,88192.0,,0.8249075215782984,108.74475955610357
G1300050,Georgia,Bacon,1920,802.0,729.0,106531.0,,0.9089775561097256,132.83167082294264
G1300070,Georgia,Baker,1920,1407.0,1219.0,212409.0,,0.8663823738450604,150.96588486140726
G1300090,Georgia,Baldwin,1920,1536.0,1487.0,258121.0,,0.9680989583333334,168.04752604166666
G1300110,Georgia,Banks,1920,2111.0,2025.0,289887.0,,0.9592610137375651,137.32212221695877
G1300130,Georgia,Barrow,1920,1851.0,1765.0,283616.0,,0.9535386277687736,153.22312263641274
G1300150,Georgia,Bartow,1920,3091.0,2940.0,309951.0,,0.9511484956324814,100.27531543189906
G1300170,Georgia,Ben Hill,1920,1180.0,1065.0,215577.0,,0.902542372881356,182.69237288135594
G1300190,Georgia,Berrien,1920,1744.0,1414.0,219180.0,,0.8107798165137615,125.67660550458716
G1300210,Georgia,Bibb,1920,1457.0,1154.0,202756.0,,0.7920384351407,139.1599176389842
G1300230,Georgia,Bleckley,1920,1255.0,1201.0,234058.0,,0.9569721115537848,186.5003984063745
G1300270,Georgia,Brooks,1920,2726.0,2382.0,325607.0,,0.8738077769625825,119.44497432134996
G1300290,Georgia,Bryan,1920,792.0,508.0,102215.0,,0.6414141414141414,129.05934343434345
G1300310,Georgia,Bulloch,1920,3672.0,3486.0,667317.0,,0.9493464052287581,181.7312091503268
G1300330,Georgia,Burke,1920,4675.0,4519.0,1848738.0,,0.9666310160427808,395.45197860962566
G1300350,Georgia,Butts,1920,1626.0,1547.0,275994.0,,0.9514145141451414,169.7380073800738
G1300370,Georgia,Calhoun,1920,1442.0,1302.0,171305.0,,0.9029126213592233,118.79680998613037
G1300390,Georgia,Camden,1920,334.0,144.0,11771.0,,0.4311377245508982,35.24251497005988
G1300395,Georgia,Campbell,1920,1876.0,1821.0,228376.0,,0.970682302771855,121.73560767590618
G1300430,Georgia,Candler,1920,1303.0,979.0,234997.0,,0.7513430544896393,180.35072908672294
G1300450,Georgia,Carroll,1920,5436.0,4414.0,690884.0,,0.8119941133186166,127.09418690213393
G1300470,Georgia,Catoosa,1920,1057.0,895.0,61305.0,,0.8467360454115421,57.999053926206244
G1300490,Georgia,Charlton,1920,539.0,412.0,31009.0,,0.764378478664193,57.53061224489796
G1300510,Georgia,Chatham,1920,625.0,175.0,67746.0,,0.28,108.3936
G1300530,Georgia,Chattahoochee,1920,425.0,388.0,55728.0,,0.9129411764705883,131.12470588235294
G1300550,Georgia,Chattooga,1920,1870.0,1721.0,156448.0,,0.9203208556149732,83.66203208556149
G1300570,Georgia,Cherokee,1920,2626.0,2493.0,192482.0,,0.9493526275704494,73.2985529322163
G1300590,Georgia,Clarke,1920,1381.0,1347.0,248116.0,,0.9753801593048516,179.66401158580737
G1300610,Georgia,Clay,1920,1235.0,1123.0,121887.0,,0.9093117408906882,98.69392712550608
G1300630,Georgia,Clayton,1920,1777.0,1653.0,225842.0,,0.9302194710185706,127.09172763083849
G1300650,Georgia,Clinch,1920,650.0,350.0,32862.0,,0.5384615384615384,50.55692307692308
G1300670,Georgia,Cobb,1920,3698.0,3381.0,336073.0,,0.9142779881016766,90.87966468361276
G1300690,Georgia,Coffee,1920,2049.0,1880.0,410677.0,,0.9175207418252807,200.42801366520254
G1300710,Georgia,Colquitt,1920,3421.0,3163.0,529890.0,,0.9245834551300789,154.89330605086232
G1300730,Georgia,Columbia,1920,1914.0,1780.0,303641.0,,0.9299895506792059,158.64211076280043
G1300750,Georgia,Cook,1920,1223.0,996.0,114613.0,,0.8143908421913328,93.71463614063778
G1300770,Georgia,Coweta,1920,3374.0,3261.0,196008.0,,0.9665085951393005,58.093657379964434
G1300790,Georgia,Crawford,1920,1369.0,1275.0,210776.0,,0.9313367421475529,153.963476990504
G1300810,Georgia,Crisp,1920,2052.0,1952.0,415689.0,,0.9512670565302144,202.57748538011697
G1300830,Georgia,Dade,1920,529.0,296.0,10042.0,,0.5595463137996219,18.982986767485823
G1300850,Georgia,Dawson,1920,845.0,748.0,40378.0,,0.8852071005917159,47.784615384615385
G1300870,Georgia,Decatur,1920,3109.0,2584.0,452189.0,,0.8311354133161788,145.44515921518172
G1300890,Georgia,DeKalb,1920,2903.0,2603.0,267857.0,,0.8966586290044781,92.269032035825
G1300910,Georgia,Dodge,1920,3156.0,2877.0,524575.0,,0.9115969581749049,166.21514575411913
G1300930,Georgia,Dooly,1920,2772.0,2493.0,625244.0,,0.8993506493506493,225.55699855699856
G1300950,Georgia,Dougherty,1920,859.0,752.0,173614.0,,0.8754365541327125,202.1117578579744
G1300970,Georgia,Douglas,1920,1783.0,1643.0,241319.0,,0.9214806505888952,135.34436343241728
G1300990,Georgia,Early,1920,3128.0,2950.0,313478.0,,0.9430946291560103,100.21675191815856
G1301010,Georgia,Echols,1920,279.0,150.0,10971.0,,0.5376344086021505,39.32258064516129
G1301030,Georgia,Effingham,1920,1176.0,954.0,194800.0,,0.8112244897959183,165.64625850340136
G1301050,Georgia,Elbert,1920,3316.0,3135.0,388357.0,,0.945416164053076,117.11610373944511
G1301070,Georgia,Emanuel,1920,3916.0,3795.0,804018.0,,0.9691011235955056,205.31613891726252
G1301090,Georgia,Evans,1920,786.0,708.0,171599.0,,0.9007633587786259,218.31933842239187
G1301110,Georgia,Fannin,1920,1387.0,930.0,22764.0,,0.6705118961788031,16.41240086517664
G1301130,Georgia,Fayette,1920,2026.0,1921.0,280104.0,,0.9481737413622903,138.25468904244818
G1301150,Georgia,Floyd,1920,3516.0,3271.0,336733.0,,0.9303185437997725,95.77161547212742
G1301170,Georgia,Forsyth,1920,2329.0,2215.0,222541.0,,0.9510519536281666,95.5521683125805
G1301190,Georgia,Franklin,1920,3378.0,3257.0,498535.0,,0.9641799881586738,147.58288928359977
G1301210,Georgia,Fulton,1920,1175.0,936.0,89960.0,,0.796595744680851,76.56170212765957
G1301230,Georgia,Gilmer,1920,1433.0,948.0,23945.0,,0.6615491974877878,16.70969993021633
G1301250,Georgia,Glascock,1920,675.0,645.0,148050.0,,0.9555555555555556,219.33333333333334
G1301270,Georgia,Glynn,1920,331.0,145.0,7320.0,,0.4380664652567976,22.114803625377643
G1301290,Georgia,Gordon,1920,2736.0,2503.0,182574.0,,0.9148391812865497,66.73026315789474
G1301310,Georgia,Grady,1920,2555.0,2284.0,309946.0,,0.8939334637964775,121.30958904109589
G1301330,Georgia,Greene,1920,3000.0,2884.0,431503.0,,0.9613333333333334,143.83433333333332
G1301350,Georgia,Gwinnett,1920,4460.0,4242.0,504207.0,,0.9511210762331839,113.05089686098654
G1301370,Georgia,Habersham,1920,1185.0,965.0,93413.0,,0.8143459915611815,78.82953586497891
G1301390,Georgia,Hall,1920,2997.0,2803.0,311671.0,,0.9352686019352686,103.99432766099433
G1301410,Georgia,Hancock,1920,2772.0,2632.0,449108.0,,0.9494949494949495,162.015873015873
G1301430,Georgia,Haralson,1920,2068.0,1879.0,186737.0,,0.9086073500967118,90.29835589941973
G1301450,Georgia,Harris,1920,2388.0,2249.0,288875.0,,0.9417922948073701,120.96943048576215
G1301470,Georgia,Hart,1920,3103.0,3023.0,459153.0,,0.9742184982275217,147.97067354173382
G1301490,Georgia,Heard,1920,2147.0,2037.0,252436.0,,0.9487657196087564,117.5761527713088
G1301510,Georgia,Henry,1920,3276.0,2658.0,556920.0,,0.8113553113553114,170.0
G1301530,Georgia,Houston,1920,2076.0,1986.0,714006.0,,0.9566473988439307,343.9335260115607
G1301550,Georgia,Irwin,1920,1659.0,1525.0,337926.0,,0.9192284508740205,203.69258589511753
G1301570,Georgia,Jackson,1920,3680.0,3549.0,612874.0,,0.9644021739130435,166.54184782608695
G1301590,Georgia,Jasper,1920,2453.0,2340.0,425392.0,,0.9539339584182633,173.4170403587444
G1301610,Georgia,Jeff Davis,1920,908.0,719.0,110268.0,,0.7918502202643172,121.44052863436123
G1301630,Georgia,Jefferson,1920,3258.0,3138.0,828775.0,,0.9631675874769797,254.38152240638428
G1301650,Georgia,Jenkins,1920,2119.0,2056.0,621028.0,,0.9702689948088721,293.07597923548843
G1301670,Georgia,Johnson,1920,1887.0,1792.0,421008.0,,0.949655537890832,223.10969793322735
G1301690,Georgia,Jones,1920,1867.0,1718.0,266614.0,,0.9201928227102303,142.80342795929297
G1301750,Georgia,Laurens,1920,5337.0,4921.0,875294.0,,0.9220535881581413,164.0048716507401
G1301770,Georgia,Lee,1920,1691.0,1534.0,259375.0,,0.9071555292726198,153.38557066824364
G1301790,Georgia,Liberty,1920,1890.0,586.0,57710.0,,0.3100529100529101,30.534391534391535
G1301810,Georgia,Lincoln,1920,1668.0,1588.0,224154.0,,0.9520383693045563,134.38489208633092
G1301850,Georgia,Lowndes,1920,2065.0,1261.0,150366.0,,0.6106537530266344,72.81646489104116
G1301870,Georgia,Lumpkin,1920,925.0,653.0,24989.0,,0.705945945945946,27.015135135135136
G1301890,Georgia,McDuffie,1920,1735.0,1607.0,374375.0,,0.9262247838616715,215.77809798270894
G1301910,Georgia,McIntosh,1920,378.0,171.0,38989.0,,0.4523809523809524,103.14550264550265
G1301930,Georgia,Macon,1920,1912.0,1816.0,504388.0,,0.9497907949790795,263.80125523012555
G1301950,Georgia,Madison,1920,3305.0,3227.0,453020.0,,0.9763993948562784,137.071104387292
G1301970,Georgia,Marion,1920,1059.0,928.0,169030.0,,0.8762983947119924,159.61284230406042
G1301990,Georgia,Meriwether,1920,3652.0,3197.0,709111.0,,0.8754107338444688,194.17059145673605
G1302010,Georgia,Miller,1920,1363.0,1260.0,122205.0,,0.9244314013206163,89.65884079236977
G1302015,Georgia,Milton,1920,1306.0,1250.0,150134.0,,0.9571209800918836,114.95712098009189
G1302050,Georgia,Mitchell,1920,3444.0,3167.0,496922.0,,0.9195702671312428,144.2862950058072
G1302070,Georgia,Monroe,1920,2958.0,2746.0,376596.0,,0.9283299526707235,127.31440162271805
G1302090,Georgia,Montgomery,1920,1315.0,1189.0,195805.0,,0.9041825095057034,148.90114068441065
G1302110,Georgia,Morgan,1920,2916.0,2822.0,632687.0,,0.967764060356653,216.97085048010973
G1302130,Georgia,Murray,1920,1557.0,1379.0,75720.0,,0.8856775850995504,48.63198458574181
G1302150,Georgia,Muscogee,1920,817.0,735.0,113484.0,,0.8996328029375765,138.9033047735618
G1302170,Georgia,Newton,1920,2439.0,2376.0,483390.0,,0.974169741697417,198.19188191881918
G1302190,Georgia,Oconee,1920,1952.0,1890.0,336468.0,,0.9682377049180327,172.37090163934425
G1302210,Georgia,Oglethorpe,1920,3503.0,3417.0,618030.0,,0.9754496146160434,176.42877533542676
G1302230,Georgia,Paulding,1920,2467.0,2269.0,210809.0,,0.9197405755978921,85.45156059991893
G1302270,Georgia,Pickens,1920,1162.0,1022.0,43197.0,,0.8795180722891566,37.174698795180724
G1302290,Georgia,Pierce,1920,1376.0,1060.0,155507.0,,0.7703488372093024,113.01380813953489
G1302310,Georgia,Pike,1920,3039.0,2937.0,622480.0,,0.9664363277393879,204.83053636064494
G1302330,Georgia,Polk,1920,2229.0,2078.0,209793.0,,0.9322566173171826,94.11978465679677
G1302350,Georgia,Pulaski,1920,1435.0,1305.0,213100.0,,0.9094076655052264,148.50174216027875
G1302370,Georgia,Putnam,1920,2281.0,2115.0,283374.0,,0.927224901359053,124.23235423060062
G1302390,Georgia,Quitman,1920,537.0,480.0,64981.0,,0.8938547486033519,121.0074487895717
G1302410,Georgia,Rabun,1920,745.0,550.0,21921.0,,0.738255033557047,29.424161073825502
G1302430,Georgia,Randolph,1920,2315.0,2055.0,255629.0,,0.8876889848812095,110.42289416846653
G1302450,Georgia,Richmond,1920,1584.0,1305.0,284912.0,,0.8238636363636364,179.86868686868686
G1302470,Georgia,Rockdale,1920,1236.0,1050.0,197045.0,,0.8495145631067961,159.42152103559872
G1302490,Georgia,Schley,1920,833.0,793.0,156974.0,,0.9519807923169268,188.44417767106842
G1302510,Georgia,Screven,1920,3636.0,3243.0,773908.0,,0.891914191419142,212.84598459845984
G1302550,Georgia,Spalding,1920,1882.0,1836.0,490985.0,,0.975557917109458,260.884697130712
G1302570,Georgia,Stephens,1920,1348.0,1292.0,130061.0,,0.9584569732937686,96.48442136498517
G1302590,Georgia,Stewart,1920,1454.0,1300.0,241871.0,,0.8940852819807428,166.3486932599725
G1302610,Georgia,Sumter,1920,3040.0,2892.0,770513.0,,0.9513157894736842,253.45822368421054
G1302630,Georgia,Talbot,1920,1635.0,1512.0,156306.0,,0.9247706422018349,95.6
G1302650,Georgia,Taliaferro,1920,1553.0,1493.0,240853.0,,0.9613650998068255,155.08886027044431
G1302670,Georgia,Tattnall,1920,1872.0,1567.0,249349.0,,0.8370726495726496,133.19925213675214
G1302690,Georgia,Taylor,1920,1527.0,1454.0,315002.0,,0.9521938441388343,206.28814669286183
G1302710,Georgia,Telfair,1920,1897.0,1691.0,250680.0,,0.8914074855034264,132.14549288350025
G1302730,Georgia,Terrell,1920,2469.0,2291.0,476006.0,,0.9279060348319158,192.79303361684893
G1302750,Georgia,Thomas,1920,2747.0,2191.0,281255.0,,0.7975973789588642,102.38623953403713
G1302770,Georgia,Tift,1920,1360.0,1155.0,198834.0,,0.8492647058823529,146.20147058823528
G1302790,Georgia,Toombs,1920,1684.0,1589.0,232428.0,,0.9435866983372921,138.021377672209
G1302810,Georgia,Towns,1920,696.0,532.0,11146.0,,0.764367816091954,16.014367816091955
G1302830,Georgia,Treutlen,1920,1205.0,1095.0,184861.0,,0.9087136929460581,153.4116182572614
G1302850,Georgia,Troup,1920,2781.0,2638.0,422020.0,,0.9485796476087738,151.75116864437254
G1302870,Georgia,Turner,1920,1687.0,1610.0,352432.0,,0.9543568464730291,208.91049199762892
G1302890,Georgia,Twiggs,1920,1316.0,1229.0,224016.0,,0.9338905775075987,170.22492401215806
G1302910,Georgia,Union,1920,1170.0,804.0,12510.0,,0.6871794871794872,10.692307692307692
G1302930,Georgia,Upson,1920,1753.0,1667.0,258388.0,,0.9509412435824302,147.39760410724472
G1302950,Georgia,Walker,1920,2590.0,2020.0,121837.0,,0.7799227799227799,47.041312741312744
G1302970,Georgia,Walton,1920,3636.0,3576.0,744276.0,,0.9834983498349835,204.6963696369637
G1302990,Georgia,Ware,1920,874.0,609.0,80853.0,,0.6967963386727689,92.50915331807781
G1303010,Georgia,Warren,1920,1701.0,1632.0,432233.0,,0.9594356261022927,254.10523221634332
G1303030,Georgia,Washington,1920,4031.0,3799.0,908736.0,,0.9424460431654677,225.43686430166213
G1303050,Georgia,Wayne,1920,1406.0,1023.0,133741.0,,0.7275960170697012,95.12162162162163
G1303070,Georgia,Webster,1920,838.0,735.0,99442.0,,0.8770883054892601,118.66587112171838
G1303090,Georgia,Wheeler,1920,1476.0,1342.0,208705.0,,0.9092140921409214,141.3990514905149
G1303110,Georgia,White,1920,941.0,787.0,41170.0,,0.8363443145589798,43.75132837407014
G1303130,Georgia,Whitfield,1920,1852.0,1631.0,104679.0,,0.8806695464362851,56.522138228941685
G1303150,Georgia,Wilcox,1920,2153.0,2036.0,510141.0,,0.9456572224802601,236.94426381792846
G1303170,Georgia,Wilkes,1920,3789.0,3553.0,524151.0,,0.9377144365267881,138.3349168646081
G1303190,Georgia,Wilkinson,1920,1505.0,1389.0,192151.0,,0.9229235880398671,127.6750830564784
G1303210,Georgia,Worth,1920,3605.0,3318.0,582423.0,,0.920388349514563,161.55977808599167
G1550015,Hawaii Territory,Hawaii,1920,3086.0,,,,,
G1550035,Hawaii Territory,Honolulu,1920,1000.0,,,,,
G1550055,Hawaii Territory,Kalawao,1920,1.0,,,,,
G1550075,Hawaii Territory,Kauai,1920,662.0,,,,,
G1550095,Hawaii Territory,Maui,1920,535.0,,,,,
G1600010,Idaho,Ada,1920,2198.0,38.0,14194.0,,0.017288444040036398,6.457688808007279
G1600030,Idaho,Adams,1920,484.0,0.0,0.0,,0.0,0.0
G1600050,Idaho,Bannock,1920,1719.0,14.0,15376.0,,0.008144269924374637,8.944735311227458
G1600070,Idaho,Bear Lake,1920,825.0,2.0,1050.0,,0.0024242424242424242,1.2727272727272727
G1600090,Idaho,Benewah,1920,573.0,12.0,456.0,,0.020942408376963352,0.7958115183246073
G1600110,Idaho,Bingham,1920,2144.0,48.0,5197.0,,0.022388059701492536,2.423973880597015
G1600130,Idaho,Blaine,1920,473.0,5.0,2657.0,,0.010570824524312896,5.617336152219873
G1600150,Idaho,Boise,1920,238.0,0.0,0.0,,0.0,0.0
G1600170,Idaho,Bonner,1920,1051.0,33.0,1802.0,,0.03139866793529972,1.714557564224548
G1600190,Idaho,Bonneville,1920,1480.0,24.0,4891.0,,0.016216216216216217,3.3047297297297296
G1600210,Idaho,Boundary,1920,373.0,12.0,156.0,,0.032171581769437,0.41823056300268097
G1600230,Idaho,Butte,1920,432.0,2.0,262.0,,0.004629629629629629,0.6064814814814815
G1600250,Idaho,Camas,1920,354.0,1.0,20.0,,0.002824858757062147,0.05649717514124294
G1600270,Idaho,Canyon,1920,2660.0,25.0,6365.0,,0.009398496240601503,2.392857142857143
G1600290,Idaho,Caribou,1920,368.0,0.0,0.0,,0.0,0.0
G1600310,Idaho,Cassia,1920,1568.0,4.0,1590.0,,0.002551020408163265,1.0140306122448979
G1600330,Idaho,Clark,1920,398.0,3.0,332.0,,0.007537688442211055,0.8341708542713567
G1600350,Idaho,Clearwater,1920,521.0,1.0,2.0,,0.0019193857965451055,0.003838771593090211
G1600370,Idaho,Custer,1920,379.0,2.0,5698.0,,0.005277044854881266,15.034300791556728
G1600390,Idaho,Elmore,1920,502.0,5.0,905.0,,0.0099601593625498,1.802788844621514
G1600410,Idaho,Franklin,1920,910.0,11.0,617.0,,0.012087912087912088,0.6780219780219781
G1600430,Idaho,Fremont,1920,1101.0,4.0,250.0,,0.0036330608537693005,0.22706630336058128
G1600450,Idaho,Gem,1920,770.0,14.0,2608.0,,0.01818181818181818,3.387012987012987
G1600470,Idaho,Gooding,1920,874.0,9.0,1324.0,,0.010297482837528604,1.5148741418764302
G1600490,Idaho,Idaho,1920,1667.0,5.0,605.0,,0.002999400119976005,0.3629274145170966
G1600510,Idaho,Jefferson,1920,1071.0,30.0,2359.0,,0.028011204481792718,2.2026143790849675
G1600530,Idaho,Jerome,1920,685.0,2.0,45.0,,0.00291970802919708,0.06569343065693431
G1600550,Idaho,Kootenai,1920,1396.0,53.0,4024.0,,0.03796561604584527,2.8825214899713467
G1600570,Idaho,Latah,1920,1876.0,81.0,4728.0,,0.04317697228144989,2.5202558635394454
G1600590,Idaho,Lemhi,1920,535.0,15.0,6635.0,,0.028037383177570093,12.401869158878505
G1600610,Idaho,Lewis,1920,606.0,3.0,675.0,,0.0049504950495049506,1.113861386138614
G1600630,Idaho,Lincoln,1920,418.0,2.0,323.0,,0.004784688995215311,0.7727272727272727
G1600650,Idaho,Madison,1920,928.0,19.0,2749.0,,0.020474137931034482,2.9622844827586206
G1600670,Idaho,Minidoka,1920,1024.0,10.0,1743.0,,0.009765625,1.7021484375
G1600690,Idaho,Nez Perce,1920,1291.0,32.0,3709.0,,0.024786986831913247,2.8729666924864445
G1600710,Idaho,Oneida,1920,1041.0,9.0,1374.0,,0.008645533141210375,1.319884726224784
G1600730,Idaho,Owyhee,1920,785.0,3.0,105.0,,0.003821656050955414,0.1337579617834395
G1600750,Idaho,Payette,1920,763.0,10.0,4761.0,,0.01310615989515072,6.239842726081259
G1600770,Idaho,Power,1920,784.0,5.0,3787.0,,0.006377551020408163,4.830357142857143
G1600790,Idaho,Shoshone,1920,126.0,10.0,467.0,,0.07936507936507936,3.7063492063492065
G1600810,Idaho,Teton,1920,541.0,1.0,50.0,,0.0018484288354898336,0.09242144177449169
G1600830,Idaho,Twin Falls,1920,2746.0,7.0,1016.0,,0.0025491624180626364,0.3699927166788055
G1600850,Idaho,Valley,1920,309.0,4.0,235.0,,0.012944983818770227,0.7605177993527508
G1600870,Idaho,Washington,1920,1119.0,5.0,979.0,,0.004468275245755138,0.8748882931188561
G1700010,Illinois,Adams,1920,3844.0,149.0,15371.0,,0.038761706555671176,3.9986992715920917
G1700030,Illinois,Alexander,1920,731.0,28.0,5841.0,,0.038303693570451436,7.990424076607387
G1700050,Illinois,Bond,1920,1948.0,116.0,15098.0,,0.059548254620123205,7.750513347022587
G1700070,Illinois,Boone,1920,1325.0,51.0,13407.0,,0.038490566037735846,10.118490566037735
G1700090,Illinois,Brown,1920,1352.0,16.0,1726.0,,0.011834319526627219,1.2766272189349113
G1700110,Illinois,Bureau,1920,3203.0,121.0,20286.0,,0.03777708398376522,6.333437402435217
G1700130,Illinois,Calhoun,1920,1119.0,50.0,3865.0,,0.044682752457551385,3.453976764968722
G1700150,Illinois,Carroll,1920,1769.0,59.0,9192.0,,0.03335217637083098,5.196156020350481
G1700170,Illinois,Cass,1920,1164.0,50.0,12510.0,,0.0429553264604811,10.74742268041237
G1700190,Illinois,Champaign,1920,3666.0,302.0,33326.0,,0.08237861429350792,9.090561920349154
G1700210,Illinois,Christian,1920,2782.0,147.0,23742.0,,0.052839683680805175,8.534148094895759
G1700230,Illinois,Clark,1920,2801.0,293.0,26510.0,,0.10460549803641557,9.464476972509818
G1700250,Illinois,Clay,1920,2423.0,290.0,17631.0,,0.11968633924886504,7.276516714816343
G1700270,Illinois,Clinton,1920,1794.0,311.0,35406.0,,0.173355629877369,19.735785953177256
G1700290,Illinois,Coles,1920,2332.0,57.0,11453.0,,0.02444253859348199,4.911234991423671
G1700310,Illinois,Cook,1920,5305.0,1743.0,439890.0,,0.3285579641847314,82.91988689915175
G1700330,Illinois,Crawford,1920,2248.0,250.0,32337.0,,0.11120996441281139,14.384786476868328
G1700350,Illinois,Cumberland,1920,1982.0,131.0,13292.0,,0.06609485368314834,6.7063572149344095
G1700370,Illinois,DeKalb,1920,2400.0,41.0,15535.0,,0.017083333333333332,6.472916666666666
G1700390,Illinois,De Witt,1920,1586.0,124.0,15360.0,,0.07818411097099622,9.684741488020176
G1700410,Illinois,Douglas,1920,1630.0,78.0,17258.0,,0.04785276073619632,10.587730061349694
G1700430,Illinois,Dupage,1920,1756.0,101.0,18064.0,,0.057517084282460135,10.287015945330296
G1700450,Illinois,Edgar,1920,2407.0,176.0,23060.0,,0.07312006647278771,9.580390527627753
G1700470,Illinois,Edwards,1920,1186.0,676.0,152765.0,,0.5699831365935919,128.80691399662732
G1700490,Illinois,Effingham,1920,2223.0,361.0,41998.0,,0.1623931623931624,18.892487629329736
G1700510,Illinois,Fayette,1920,3676.0,284.0,36063.0,,0.07725788900979326,9.810391730141458
G1700530,Illinois,Ford,1920,1655.0,189.0,27684.0,,0.11419939577039274,16.727492447129908
G1700550,Illinois,Franklin,1920,2353.0,259.0,38932.0,,0.11007224819379516,16.545686357841053
G1700570,Illinois,Fulton,1920,3532.0,96.0,14853.0,,0.027180067950169876,4.205266138165346
G1700590,Illinois,Gallatin,1920,1387.0,92.0,9934.0,,0.06633020908435472,7.162220620043259
G1700610,Illinois,Greene,1920,2143.0,80.0,22290.0,,0.03733084461035931,10.401306579561362
G1700630,Illinois,Grundy,1920,1506.0,151.0,19629.0,,0.10026560424966799,13.033864541832669
G1700650,Illinois,Hamilton,1920,2633.0,343.0,18095.0,,0.1302696543866312,6.872388909988606
G1700670,Illinois,Hancock,1920,3463.0,106.0,14073.0,,0.030609298296274907,4.063817499278082
G1700690,Illinois,Hardin,1920,861.0,33.0,2747.0,,0.03832752613240418,3.1904761904761907
G1700710,Illinois,Henderson,1920,1204.0,36.0,4479.0,,0.029900332225913623,3.7200996677740865
G1700730,Illinois,Henry,1920,3161.0,181.0,36027.0,,0.05726036064536539,11.397342613097122
G1700750,Illinois,Iroquois,1920,3953.0,443.0,67450.0,,0.11206678472046547,17.062990134075385
G1700770,Illinois,Jackson,1920,2426.0,187.0,26965.0,,0.07708161582852432,11.115004122011541
G1700790,Illinois,Jasper,1920,2762.0,187.0,20182.0,,0.06770456191165822,7.307023895727734
G1700810,Illinois,Jefferson,1920,3592.0,293.0,18927.0,,0.08157015590200445,5.269209354120267
G1700830,Illinois,Jersey,1920,1368.0,144.0,20967.0,,0.10526315789473684,15.326754385964913
G1700850,Illinois,Jo Daviess,1920,2183.0,126.0,7794.0,,0.05771873568483738,3.570316078790655
G1700870,Illinois,Johnson,1920,1742.0,97.0,17727.0,,0.05568312284730195,10.176234213547646
G1700890,Illinois,Kane,1920,2248.0,73.0,21098.0,,0.032473309608540925,9.385231316725978
G1700910,Illinois,Kankakee,1920,2480.0,724.0,102454.0,,0.29193548387096774,41.31209677419355
G1700930,Illinois,Kendall,1920,1210.0,126.0,14757.0,,0.10413223140495868,12.195867768595042
G1700950,Illinois,Knox,1920,2711.0,57.0,6076.0,,0.02102545186278126,2.2412393950571743
G1700970,Illinois,Lake,1920,2220.0,162.0,38106.0,,0.07297297297297298,17.164864864864864
G1700990,Illinois,La Salle,1920,4213.0,252.0,37362.0,,0.059814858770472344,8.868264894374555
G1701010,Illinois,Lawrence,1920,1710.0,176.0,17891.0,,0.10292397660818714,10.462573099415204
G1701030,Illinois,Lee,1920,2593.0,160.0,23226.0,,0.06170458927882761,8.957192441187813
G1701050,Illinois,Livingston,1920,3726.0,1607.0,69245.0,,0.4312936124530327,18.58427267847558
G1701070,Illinois,Logan,1920,2234.0,98.0,12110.0,,0.043867502238137866,5.420769919427037
G1701090,Illinois,McDonough,1920,2728.0,74.0,22010.0,,0.027126099706744868,8.068181818181818
G1701110,Illinois,McHenry,1920,2874.0,82.0,21580.0,,0.028531663187195546,7.508698677800974
G1701130,Illinois,McLean,1920,4309.0,311.0,47755.0,,0.07217451844975632,11.082617776746345
G1701150,Illinois,Macon,1920,2528.0,130.0,19558.0,,0.051424050632911396,7.736550632911392
G1701170,Illinois,Macoupin,1920,3771.0,252.0,40484.0,,0.06682577565632458,10.73561389551843
G1701190,Illinois,Madison,1920,3454.0,432.0,43373.0,,0.1250723798494499,12.55732484076433
G1701210,Illinois,Marion,1920,3097.0,362.0,31626.0,,0.1168873103002906,10.21181788827898
G1701230,Illinois,Marshall,1920,1231.0,55.0,8023.0,,0.04467912266450041,6.517465475223395
G1701250,Illinois,Mason,1920,1558.0,237.0,20131.0,,0.1521181001283697,12.921052631578947
G1701270,Illinois,Massac,1920,1192.0,53.0,4896.0,,0.044463087248322146,4.10738255033557
G1701290,Illinois,Menard,1920,1033.0,30.0,5405.0,,0.02904162633107454,5.232333010648596
G1701310,Illinois,Mercer,1920,2022.0,68.0,11832.0,,0.033630069238377844,5.851632047477745
G1701330,Illinois,Monroe,1920,1498.0,226.0,37968.0,,0.15086782376502003,25.345794392523363
G1701350,Illinois,Montgomery,1920,3037.0,229.0,34057.0,,0.07540335857754363,11.214027000329272
G1701370,Illinois,Morgan,1920,2420.0,163.0,21379.0,,0.06735537190082645,8.834297520661156
G1701390,Illinois,Moultrie,1920,1501.0,33.0,10408.0,,0.021985343104596936,6.93404397068621
G1701410,Illinois,Ogle,1920,2784.0,125.0,19754.0,,0.04489942528735632,7.095545977011494
G1701430,Illinois,Peoria,1920,2499.0,84.0,12359.0,,0.03361344537815126,4.945578231292517
G1701450,Illinois,Perry,1920,1775.0,272.0,36981.0,,0.1532394366197183,20.834366197183098
G1701470,Illinois,Piatt,1920,1386.0,146.0,20904.0,,0.10533910533910534,15.082251082251082
G1701490,Illinois,Pike,1920,3381.0,156.0,22504.0,,0.04614019520851819,6.6560189293108545
G1701510,Illinois,Pope,1920,1587.0,266.0,20558.0,,0.16761184625078765,12.954001260239446
G1701530,Illinois,Pulaski,1920,1015.0,43.0,5101.0,,0.042364532019704436,5.025615763546798
G1701550,Illinois,Putnam,1920,533.0,38.0,3794.0,,0.07129455909943715,7.118198874296435
G1701570,Illinois,Randolph,1920,2324.0,364.0,34135.0,,0.1566265060240964,14.68803786574871
G1701590,Illinois,Richland,1920,1930.0,594.0,43250.0,,0.3077720207253886,22.409326424870468
G1701610,Illinois,Rock Island,1920,2045.0,67.0,10537.0,,0.03276283618581907,5.152567237163814
G1701630,Illinois,St Clair,1920,3112.0,628.0,54059.0,,0.20179948586118251,17.371143958868895
G1701650,Illinois,Saline,1920,2105.0,337.0,45766.0,,0.16009501187648456,21.741567695961994
G1701670,Illinois,Sangamon,1920,3425.0,84.0,11332.0,,0.024525547445255473,3.3086131386861313
G1701690,Illinois,Schuyler,1920,1778.0,33.0,6427.0,,0.01856017997750281,3.6147356580427448
G1701710,Illinois,Scott,1920,1089.0,29.0,8427.0,,0.02662993572084481,7.738292011019284
G1701730,Illinois,Shelby,1920,3860.0,278.0,32904.0,,0.07202072538860103,8.524352331606218
G1701750,Illinois,Stark,1920,1077.0,29.0,5831.0,,0.02692664809656453,5.414113277623027
G1701770,Illinois,Stephenson,1920,2794.0,144.0,36626.0,,0.05153901216893343,13.108804581245526
G1701790,Illinois,Tazewell,1920,2536.0,141.0,20745.0,,0.0555993690851735,8.180205047318612
G1701810,Illinois,Union,1920,2006.0,470.0,48750.0,,0.23429710867397807,24.30209371884347
G1701830,Illinois,Vermilion,1920,3587.0,200.0,56089.0,,0.05575689991636465,15.636743797044884
G1701850,Illinois,Wabash,1920,1053.0,305.0,25683.0,,0.2896486229819563,24.39031339031339
G1701870,Illinois,Warren,1920,1899.0,28.0,9515.0,,0.01474460242232754,5.010531858873091
G1701890,Illinois,Washington,1920,2357.0,708.0,70910.0,,0.3003818413237166,30.084853627492574
G1701910,Illinois,Wayne,1920,3769.0,416.0,23347.0,,0.11037410453701248,6.19448129477315
G1701930,Illinois,White,1920,2419.0,266.0,24332.0,,0.10996279454319967,10.058701942951632
G1701950,Illinois,Whiteside,1920,2789.0,340.0,34196.0,,0.12190749372534959,12.261025457153101
G1701970,Illinois,Will,1920,3385.0,170.0,36043.0,,0.050221565731166914,10.647858197932052
G1701990,Illinois,Williamson,1920,2620.0,227.0,21664.0,,0.0866412213740458,8.268702290076336
G1702010,Illinois,Winnebago,1920,2185.0,123.0,11663.0,,0.056292906178489706,5.337757437070938
G1702030,Illinois,Woodford,1920,1903.0,157.0,19666.0,,0.08250131371518654,10.334209143457699
G1800010,Indiana,Adams,1920,2328.0,693.0,41676.0,,0.297680412371134,17.9020618556701
G1800030,Indiana,Allen,1920,4221.0,1812.0,139439.0,,0.4292821606254442,33.03458895996209
G1800050,Indiana,Bartholomew,1920,2043.0,1405.0,152365.0,,0.6877141458639257,74.57905041605483
G1800070,Indiana,Benton,1920,1255.0,203.0,35756.0,,0.16175298804780877,28.490836653386456
G1800090,Indiana,Blackford,1920,1126.0,210.0,13136.0,,0.18650088809946713,11.66607460035524
G1800110,Indiana,Boone,1920,3011.0,1005.0,80418.0,,0.33377615410162736,26.70807040850216
G1800130,Indiana,Brown,1920,1458.0,920.0,40538.0,,0.6310013717421125,27.80384087791495
G1800150,Indiana,Carroll,1920,2075.0,787.0,71899.0,,0.37927710843373497,34.65012048192771
G1800170,Indiana,Cass,1920,2395.0,902.0,70633.0,,0.3766179540709812,29.49185803757829
G1800190,Indiana,Clark,1920,2002.0,1537.0,154068.0,,0.7677322677322678,76.95704295704296
G1800210,Indiana,Clay,1920,2414.0,1100.0,81044.0,,0.45567522783761394,33.572493786246895
G1800230,Indiana,Clinton,1920,2389.0,1182.0,121688.0,,0.4947676852239431,50.93679363750523
G1800250,Indiana,Crawford,1920,1810.0,1416.0,73601.0,,0.7823204419889502,40.66353591160221
G1800270,Indiana,Daviess,1920,2602.0,919.0,58432.0,,0.35318985395849345,22.456571867794004
G1800290,Indiana,Dearborn,1920,2145.0,1052.0,72060.0,,0.49044289044289047,33.59440559440559
G1800310,Indiana,Decatur,1920,1910.0,1597.0,218472.0,,0.8361256544502618,114.38324607329842
G1800330,Indiana,DeKalb,1920,2461.0,1839.0,154981.0,,0.7472572125152377,62.97480698902885
G1800350,Indiana,Delaware,1920,2803.0,884.0,67359.0,,0.3153763824473778,24.031038173385657
G1800370,Indiana,Dubois,1920,2261.0,1902.0,180883.0,,0.8412206988058382,80.00132684652809
G1800390,Indiana,Elkhart,1920,3131.0,1464.0,90994.0,,0.46758224209517724,29.062280421590547
G1800410,Indiana,Fayette,1920,1081.0,875.0,112676.0,,0.8094357076780758,104.23311748381128
G1800430,Indiana,Floyd,1920,1252.0,960.0,79264.0,,0.7667731629392971,63.30990415335463
G1800450,Indiana,Fountain,1920,1915.0,388.0,42870.0,,0.20261096605744125,22.386422976501304
G1800470,Indiana,Franklin,1920,2067.0,1440.0,147283.0,,0.6966618287373004,71.25447508466377
G1800490,Indiana,Fulton,1920,2241.0,531.0,46362.0,,0.23694779116465864,20.688085676037485
G1800510,Indiana,Gibson,1920,2563.0,912.0,78867.0,,0.3558330081935232,30.771361685524777
G1800530,Indiana,Grant,1920,2950.0,1129.0,93224.0,,0.3827118644067797,31.60135593220339
G1800550,Indiana,Greene,1920,3441.0,1366.0,80507.0,,0.3969776227840744,23.396396396396398
G1800570,Indiana,Hamilton,1920,2868.0,1450.0,104621.0,,0.5055788005578801,36.47873082287308
G1800590,Indiana,Hancock,1920,2038.0,1289.0,112856.0,,0.6324828263002944,55.37585868498528
G1800610,Indiana,Harrison,1920,3048.0,2280.0,193797.0,,0.7480314960629921,63.58169291338583
G1800630,Indiana,Hendricks,1920,2526.0,1458.0,141469.0,,0.5771971496437055,56.00514647664291
G1800650,Indiana,Henry,1920,2540.0,1471.0,153005.0,,0.5791338582677166,60.238188976377955
G1800670,Indiana,Howard,1920,2164.0,560.0,44300.0,,0.2587800369685767,20.47134935304991
G1800690,Indiana,Huntington,1920,2637.0,1155.0,52071.0,,0.4379977246871445,19.746302616609785
G1800710,Indiana,Jackson,1920,2617.0,1400.0,102054.0,,0.5349636988918609,38.99656094764998
G1800730,Indiana,Jasper,1920,1736.0,807.0,178846.0,,0.46486175115207373,103.02188940092167
G1800750,Indiana,Jay,1920,2532.0,990.0,124707.0,,0.3909952606635071,49.252369668246445
G1800770,Indiana,Jefferson,1920,2518.0,1521.0,138844.0,,0.6040508339952343,55.1405877680699
G1800790,Indiana,Jennings,1920,2023.0,1335.0,110787.0,,0.6599110232328226,54.76371725160652
G1800810,Indiana,Johnson,1920,2051.0,1501.0,172897.0,,0.7318381277425646,84.29887859580693
G1800830,Indiana,Knox,1920,2458.0,561.0,68739.0,,0.22823433685923514,27.96541903986981
G1800850,Indiana,Kosciusko,1920,3355.0,1229.0,100466.0,,0.36631892697466467,29.9451564828614
G1800870,Indiana,Lagrange,1920,2044.0,641.0,48176.0,,0.313600782778865,23.569471624266146
G1800890,Indiana,Lake,1920,1718.0,776.0,98336.0,,0.45168800931315484,57.23864959254948
G1800910,Indiana,LaPorte,1920,2431.0,862.0,97017.0,,0.3545865898807075,39.90826820238585
G1800930,Indiana,Lawrence,1920,2332.0,1375.0,107971.0,,0.589622641509434,46.29974271012007
G1800950,Indiana,Madison,1920,3173.0,1436.0,127692.0,,0.45256854711629374,40.243302867948316
G1800970,Indiana,Marion,1920,2855.0,1444.0,131962.0,,0.5057793345008756,46.22136602451839
G1800990,Indiana,Marshall,1920,2720.0,1267.0,110197.0,,0.4658088235294118,40.51360294117647
G1801010,Indiana,Martin,1920,1661.0,1036.0,43184.0,,0.6237206502107164,25.998795906080673
G1801030,Indiana,Miami,1920,2205.0,1115.0,90477.0,,0.5056689342403629,41.03265306122449
G1801050,Indiana,Monroe,1920,2232.0,1381.0,83810.0,,0.6187275985663082,37.549283154121866
G1801070,Indiana,Montgomery,1920,2564.0,690.0,70712.0,,0.26911076443057724,27.578783151326054
G1801090,Indiana,Morgan,1920,2492.0,1278.0,95089.0,,0.5128410914927769,38.15770465489567
G1801110,Indiana,Newton,1920,1011.0,387.0,58895.0,,0.3827893175074184,58.254203758654796
G1801130,Indiana,Noble,1920,2450.0,1308.0,95547.0,,0.5338775510204081,38.998775510204084
G1801150,Indiana,Ohio,1920,584.0,127.0,6020.0,,0.21746575342465754,10.308219178082192
G1801170,Indiana,Orange,1920,2315.0,1721.0,107152.0,,0.7434125269978402,46.28596112311015
G1801190,Indiana,Owen,1920,1968.0,1179.0,75024.0,,0.5990853658536586,38.1219512195122
G1801210,Indiana,Parke,1920,2228.0,744.0,68187.0,,0.3339317773788151,30.604578096947936
G1801230,Indiana,Perry,1920,1836.0,1262.0,97543.0,,0.6873638344226579,53.12799564270153
G1801250,Indiana,Pike,1920,2159.0,775.0,39813.0,,0.3589624826308476,18.44048170449282
G1801270,Indiana,Porter,1920,1791.0,961.0,125695.0,,0.536571747627024,70.18146286990508
G1801290,Indiana,Posey,1920,2071.0,509.0,100122.0,,0.24577498792853694,48.344760985031385
G1801310,Indiana,Pulaski,1920,1763.0,860.0,108725.0,,0.4878048780487805,61.670448099829834
G1801330,Indiana,Putnam,1920,2682.0,1320.0,109629.0,,0.49217002237136465,40.875838926174495
G1801350,Indiana,Randolph,1920,3226.0,2021.0,97310.0,,0.6264724116553007,30.164290142591444
G1801370,Indiana,Ripley,1920,2836.0,2433.0,225754.0,,0.857898448519041,79.60296191819464
G1801390,Indiana,Rush,1920,2044.0,1707.0,238438.0,,0.8351272015655578,116.65264187866927
G1801410,Indiana,St Joseph,1920,2678.0,893.0,91879.0,,0.3334578043315907,34.30881254667663
G1801430,Indiana,Scott,1920,1104.0,820.0,79011.0,,0.7427536231884058,71.5679347826087
G1801450,Indiana,Shelby,1920,2660.0,1648.0,160361.0,,0.6195488721804512,60.28609022556391
G1801470,Indiana,Spencer,1920,2562.0,1197.0,83772.0,,0.4672131147540984,32.69789227166277
G1801490,Indiana,Starke,1920,1402.0,413.0,37327.0,,0.29457917261055633,26.624108416547788
G1801510,Indiana,Steuben,1920,1787.0,789.0,52873.0,,0.44152210408505876,29.58757694459989
G1801530,Indiana,Sullivan,1920,2837.0,349.0,29845.0,,0.12301727176594995,10.519915403595347
G1801550,Indiana,Switzerland,1920,1828.0,488.0,29366.0,,0.26695842450765866,16.064551422319475
G1801570,Indiana,Tippecanoe,1920,2401.0,514.0,56743.0,,0.2140774677217826,23.633069554352353
G1801590,Indiana,Tipton,1920,1857.0,307.0,25142.0,,0.16532040926225094,13.539041464728056
G1801610,Indiana,Union,1920,796.0,671.0,103746.0,,0.842964824120603,130.33417085427135
G1801630,Indiana,Vanderburgh,1920,1680.0,743.0,61074.0,,0.44226190476190474,36.35357142857143
G1801650,Indiana,Vermillion,1920,1058.0,209.0,16417.0,,0.19754253308128544,15.517013232514177
G1801670,Indiana,Vigo,1920,2770.0,316.0,33992.0,,0.11407942238267148,12.271480144404332
G1801690,Indiana,Wabash,1920,2529.0,1476.0,120430.0,,0.5836298932384342,47.61961249505733
G1801710,Indiana,Warren,1920,1286.0,155.0,23417.0,,0.12052877138413685,18.209175738724728
G1801730,Indiana,Warrick,1920,2503.0,1504.0,88407.0,,0.6008789452656812,35.32041550139832
G1801750,Indiana,Washington,1920,2549.0,2071.0,190831.0,,0.8124754805806198,74.86504511573166
G1801770,Indiana,Wayne,1920,2410.0,1746.0,209657.0,,0.7244813278008299,86.99460580912863
G1801790,Indiana,Wells,1920,2545.0,611.0,26644.0,,0.2400785854616896,10.469155206286837
G1801810,Indiana,White,1920,1991.0,771.0,97700.0,,0.38724259166248115,49.070818684078354
G1801830,Indiana,Whitley,1920,2041.0,960.0,57633.0,,0.47035766780989713,28.237628613424793
G1900010,Iowa,Adair,1920,2113.0,15.0,2465.0,,0.00709891150023663,1.1665877898722197
G1900030,Iowa,Adams,1920,1629.0,15.0,2562.0,,0.009208103130755065,1.572744014732965
G1900050,Iowa,Allamakee,1920,2175.0,14.0,1969.0,,0.006436781609195402,0.9052873563218391
G1900070,Iowa,Appanoose,1920,2283.0,41.0,4548.0,,0.017958826106000875,1.9921156373193167
G1900090,Iowa,Audubon,1920,1818.0,21.0,4853.0,,0.01155115511551155,2.6694169416941693
G1900110,Iowa,Benton,1920,2562.0,44.0,5240.0,,0.01717408274785324,2.0452771272443404
G1900130,Iowa,Black Hawk,1920,2358.0,59.0,6758.0,,0.02502120441051739,2.86598812553011
G1900150,Iowa,Boone,1920,2541.0,40.0,13323.0,,0.015741833923652106,5.243211334120425
G1900170,Iowa,Bremer,1920,2018.0,77.0,8092.0,,0.038156590683845394,4.009910802775025
G1900190,Iowa,Buchanan,1920,2232.0,77.0,10038.0,,0.03449820788530466,4.497311827956989
G1900210,Iowa,Buena Vista,1920,2055.0,33.0,3124.0,,0.016058394160583942,1.5201946472019465
G1900230,Iowa,Butler,1920,2244.0,17.0,2240.0,,0.007575757575757576,0.9982174688057041
G1900250,Iowa,Calhoun,1920,2060.0,56.0,6123.0,,0.027184466019417475,2.9723300970873785
G1900270,Iowa,Carroll,1920,2087.0,17.0,1720.0,,0.008145663632007666,0.8241494968854816
G1900290,Iowa,Cass,1920,2182.0,20.0,2909.0,,0.00916590284142988,1.333180568285976
G1900310,Iowa,Cedar,1920,2212.0,30.0,3200.0,,0.013562386980108499,1.4466546112115732
G1900330,Iowa,Cerro Gordo,1920,1944.0,53.0,5602.0,,0.02726337448559671,2.8816872427983538
G1900350,Iowa,Cherokee,1920,1844.0,28.0,4372.0,,0.015184381778741865,2.370932754880694
G1900370,Iowa,Chickasaw,1920,2003.0,34.0,2257.0,,0.016974538192710935,1.126809785322017
G1900390,Iowa,Clarke,1920,1488.0,8.0,2395.0,,0.005376344086021506,1.6095430107526882
G1900410,Iowa,Clay,1920,1769.0,5.0,583.0,,0.002826455624646693,0.3295647258338044
G1900430,Iowa,Clayton,1920,3101.0,15.0,1447.0,,0.004837149306675266,0.46662366978394065
G1900450,Iowa,Clinton,1920,2729.0,32.0,5609.0,,0.011725906925613778,2.05533162330524
G1900470,Iowa,Crawford,1920,2444.0,17.0,9254.0,,0.006955810147299509,3.786415711947627
G1900490,Iowa,Dallas,1920,2320.0,31.0,11279.0,,0.013362068965517242,4.861637931034482
G1900510,Iowa,Davis,1920,2089.0,17.0,809.0,,0.008137865007180469,0.38726663475347056
G1900530,Iowa,Decatur,1920,2029.0,33.0,5968.0,,0.016264169541646133,2.941350418925579
G1900550,Iowa,Delaware,1920,2284.0,38.0,4448.0,,0.016637478108581436,1.947460595446585
G1900570,Iowa,Des Moines,1920,1926.0,38.0,5477.0,,0.01973001038421599,2.8437175493250257
G1900590,Iowa,Dickinson,1920,1043.0,8.0,601.0,,0.007670182166826462,0.576222435282838
G1900610,Iowa,Dubuque,1920,2372.0,45.0,9637.0,,0.01897133220910624,4.062816188870152
G1900630,Iowa,Emmet,1920,1193.0,11.0,2194.0,,0.009220452640402346,1.8390611902766136
G1900650,Iowa,Fayette,1920,3157.0,209.0,14065.0,,0.06620209059233449,4.455178967374089
G1900670,Iowa,Floyd,1920,1916.0,34.0,5893.0,,0.017745302713987474,3.075678496868476
G1900690,Iowa,Franklin,1920,2040.0,29.0,4345.0,,0.014215686274509804,2.1299019607843137
G1900710,Iowa,Fremont,1920,1858.0,20.0,3419.0,,0.010764262648008612,1.840150699677072
G1900730,Iowa,Greene,1920,2059.0,20.0,6218.0,,0.009713453132588635,3.0199125789218066
G1900750,Iowa,Grundy,1920,1725.0,5.0,2971.0,,0.002898550724637681,1.72231884057971
G1900770,Iowa,Guthrie,1920,2315.0,40.0,8849.0,,0.017278617710583154,3.822462203023758
G1900790,Iowa,Hamilton,1920,2181.0,53.0,5256.0,,0.024300779458963778,2.4099037138927097
G1900810,Iowa,Hancock,1920,1875.0,137.0,11931.0,,0.07306666666666667,6.3632
G1900830,Iowa,Hardin,1920,2129.0,31.0,4216.0,,0.01456082667919211,1.9802724283701267
G1900850,Iowa,Harrison,1920,2881.0,21.0,8687.0,,0.007289135716765012,3.0152724748351267
G1900870,Iowa,Henry,1920,1989.0,24.0,4747.0,,0.012066365007541479,2.386626445449975
G1900890,Iowa,Howard,1920,1708.0,14.0,1310.0,,0.00819672131147541,0.7669789227166276
G1900910,Iowa,Humboldt,1920,1380.0,22.0,3286.0,,0.015942028985507246,2.381159420289855
G1900930,Iowa,Ida,1920,1398.0,9.0,2589.0,,0.006437768240343348,1.851931330472103
G1900950,Iowa,Iowa,1920,2256.0,14.0,4677.0,,0.0062056737588652485,2.0731382978723403
G1900970,Iowa,Jackson,1920,2327.0,19.0,8218.0,,0.008165019338203695,3.5315857327030513
G1900990,Iowa,Jasper,1920,2946.0,35.0,4530.0,,0.01188051595383571,1.5376782077393076
G1901010,Iowa,Jefferson,1920,1960.0,31.0,9482.0,,0.015816326530612244,4.837755102040816
G1901030,Iowa,Johnson,1920,2625.0,28.0,5084.0,,0.010666666666666666,1.9367619047619047
G1901050,Iowa,Jones,1920,2090.0,17.0,3216.0,,0.008133971291866028,1.538755980861244
G1901070,Iowa,Keokuk,1920,2764.0,22.0,6225.0,,0.007959479015918957,2.2521707670043414
G1901090,Iowa,Kossuth,1920,2928.0,50.0,12308.0,,0.01707650273224044,4.203551912568306
G1901110,Iowa,Lee,1920,2297.0,104.0,6792.0,,0.045276447540269917,2.95690030474532
G1901130,Iowa,Linn,1920,3666.0,73.0,15150.0,,0.019912711402073104,4.132569558101473
G1901150,Iowa,Louisa,1920,1470.0,42.0,3708.0,,0.02857142857142857,2.522448979591837
G1901170,Iowa,Lucas,1920,1617.0,7.0,495.0,,0.004329004329004329,0.30612244897959184
G1901190,Iowa,Lyon,1920,1774.0,20.0,5428.0,,0.011273957158962795,3.059751972942503
G1901210,Iowa,Madison,1920,2125.0,12.0,1334.0,,0.005647058823529412,0.6277647058823529
G1901230,Iowa,Mahaska,1920,2784.0,24.0,3345.0,,0.008620689655172414,1.2015086206896552
G1901250,Iowa,Marion,1920,2402.0,39.0,12335.0,,0.01623646960865945,5.135303913405496
G1901270,Iowa,Marshall,1920,2315.0,26.0,15466.0,,0.01123110151187905,6.680777537796976
G1901290,Iowa,Mills,1920,1571.0,11.0,5449.0,,0.007001909611712286,3.4684914067472947
G1901310,Iowa,Mitchell,1920,1770.0,31.0,13191.0,,0.01751412429378531,7.452542372881356
G1901330,Iowa,Monona,1920,2166.0,9.0,1682.0,,0.004155124653739612,0.7765466297322253
G1901350,Iowa,Monroe,1920,1793.0,29.0,3077.0,,0.016174010039040714,1.7161182375906303
G1901370,Iowa,Montgomery,1920,1650.0,18.0,6138.0,,0.01090909090909091,3.72
G1901390,Iowa,Muscatine,1920,1923.0,89.0,22718.0,,0.04628185127405096,11.813832553302133
G1901410,Iowa,O Brien,1920,1903.0,21.0,5663.0,,0.011035207566999475,2.975827640567525
G1901430,Iowa,Osceola,1920,1265.0,6.0,992.0,,0.0047430830039525695,0.7841897233201581
G1901450,Iowa,Page,1920,2252.0,24.0,10518.0,,0.010657193605683837,4.6705150976909415
G1901470,Iowa,Palo Alto,1920,1815.0,18.0,2587.0,,0.009917355371900827,1.42534435261708
G1901490,Iowa,Plymouth,1920,2699.0,28.0,8857.0,,0.010374212671359764,3.2815857725083366
G1901510,Iowa,Pocahontas,1920,1992.0,19.0,7613.0,,0.009538152610441768,3.8217871485943773
G1901530,Iowa,Polk,1920,2948.0,50.0,19028.0,,0.016960651289009497,6.454545454545454
G1901550,Iowa,Pottawattamie,1920,3781.0,33.0,7390.0,,0.008727849775191749,1.9545093890505156
G1901570,Iowa,Poweshiek,1920,2179.0,16.0,3792.0,,0.0073428178063331805,1.7402478201009637
G1901590,Iowa,Ringgold,1920,1923.0,19.0,2548.0,,0.009880395215808632,1.325013000520021
G1901610,Iowa,Sac,1920,1945.0,16.0,8051.0,,0.008226221079691516,4.139331619537275
G1901630,Iowa,Scott,1920,2316.0,82.0,15071.0,,0.03540587219343696,6.5073402417962
G1901650,Iowa,Shelby,1920,2049.0,13.0,3005.0,,0.00634455832113226,1.4665690580771107
G1901670,Iowa,Sioux,1920,2801.0,18.0,3134.0,,0.006426276329882185,1.1188861121028204
G1901690,Iowa,Story,1920,2215.0,26.0,21869.0,,0.011738148984198645,9.87313769751693
G1901710,Iowa,Tama,1920,2484.0,17.0,6010.0,,0.006843800322061192,2.419484702093398
G1901730,Iowa,Taylor,1920,2159.0,18.0,2621.0,,0.008337193144974525,1.2139879573876795
G1901750,Iowa,Union,1920,1631.0,19.0,8177.0,,0.011649294911097487,5.013488657265481
G1901770,Iowa,Van Buren,1920,2013.0,32.0,3994.0,,0.015896671634376552,1.9841033283656235
G1901790,Iowa,Wapello,1920,2112.0,42.0,4026.0,,0.019886363636363636,1.90625
G1901810,Iowa,Warren,1920,2402.0,15.0,911.0,,0.0062447960033305576,0.37926727726894255
G1901830,Iowa,Washington,1920,2307.0,41.0,4305.0,,0.017771998266146512,1.8660598179453836
G1901850,Iowa,Wayne,1920,1890.0,25.0,3327.0,,0.013227513227513227,1.7603174603174603
G1901870,Iowa,Webster,1920,2566.0,21.0,2301.0,,0.00818394388152767,0.896726422447389
G1901890,Iowa,Winnebago,1920,1543.0,11.0,1125.0,,0.007128969539857421,0.729099157485418
G1901910,Iowa,Winneshiek,1920,2915.0,22.0,2778.0,,0.007547169811320755,0.9530017152658662
G1901930,Iowa,Woodbury,1920,2969.0,39.0,13193.0,,0.013135735938026272,4.443583698214887
G1901950,Iowa,Worth,1920,1461.0,31.0,9834.0,,0.021218343600273786,6.731006160164271
G1901970,Iowa,Wright,1920,1927.0,48.0,4891.0,,0.024909185262065387,2.538142189932538
G2000010,Kansas,Allen,1920,1932.0,268.0,22515.0,,0.13871635610766045,11.653726708074535
G2000030,Kansas,Anderson,1920,1914.0,139.0,14449.0,,0.07262277951933124,7.549111807732498
G2000050,Kansas,Atchison,1920,1717.0,27.0,2660.0,,0.0157251019219569,1.549213744903902
G2000070,Kansas,Barber,1920,1093.0,16.0,5063.0,,0.01463860933211345,4.63220494053065
G2000090,Kansas,Barton,1920,1772.0,21.0,11225.0,,0.011851015801354402,6.334650112866817
G2000110,Kansas,Bourbon,1920,2517.0,111.0,15831.0,,0.04410011918951132,6.289630512514899
G2000130,Kansas,Brown,1920,2107.0,14.0,4318.0,,0.006644518272425249,2.049359278595159
G2000150,Kansas,Butler,1920,2680.0,35.0,9984.0,,0.013059701492537313,3.725373134328358
G2000170,Kansas,Chase,1920,873.0,5.0,851.0,,0.0057273768613974796,0.9747995418098511
G2000190,Kansas,Chautauqua,1920,1291.0,12.0,3816.0,,0.009295120061967466,2.9558481797056544
G2000210,Kansas,Cherokee,1920,2350.0,1339.0,171576.0,,0.5697872340425532,73.01106382978723
G2000230,Kansas,Cheyenne,1920,974.0,9.0,3603.0,,0.009240246406570842,3.6991786447638604
G2000250,Kansas,Clark,1920,624.0,10.0,11426.0,,0.016025641025641024,18.310897435897434
G2000270,Kansas,Clay,1920,1938.0,15.0,5408.0,,0.007739938080495356,2.7905056759545923
G2000290,Kansas,Cloud,1920,2108.0,24.0,3820.0,,0.011385199240986717,1.8121442125237193
G2000310,Kansas,Coffey,1920,2158.0,100.0,10125.0,,0.04633920296570899,4.691844300278035
G2000330,Kansas,Comanche,1920,570.0,7.0,2230.0,,0.012280701754385965,3.912280701754386
G2000350,Kansas,Cowley,1920,2896.0,21.0,2170.0,,0.007251381215469613,0.7493093922651933
G2000370,Kansas,Crawford,1920,2439.0,615.0,56335.0,,0.2521525215252153,23.09758097580976
G2000390,Kansas,Decatur,1920,1320.0,11.0,11711.0,,0.008333333333333333,8.871969696969696
G2000410,Kansas,Dickinson,1920,2598.0,17.0,4409.0,,0.006543494996150885,1.6970746728252502
G2000430,Kansas,Doniphan,1920,1722.0,42.0,4781.0,,0.024390243902439025,2.7764227642276422
G2000450,Kansas,Douglas,1920,2035.0,130.0,68822.0,,0.06388206388206388,33.81916461916462
G2000470,Kansas,Edwards,1920,805.0,3.0,2764.0,,0.0037267080745341614,3.4335403726708074
G2000490,Kansas,Elk,1920,1289.0,28.0,3974.0,,0.021722265321955005,3.083010085337471
G2000510,Kansas,Ellis,1920,1339.0,8.0,4062.0,,0.00597460791635549,3.0336071695294997
G2000530,Kansas,Ellsworth,1920,1228.0,9.0,9355.0,,0.007328990228013029,7.618078175895765
G2000550,Kansas,Finney,1920,717.0,5.0,600.0,,0.00697350069735007,0.8368200836820083
G2000570,Kansas,Ford,1920,1282.0,6.0,5915.0,,0.0046801872074883,4.613884555382215
G2000590,Kansas,Franklin,1920,2261.0,41.0,5114.0,,0.01813356921716055,2.2618310482087574
G2000610,Kansas,Geary,1920,847.0,7.0,530.0,,0.008264462809917356,0.6257378984651711
G2000630,Kansas,Gove,1920,772.0,3.0,2752.0,,0.0038860103626943004,3.564766839378238
G2000650,Kansas,Graham,1920,1279.0,8.0,945.0,,0.006254886630179828,0.7388584831899921
G2000670,Kansas,Grant,1920,194.0,3.0,126.0,,0.015463917525773196,0.6494845360824743
G2000690,Kansas,Gray,1920,733.0,8.0,5696.0,,0.010914051841746248,7.770804911323329
G2000710,Kansas,Greeley,1920,143.0,0.0,0.0,,0.0,0.0
G2000730,Kansas,Greenwood,1920,1883.0,78.0,18851.0,,0.04142326075411577,10.011152416356877
G2000750,Kansas,Hamilton,1920,326.0,0.0,0.0,,0.0,0.0
G2000770,Kansas,Harper,1920,1667.0,6.0,4645.0,,0.003599280143971206,2.7864427114577084
G2000790,Kansas,Harvey,1920,1719.0,14.0,3117.0,,0.008144269924374637,1.8132635253054101
G2000810,Kansas,Haskell,1920,177.0,23.0,700.0,,0.12994350282485875,3.9548022598870056
G2000830,Kansas,Hodgeman,1920,641.0,7.0,10342.0,,0.0109204368174727,16.134165366614663
G2000850,Kansas,Jackson,1920,2416.0,36.0,6530.0,,0.014900662251655629,2.702814569536424
G2000870,Kansas,Jefferson,1920,2261.0,19.0,3332.0,,0.008403361344537815,1.4736842105263157
G2000890,Kansas,Jewell,1920,2740.0,9.0,5435.0,,0.0032846715328467154,1.9835766423357664
G2000910,Kansas,Johnson,1920,2223.0,89.0,18048.0,,0.04003598740440846,8.118758434547908
G2000930,Kansas,Kearny,1920,359.0,0.0,0.0,,0.0,0.0
G2000950,Kansas,Kingman,1920,1682.0,10.0,2469.0,,0.005945303210463734,1.4678953626634959
G2000970,Kansas,Kiowa,1920,826.0,2.0,1900.0,,0.002421307506053269,2.3002421307506054
G2000990,Kansas,Labette,1920,2505.0,752.0,70522.0,,0.3001996007984032,28.15249500998004
G2001010,Kansas,Lane,1920,473.0,0.0,0.0,,0.0,0.0
G2001030,Kansas,Leavenworth,1920,2115.0,62.0,7086.0,,0.029314420803782507,3.350354609929078
G2001050,Kansas,Lincoln,1920,1466.0,8.0,1530.0,,0.005457025920873124,1.043656207366985
G2001070,Kansas,Linn,1920,2111.0,146.0,13247.0,,0.06916153481762198,6.275225011842728
G2001090,Kansas,Logan,1920,501.0,5.0,5521.0,,0.00998003992015968,11.019960079840319
G2001110,Kansas,Lyon,1920,2560.0,112.0,13442.0,,0.04375,5.25078125
G2001130,Kansas,McPherson,1920,2656.0,18.0,6720.0,,0.00677710843373494,2.5301204819277108
G2001150,Kansas,Marion,1920,2497.0,22.0,2197.0,,0.00881057268722467,0.8798558269923908
G2001170,Kansas,Marshall,1920,2798.0,22.0,4230.0,,0.007862759113652609,1.511794138670479
G2001190,Kansas,Meade,1920,842.0,3.0,3325.0,,0.0035629453681710215,3.9489311163895486
G2001210,Kansas,Miami,1920,2303.0,132.0,15431.0,,0.057316543638732086,6.700390794615719
G2001230,Kansas,Mitchell,1920,1822.0,17.0,5202.0,,0.009330406147091108,2.8551042810098792
G2001250,Kansas,Montgomery,1920,2250.0,77.0,8757.0,,0.03422222222222222,3.892
G2001270,Kansas,Morris,1920,1548.0,19.0,7155.0,,0.01227390180878553,4.622093023255814
G2001290,Kansas,Morton,1920,405.0,0.0,0.0,,0.0,0.0
G2001310,Kansas,Nemaha,1920,2503.0,18.0,2450.0,,0.007191370355573312,0.9788254095085897
G2001330,Kansas,Neosho,1920,2160.0,543.0,49367.0,,0.2513888888888889,22.85509259259259
G2001350,Kansas,Ness,1920,1056.0,8.0,1816.0,,0.007575757575757576,1.7196969696969697
G2001370,Kansas,Norton,1920,1650.0,13.0,9130.0,,0.00787878787878788,5.533333333333333
G2001390,Kansas,Osage,1920,2578.0,33.0,17248.0,,0.012800620636152055,6.690457719162141
G2001410,Kansas,Osborne,1920,1781.0,16.0,3900.0,,0.008983717012914094,2.18978102189781
G2001430,Kansas,Ottawa,1920,1594.0,20.0,6078.0,,0.012547051442910916,3.8130489335006272
G2001450,Kansas,Pawnee,1920,1144.0,5.0,2613.0,,0.004370629370629371,2.284090909090909
G2001470,Kansas,Phillips,1920,1929.0,8.0,2200.0,,0.00414722654224987,1.1404872991187143
G2001490,Kansas,Pottawatomie,1920,2151.0,18.0,2291.0,,0.008368200836820083,1.0650860065086007
G2001510,Kansas,Pratt,1920,1319.0,11.0,8824.0,,0.008339651250947688,6.68991660348749
G2001530,Kansas,Rawlins,1920,1048.0,0.0,0.0,,0.0,0.0
G2001550,Kansas,Reno,1920,3353.0,27.0,8803.0,,0.008052490307187594,2.625410080524903
G2001570,Kansas,Republic,1920,2489.0,9.0,3673.0,,0.0036159100040176776,1.4756930494174367
G2001590,Kansas,Rice,1920,1660.0,7.0,2750.0,,0.004216867469879518,1.6566265060240963
G2001610,Kansas,Riley,1920,1572.0,30.0,8573.0,,0.019083969465648856,5.453562340966921
G2001630,Kansas,Rooks,1920,1540.0,7.0,4305.0,,0.004545454545454545,2.7954545454545454
G2001650,Kansas,Rush,1920,1170.0,13.0,8169.0,,0.011111111111111112,6.982051282051282
G2001670,Kansas,Russell,1920,1387.0,7.0,2545.0,,0.005046863734679163,1.8348954578226389
G2001690,Kansas,Saline,1920,1804.0,15.0,5742.0,,0.008314855875831485,3.182926829268293
G2001710,Kansas,Scott,1920,428.0,2.0,185.0,,0.004672897196261682,0.4322429906542056
G2001730,Kansas,Sedgwick,1920,3347.0,51.0,14764.0,,0.015237526142814461,4.411114430833583
G2001750,Kansas,Seward,1920,515.0,4.0,452.0,,0.007766990291262136,0.8776699029126214
G2001770,Kansas,Shawnee,1920,2303.0,32.0,5460.0,,0.013894919669995658,2.370820668693009
G2001790,Kansas,Sheridan,1920,932.0,5.0,1341.0,,0.00536480686695279,1.4388412017167382
G2001810,Kansas,Sherman,1920,597.0,2.0,600.0,,0.0033500837520938024,1.0050251256281406
G2001830,Kansas,Smith,1920,2458.0,20.0,3697.0,,0.008136696501220505,1.5040683482506103
G2001850,Kansas,Stafford,1920,1490.0,9.0,4325.0,,0.006040268456375839,2.902684563758389
G2001870,Kansas,Stanton,1920,198.0,0.0,0.0,,0.0,0.0
G2001890,Kansas,Stevens,1920,666.0,1.0,20.0,,0.0015015015015015015,0.03003003003003003
G2001910,Kansas,Sumner,1920,3066.0,27.0,5763.0,,0.008806262230919765,1.8796477495107633
G2001930,Kansas,Thomas,1920,822.0,9.0,6789.0,,0.010948905109489052,8.25912408759124
G2001950,Kansas,Trego,1920,911.0,3.0,1050.0,,0.003293084522502744,1.1525795828759604
G2001970,Kansas,Wabaunsee,1920,1653.0,13.0,4991.0,,0.007864488808227465,3.0193587416817906
G2001990,Kansas,Wallace,1920,341.0,1.0,280.0,,0.002932551319648094,0.8211143695014663
G2002010,Kansas,Washington,1920,2790.0,20.0,4029.0,,0.007168458781362007,1.4440860215053763
G2002030,Kansas,Wichita,1920,305.0,0.0,0.0,,0.0,0.0
G2002050,Kansas,Wilson,1920,1917.0,90.0,10772.0,,0.046948356807511735,5.619196661450182
G2002070,Kansas,Woodson,1920,1121.0,198.0,19886.0,,0.17662801070472792,17.739518287243534
G2002090,Kansas,Wyandotte,1920,1249.0,83.0,15461.0,,0.06645316253002402,12.378702962369896
G2100010,Kentucky,Adair,1920,2930.0,2030.0,75830.0,,0.6928327645051194,25.880546075085324
G2100030,Kentucky,Allen,1920,2896.0,1847.0,41611.0,,0.6377762430939227,14.368439226519337
G2100050,Kentucky,Anderson,1920,1650.0,35.0,11029.0,,0.021212121212121213,6.6842424242424245
G2100070,Kentucky,Ballard,1920,1979.0,27.0,1004.0,,0.013643254168772108,0.5073269327943406
G2100090,Kentucky,Barren,1920,4392.0,3392.0,126046.0,,0.7723132969034608,28.698998178506375
G2100110,Kentucky,Bath,1920,2005.0,458.0,20618.0,,0.228428927680798,10.283291770573566
G2100130,Kentucky,Bell,1920,1664.0,125.0,3581.0,,0.0751201923076923,2.152043269230769
G2100150,Kentucky,Boone,1920,1831.0,538.0,30080.0,,0.2938285090114691,16.428181321682143
G2100170,Kentucky,Bourbon,1920,1886.0,107.0,9034.0,,0.056733828207847295,4.790031813361612
G2100190,Kentucky,Boyd,1920,830.0,94.0,2727.0,,0.11325301204819277,3.2855421686746986
G2100210,Kentucky,Boyle,1920,1394.0,195.0,18268.0,,0.1398852223816356,13.104734576757533
G2100230,Kentucky,Bracken,1920,1812.0,98.0,3287.0,,0.05408388520971302,1.8140176600441502
G2100250,Kentucky,Breathitt,1920,2835.0,23.0,1352.0,,0.008112874779541446,0.4768959435626102
G2100270,Kentucky,Breckinridge,1920,3300.0,2388.0,103685.0,,0.7236363636363636,31.419696969696968
G2100290,Kentucky,Bullitt,1920,1259.0,507.0,30761.0,,0.40270055599682286,24.432883240667195
G2100310,Kentucky,Butler,1920,2540.0,1432.0,35518.0,,0.5637795275590551,13.983464566929134
G2100330,Kentucky,Caldwell,1920,2218.0,1220.0,32984.0,,0.5500450856627592,14.871055004508566
G2100350,Kentucky,Calloway,1920,4293.0,2520.0,45828.0,,0.5870020964360587,10.675052410901468
G2100370,Kentucky,Campbell,1920,1423.0,218.0,6720.0,,0.15319747013352072,4.72241742796908
G2100390,Kentucky,Carlisle,1920,1437.0,36.0,1351.0,,0.025052192066805846,0.9401530967292971
G2100410,Kentucky,Carroll,1920,1086.0,139.0,6228.0,,0.1279926335174954,5.734806629834254
G2100430,Kentucky,Carter,1920,2644.0,582.0,23404.0,,0.2201210287443268,8.851739788199698
G2100450,Kentucky,Casey,1920,2912.0,1438.0,40897.0,,0.49381868131868134,14.04429945054945
G2100470,Kentucky,Christian,1920,4572.0,2307.0,96023.0,,0.5045931758530183,21.002405949256342
G2100490,Kentucky,Clark,1920,1656.0,122.0,8769.0,,0.07367149758454106,5.295289855072464
G2100510,Kentucky,Clay,1920,3088.0,336.0,8045.0,,0.10880829015544041,2.6052461139896375
G2100530,Kentucky,Clinton,1920,1518.0,1018.0,38594.0,,0.6706192358366272,25.424242424242426
G2100550,Kentucky,Crittenden,1920,2041.0,739.0,17468.0,,0.36207741303282703,8.558549730524252
G2100570,Kentucky,Cumberland,1920,1747.0,394.0,10034.0,,0.22552947910704063,5.743560389238695
G2100590,Kentucky,Daviess,1920,3808.0,1413.0,50534.0,,0.3710609243697479,13.270483193277311
G2100610,Kentucky,Edmonson,1920,1974.0,1092.0,35258.0,,0.5531914893617021,17.861195542046605
G2100630,Kentucky,Elliott,1920,1537.0,161.0,4547.0,,0.10474951203643461,2.9583604424202994
G2100650,Kentucky,Estill,1920,1832.0,85.0,3194.0,,0.04639737991266375,1.7434497816593886
G2100670,Kentucky,Fayette,1920,1978.0,124.0,39466.0,,0.06268958543983821,19.95247724974722
G2100690,Kentucky,Fleming,1920,3123.0,991.0,57856.0,,0.31732308677553633,18.525776496958052
G2100710,Kentucky,Floyd,1920,3032.0,19.0,978.0,,0.006266490765171504,0.32255936675461744
G2100730,Kentucky,Franklin,1920,1880.0,45.0,1912.0,,0.023936170212765957,1.0170212765957447
G2100750,Kentucky,Fulton,1920,1205.0,97.0,13194.0,,0.08049792531120332,10.949377593360996
G2100770,Kentucky,Gallatin,1920,802.0,49.0,2963.0,,0.06109725685785536,3.6945137157107233
G2100790,Kentucky,Garrard,1920,1929.0,142.0,7080.0,,0.0736132711249352,3.6702954898911355
G2100810,Kentucky,Grant,1920,2075.0,96.0,3582.0,,0.04626506024096386,1.726265060240964
G2100830,Kentucky,Graves,1920,6082.0,1051.0,25958.0,,0.172804998355804,4.268003946070372
G2100850,Kentucky,Grayson,1920,3362.0,2158.0,166362.0,,0.6418798334324807,49.483045806067814
G2100870,Kentucky,Green,1920,2345.0,1684.0,59296.0,,0.7181236673773987,25.286140724946694
G2100890,Kentucky,Greenup,1920,2023.0,460.0,18024.0,,0.2273850716757291,8.909540286702917
G2100910,Kentucky,Hancock,1920,1272.0,727.0,14272.0,,0.5715408805031447,11.220125786163521
G2100930,Kentucky,Hardin,1920,3302.0,2022.0,101857.0,,0.6123561477892187,30.847062386432466
G2100950,Kentucky,Harlan,1920,1452.0,85.0,1891.0,,0.05853994490358127,1.3023415977961432
G2100970,Kentucky,Harrison,1920,2424.0,43.0,2671.0,,0.01773927392739274,1.101897689768977
G2100990,Kentucky,Hart,1920,3526.0,2221.0,56146.0,,0.6298922291548497,15.923425978445831
G2101010,Kentucky,Henderson,1920,2949.0,439.0,20464.0,,0.14886402170227195,6.939301458121397
G2101030,Kentucky,Henry,1920,2578.0,264.0,18779.0,,0.10240496508921644,7.2843289371605895
G2101050,Kentucky,Hickman,1920,1649.0,36.0,4496.0,,0.021831412977562158,2.7265009096422075
G2101070,Kentucky,Hopkins,1920,3473.0,696.0,16880.0,,0.20040310970342642,4.860351281312986
G2101090,Kentucky,Jackson,1920,2054.0,903.0,19190.0,,0.43962999026290167,9.342745861733203
G2101110,Kentucky,Jefferson,1920,2826.0,1603.0,265060.0,,0.5672328379334749,93.79334748761501
G2101130,Kentucky,Jessamine,1920,1534.0,45.0,4495.0,,0.029335071707953065,2.9302477183833116
G2101150,Kentucky,Johnson,1920,2185.0,34.0,1391.0,,0.015560640732265447,0.6366132723112128
G2101170,Kentucky,Kenton,1920,1334.0,176.0,10203.0,,0.13193403298350825,7.648425787106447
G2101190,Kentucky,Knott,1920,1856.0,9.0,74.0,,0.004849137931034483,0.03987068965517242
G2101210,Kentucky,Knox,1920,2877.0,445.0,10911.0,,0.15467500868960724,3.792492179353493
G2101230,Kentucky,Larue,1920,1569.0,1112.0,56315.0,,0.7087316762268961,35.892288081580624
G2101250,Kentucky,Laurel,1920,2937.0,1790.0,49562.0,,0.6094654409261151,16.87504256043582
G2101270,Kentucky,Lawrence,1920,2616.0,66.0,1409.0,,0.02522935779816514,0.5386085626911316
G2101290,Kentucky,Lee,1920,1084.0,111.0,3882.0,,0.10239852398523985,3.581180811808118
G2101310,Kentucky,Leslie,1920,1695.0,19.0,435.0,,0.011209439528023599,0.25663716814159293
G2101330,Kentucky,Letcher,1920,1601.0,85.0,2188.0,,0.05309181761399125,1.3666458463460338
G2101350,Kentucky,Lewis,1920,2777.0,1363.0,44162.0,,0.49081742888008645,15.902772776377386
G2101370,Kentucky,Lincoln,1920,2323.0,1032.0,48288.0,,0.44425312096427033,20.78691347395609
G2101390,Kentucky,Livingston,1920,1644.0,248.0,9231.0,,0.15085158150851583,5.614963503649635
G2101410,Kentucky,Logan,1920,3819.0,2692.0,95628.0,,0.7048965697826656,25.040062843676356
G2101430,Kentucky,Lyon,1920,1531.0,637.0,19686.0,,0.4160679294578707,12.858262573481385
G2101450,Kentucky,McCracken,1920,2128.0,234.0,9342.0,,0.1099624060150376,4.390037593984962
G2101470,Kentucky,McCreary,1920,1161.0,717.0,7654.0,,0.6175710594315246,6.592592592592593
G2101490,Kentucky,McLean,1920,1922.0,748.0,22854.0,,0.3891779396462019,11.890738813735693
G2101510,Kentucky,Madison,1920,3558.0,638.0,43719.0,,0.17931422147273748,12.28752107925801
G2101530,Kentucky,Magoffin,1920,2231.0,14.0,487.0,,0.0062752129090094125,0.21828776333482744
G2101550,Kentucky,Marion,1920,1970.0,443.0,22254.0,,0.2248730964467005,11.296446700507614
G2101570,Kentucky,Marshall,1920,3353.0,1729.0,44023.0,,0.5156576200417536,13.129436325678498
G2101590,Kentucky,Martin,1920,1087.0,13.0,205.0,,0.011959521619135235,0.18859245630174792
G2101610,Kentucky,Mason,1920,2191.0,231.0,20455.0,,0.10543130990415335,9.33591967138293
G2101630,Kentucky,Meade,1920,1524.0,855.0,39145.0,,0.5610236220472441,25.685695538057743
G2101650,Kentucky,Menifee,1920,1055.0,142.0,2908.0,,0.13459715639810427,2.756398104265403
G2101670,Kentucky,Mercer,1920,2065.0,37.0,6239.0,,0.01791767554479419,3.021307506053269
G2101690,Kentucky,Metcalfe,1920,2011.0,1339.0,42186.0,,0.6658378915962208,20.977623073097963
G2101710,Kentucky,Monroe,1920,2458.0,1486.0,36595.0,,0.6045565500406835,14.888120423108218
G2101730,Kentucky,Montgomery,1920,1475.0,477.0,31575.0,,0.3233898305084746,21.406779661016948
G2101750,Kentucky,Morgan,1920,2889.0,162.0,3473.0,,0.056074766355140186,1.2021460713049499
G2101770,Kentucky,Muhlenberg,1920,2836.0,1654.0,52574.0,,0.5832157968970381,18.53808180535966
G2101790,Kentucky,Nelson,1920,1869.0,398.0,35158.0,,0.21294810058855002,18.811128945960405
G2101810,Kentucky,Nicholas,1920,1904.0,68.0,6839.0,,0.03571428571428571,3.5919117647058822
G2101830,Kentucky,Ohio,1920,4112.0,2400.0,64237.0,,0.5836575875486382,15.621838521400779
G2101850,Kentucky,Oldham,1920,1086.0,661.0,82334.0,,0.6086556169429097,75.81399631675875
G2101870,Kentucky,Owen,1920,2733.0,42.0,1607.0,,0.015367727771679473,0.5879985364068789
G2101890,Kentucky,Owsley,1920,1331.0,213.0,4092.0,,0.16003005259203607,3.074380165289256
G2101910,Kentucky,Pendleton,1920,2331.0,115.0,4494.0,,0.049335049335049334,1.927927927927928
G2101930,Kentucky,Perry,1920,1322.0,11.0,260.0,,0.00832072617246596,0.19667170953101362
G2101950,Kentucky,Pike,1920,4471.0,51.0,1037.0,,0.011406844106463879,0.23193916349809887
G2101970,Kentucky,Powell,1920,844.0,14.0,198.0,,0.016587677725118485,0.23459715639810427
G2101990,Kentucky,Pulaski,1920,5015.0,3414.0,107928.0,,0.6807577268195414,21.521036889332002
G2102010,Kentucky,Robertson,1920,992.0,8.0,1620.0,,0.008064516129032258,1.6330645161290323
G2102030,Kentucky,Rockcastle,1920,2302.0,1215.0,35730.0,,0.5278019113814074,15.52128583840139
G2102050,Kentucky,Rowan,1920,1303.0,349.0,14185.0,,0.26784343821949347,10.886415963161934
G2102070,Kentucky,Russell,1920,2152.0,1520.0,55275.0,,0.7063197026022305,25.685408921933085
G2102090,Kentucky,Scott,1920,2186.0,37.0,7274.0,,0.016925892040256175,3.3275388838060382
G2102110,Kentucky,Shelby,1920,2709.0,585.0,34684.0,,0.2159468438538206,12.803248431155408
G2102130,Kentucky,Simpson,1920,1698.0,1160.0,68900.0,,0.6831566548881036,40.57714958775029
G2102150,Kentucky,Spencer,1920,1518.0,60.0,4951.0,,0.039525691699604744,3.2615283267457182
G2102170,Kentucky,Taylor,1920,2152.0,1603.0,67640.0,,0.7448884758364313,31.431226765799256
G2102190,Kentucky,Todd,1920,2569.0,1403.0,58045.0,,0.5461268976255352,22.594394706111327
G2102210,Kentucky,Trigg,1920,2628.0,942.0,29325.0,,0.3584474885844749,11.158675799086758
G2102230,Kentucky,Trimble,1920,1388.0,533.0,32026.0,,0.3840057636887608,23.07348703170029
G2102250,Kentucky,Union,1920,1809.0,97.0,14880.0,,0.053620784964068545,8.225538971807628
G2102270,Kentucky,Warren,1920,3958.0,2182.0,124833.0,,0.551288529560384,31.53941384537645
G2102290,Kentucky,Washington,1920,2499.0,76.0,4702.0,,0.03041216486594638,1.8815526210484195
G2102310,Kentucky,Wayne,1920,2448.0,1237.0,63971.0,,0.5053104575163399,26.131944444444443
G2102330,Kentucky,Webster,1920,2407.0,1357.0,37702.0,,0.5637723307021189,15.66348151225592
G2102350,Kentucky,Whitley,1920,2614.0,985.0,20292.0,,0.37681713848508036,7.762815608263198
G2102370,Kentucky,Wolfe,1920,1299.0,70.0,1967.0,,0.05388760585065435,1.5142417244033872
G2102390,Kentucky,Woodford,1920,1351.0,27.0,5029.0,,0.01998519615099926,3.7224278312361214
G2200010,Louisiana,Acadia,1920,3088.0,1449.0,190409.0,,0.4692357512953368,61.66094559585492
G2200030,Louisiana,Allen,1920,753.0,544.0,51081.0,,0.7224435590969456,67.83665338645419
G2200050,Louisiana,Ascension,1920,1630.0,190.0,26709.0,,0.1165644171779141,16.38588957055215
G2200070,Louisiana,Assumption,1920,438.0,82.0,68813.0,,0.1872146118721461,157.10730593607306
G2200090,Louisiana,Avoyelles,1920,5628.0,327.0,17060.0,,0.05810234541577825,3.031272210376688
G2200110,Louisiana,Beauregard,1920,883.0,499.0,40083.0,,0.565118912797282,45.394110985277464
G2200130,Louisiana,Bienville,1920,2987.0,1570.0,114120.0,,0.5256109809173083,38.20555741546703
G2200150,Louisiana,Bossier,1920,4227.0,576.0,33735.0,,0.13626685592618878,7.98083747338538
G2200170,Louisiana,Caddo,1920,4902.0,355.0,24869.0,,0.07241942064463484,5.073235414116687
G2200190,Louisiana,Calcasieu,1920,922.0,572.0,90817.0,,0.6203904555314533,98.5
G2200210,Louisiana,Caldwell,1920,1114.0,447.0,21945.0,,0.4012567324955117,19.699281867145423
G2200230,Louisiana,Cameron,1920,620.0,148.0,14527.0,,0.23870967741935484,23.43064516129032
G2200250,Louisiana,Catahoula,1920,1827.0,11.0,676.0,,0.0060207991242474,0.3700054734537493
G2200270,Louisiana,Claiborne,1920,4024.0,2185.0,95586.0,,0.5429920477137177,23.753976143141152
G2200290,Louisiana,Concordia,1920,2028.0,13.0,875.0,,0.00641025641025641,0.4314595660749507
G2200310,Louisiana,De Soto,1920,4502.0,1144.0,65124.0,,0.25410928476232786,14.465570857396713
G2200330,Louisiana,East Baton Rouge,1920,2427.0,644.0,31191.0,,0.265348166460651,12.851668726823238
G2200350,Louisiana,East Carroll,1920,2286.0,0.0,0.0,,0.0,0.0
G2200370,Louisiana,East Feliciana,1920,2405.0,2056.0,122700.0,,0.8548856548856549,51.018711018711016
G2200390,Louisiana,Evangeline,1920,3550.0,2271.0,92600.0,,0.6397183098591549,26.08450704225352
G2200410,Louisiana,Franklin,1920,4592.0,22.0,4219.0,,0.004790940766550522,0.9187717770034843
G2200430,Louisiana,Grant,1920,1649.0,449.0,28546.0,,0.27228623408126135,17.31109763493026
G2200450,Louisiana,Iberia,1920,1481.0,150.0,46476.0,,0.1012829169480081,31.38149898717083
G2200470,Louisiana,Iberville,1920,669.0,222.0,154717.0,,0.33183856502242154,231.2660687593423
G2200490,Louisiana,Jackson,1920,2010.0,850.0,42577.0,,0.4228855721393035,21.182587064676618
G2200510,Louisiana,Jefferson,1920,334.0,37.0,6006.0,,0.11077844311377245,17.982035928143713
G2200530,Louisiana,Jefferson Davis,1920,1163.0,873.0,160288.0,,0.7506448839208942,137.82287188306105
G2200550,Louisiana,Lafayette,1920,3048.0,598.0,86094.0,,0.19619422572178477,28.246062992125985
G2200570,Louisiana,Lafourche,1920,1190.0,220.0,142965.0,,0.18487394957983194,120.13865546218487
G2200590,Louisiana,La Salle,1920,742.0,314.0,14056.0,,0.42318059299191374,18.943396226415093
G2200610,Louisiana,Lincoln,1920,2247.0,1198.0,75961.0,,0.5331553182020472,33.805518469069874
G2200630,Louisiana,Livingston,1920,1311.0,878.0,46601.0,,0.669717772692601,35.54614797864226
G2200650,Louisiana,Madison,1920,2071.0,11.0,3114.0,,0.005311443746982134,1.5036214389183968
G2200670,Louisiana,Morehouse,1920,3239.0,153.0,8695.0,,0.04723680148193887,2.684470515591232
G2200690,Louisiana,Natchitoches,1920,5408.0,281.0,12040.0,,0.051960059171597635,2.2263313609467454
G2200710,Louisiana,Orleans,1920,246.0,62.0,5281.0,,0.25203252032520324,21.46747967479675
G2200730,Louisiana,Ouachita,1920,2666.0,543.0,38695.0,,0.20367591897974494,14.514253563390847
G2200750,Louisiana,Plaquemines,1920,571.0,175.0,53640.0,,0.3064798598949212,93.94045534150612
G2200770,Louisiana,Pointe Coupee,1920,3303.0,175.0,28566.0,,0.052982137450802304,8.64850136239782
G2200790,Louisiana,Rapides,1920,3368.0,885.0,50551.0,,0.26276722090261284,15.009204275534442
G2200810,Louisiana,Red River,1920,2410.0,382.0,18323.0,,0.15850622406639003,7.602904564315352
G2200830,Louisiana,Richland,1920,3383.0,6.0,392.0,,0.0017735737511084836,0.11587348507242093
G2200850,Louisiana,Sabine,1920,2650.0,715.0,135822.0,,0.269811320754717,51.253584905660375
G2200870,Louisiana,St Bernard,1920,121.0,59.0,11768.0,,0.48760330578512395,97.25619834710744
G2200890,Louisiana,St Charles,1920,258.0,23.0,17747.0,,0.08914728682170543,68.78682170542636
G2200910,Louisiana,St Helena,1920,1452.0,1263.0,63066.0,,0.8698347107438017,43.43388429752066
G2200930,Louisiana,St James,1920,289.0,101.0,69013.0,,0.3494809688581315,238.7993079584775
G2200950,Louisiana,St John The Baptist,1920,227.0,90.0,81552.0,,0.3964757709251101,359.2599118942731
G2200970,Louisiana,St Landry,1920,6575.0,493.0,39971.0,,0.0749809885931559,6.079239543726236
G2200990,Louisiana,St Martin,1920,2006.0,277.0,14867.0,,0.13808574277168495,7.411266201395812
G2201010,Louisiana,St Mary,1920,410.0,95.0,121957.0,,0.23170731707317074,297.4560975609756
G2201030,Louisiana,St Tammany,1920,672.0,602.0,40962.0,,0.8958333333333334,60.955357142857146
G2201050,Louisiana,Tangipahoa,1920,2735.0,2307.0,188192.0,,0.843510054844607,68.80877513711151
G2201070,Louisiana,Tensas,1920,2089.0,5.0,4675.0,,0.0023934897079942556,2.237912876974629
G2201090,Louisiana,Terrebonne,1920,855.0,194.0,288943.0,,0.22690058479532163,337.9450292397661
G2201110,Louisiana,Union,1920,3426.0,1873.0,119412.0,,0.5467016929363689,34.85464098073555
G2201130,Louisiana,Vermilion,1920,2958.0,884.0,86523.0,,0.2988505747126437,29.25050709939148
G2201150,Louisiana,Vernon,1920,1277.0,734.0,44703.0,,0.5747846515270164,35.00626468285043
G2201170,Louisiana,Washington,1920,2165.0,1912.0,179672.0,,0.8831408775981524,82.98937644341801
G2201190,Louisiana,Webster,1920,2672.0,1223.0,85215.0,,0.45770958083832336,31.89184131736527
G2201210,Louisiana,West Baton Rouge,1920,402.0,26.0,48461.0,,0.06467661691542288,120.54975124378109
G2201230,Louisiana,West Carroll,1920,1476.0,1.0,250.0,,0.0006775067750677507,0.16937669376693767
G2201250,Louisiana,West Feliciana,1920,1767.0,310.0,18712.0,,0.17543859649122806,10.589700056593095
G2201270,Louisiana,Winn,1920,1639.0,898.0,48263.0,,0.5478950579621721,29.446613788895668
G2300010,Maine,Androscoggin,1920,2235.0,1042.0,71655.0,,0.46621923937360177,32.060402684563755
G2300030,Maine,Aroostook,1920,6741.0,5326.0,6122353.0,,0.7900904910250705,908.2262275626762
G2300050,Maine,Cumberland,1920,3740.0,1860.0,120272.0,,0.49732620320855614,32.158288770053474
G2300070,Maine,Franklin,1920,1849.0,1050.0,100621.0,,0.5678745267712277,54.41914548404543
G2300090,Maine,Hancock,1920,2442.0,581.0,38782.0,,0.23791973791973792,15.881244881244882
G2300110,Maine,Kennebec,1920,4442.0,1941.0,159357.0,,0.4369653309320126,35.875056280954524
G2300130,Maine,Knox,1920,1427.0,531.0,36823.0,,0.3721093202522775,25.80448493342677
G2300150,Maine,Lincoln,1920,2024.0,574.0,21962.0,,0.283596837944664,10.850790513833992
G2300170,Maine,Oxford,1920,3078.0,1648.0,89442.0,,0.5354126055880442,29.058479532163744
G2300190,Maine,Penobscot,1920,5188.0,2270.0,431903.0,,0.43754818812644564,83.25038550501156
G2300210,Maine,Piscataquis,1920,1424.0,660.0,107093.0,,0.46348314606741575,75.2057584269663
G2300230,Maine,Sagadahoc,1920,852.0,243.0,27682.0,,0.2852112676056338,32.490610328638496
G2300250,Maine,Somerset,1920,3646.0,1652.0,179792.0,,0.45309928688974216,49.31212287438289
G2300270,Maine,Waldo,1920,3234.0,1090.0,129500.0,,0.3370439084724799,40.04329004329004
G2300290,Maine,Washington,1920,2561.0,744.0,61393.0,,0.2905115189379149,23.972276454509956
G2300310,Maine,York,1920,3344.0,1429.0,60437.0,,0.42733253588516745,18.073265550239235
G2400010,Maryland,Allegany,1920,999.0,544.0,71739.0,,0.5445445445445446,71.8108108108108
G2400030,Maryland,Anne Arundel,1920,1965.0,1377.0,413888.0,,0.7007633587786259,210.63002544529263
G2400050,Maryland,Baltimore,1920,3587.0,3104.0,722155.0,,0.8653470867019794,201.32562029551156
G2400090,Maryland,Calvert,1920,1130.0,831.0,69478.0,,0.7353982300884956,61.484955752212386
G2400110,Maryland,Caroline,1920,2071.0,1656.0,276931.0,,0.7996137131820377,133.71849348140995
G2400130,Maryland,Carroll,1920,3518.0,3268.0,456247.0,,0.9289368959636157,129.68931210915292
G2400150,Maryland,Cecil,1920,1740.0,1427.0,298129.0,,0.8201149425287356,171.33850574712645
G2400170,Maryland,Charles,1920,1985.0,1409.0,134904.0,,0.7098236775818639,67.96171284634761
G2400190,Maryland,Dorchester,1920,2019.0,1776.0,356636.0,,0.8796433878157504,176.63992075284796
G2400210,Maryland,Frederick,1920,3817.0,3240.0,417504.0,,0.8488341629552004,109.38014147236049
G2400230,Maryland,Garrett,1920,1810.0,1298.0,95104.0,,0.7171270718232045,52.54364640883978
G2400250,Maryland,Harford,1920,2399.0,2152.0,506508.0,,0.8970404335139641,211.13297207169654
G2400270,Maryland,Howard,1920,1297.0,1103.0,263342.0,,0.8504240555127217,203.03932151117965
G2400290,Maryland,Kent,1920,1032.0,881.0,293511.0,,0.8536821705426356,284.4098837209302
G2400310,Maryland,Montgomery,1920,2145.0,1827.0,462572.0,,0.8517482517482518,215.65128205128204
G2400330,Maryland,Prince Georges,1920,2457.0,1576.0,211871.0,,0.6414326414326414,86.23158323158323
G2400350,Maryland,Queen Anne's,1920,1409.0,1242.0,292660.0,,0.8814762242725337,207.70759403832506
G2400370,Maryland,St Mary's,1920,1790.0,1539.0,179227.0,,0.8597765363128491,100.1268156424581
G2400390,Maryland,Somerset,1920,1820.0,1493.0,345213.0,,0.8203296703296703,189.67747252747253
G2400410,Maryland,Talbot,1920,1205.0,1049.0,248293.0,,0.870539419087137,206.05228215767636
G2400430,Maryland,Washington,1920,2544.0,2078.0,289104.0,,0.8168238993710691,113.64150943396227
G2400450,Maryland,Wicomico,1920,2504.0,2124.0,515849.0,,0.8482428115015974,206.0099840255591
G2400470,Maryland,Worcester,1920,2334.0,2073.0,650387.0,,0.8881748071979434,278.6576692373608
G2405100,Maryland,Baltimore City,1920,331.0,203.0,39226.0,,0.6132930513595166,118.50755287009063
G2500010,Massachusetts,Barnstable,1920,675.0,368.0,40364.0,,0.5451851851851852,59.79851851851852
G2500030,Massachusetts,Berkshire,1920,2359.0,1019.0,99504.0,,0.43196269605765153,42.180584993641375
G2500050,Massachusetts,Bristol,1920,3770.0,2038.0,328481.0,,0.5405835543766578,87.13023872679045
G2500070,Massachusetts,Dukes,1920,152.0,87.0,11114.0,,0.5723684210526315,73.11842105263158
G2500090,Massachusetts,Essex,1920,2966.0,1453.0,231536.0,,0.48988536749831424,78.0633850303439
G2500110,Massachusetts,Franklin,1920,2784.0,1653.0,608481.0,,0.59375,218.5635775862069
G2500130,Massachusetts,Hampden,1920,2068.0,1215.0,540478.0,,0.5875241779497099,261.35299806576404
G2500150,Massachusetts,Hampshire,1920,2979.0,1915.0,916291.0,,0.6428331654917757,307.58341725411213
G2500170,Massachusetts,Middlesex,1920,4446.0,2310.0,530397.0,,0.5195681511470985,119.29757085020243
G2500190,Massachusetts,Nantucket,1920,24.0,17.0,1439.0,,0.7083333333333334,59.958333333333336
G2500210,Massachusetts,Norfolk,1920,1404.0,704.0,132075.0,,0.5014245014245015,94.07051282051282
G2500230,Massachusetts,Plymouth,1920,2171.0,1157.0,143741.0,,0.5329341317365269,66.20958083832335
G2500250,Massachusetts,Suffolk,1920,71.0,51.0,28645.0,,0.7183098591549296,403.4507042253521
G2500270,Massachusetts,Worcester,1920,6132.0,3005.0,294187.0,,0.4900521852576647,47.97570123939987
G2600010,Michigan,Alcona,1920,932.0,12.0,743.0,,0.012875536480686695,0.7972103004291845
G2600030,Michigan,Alger,1920,386.0,10.0,253.0,,0.025906735751295335,0.655440414507772
G2600050,Michigan,Allegan,1920,5734.0,2132.0,131530.0,,0.37181723055458665,22.938611789326824
G2600070,Michigan,Alpena,1920,1275.0,70.0,2395.0,,0.054901960784313725,1.8784313725490196
G2600090,Michigan,Antrim,1920,1481.0,120.0,4967.0,,0.08102633355840648,3.3538149898717085
G2600110,Michigan,Arenac,1920,1392.0,71.0,4363.0,,0.05100574712643678,3.13433908045977
G2600130,Michigan,Baraga,1920,653.0,23.0,1099.0,,0.03522205206738132,1.6830015313935682
G2600150,Michigan,Barry,1920,3313.0,649.0,75050.0,,0.19589495925143374,22.653184424992453
G2600170,Michigan,Bay,1920,3216.0,863.0,78462.0,,0.2683457711442786,24.39738805970149
G2600190,Michigan,Benzie,1920,972.0,75.0,5269.0,,0.07716049382716049,5.420781893004115
G2600210,Michigan,Berrien,1920,5443.0,2296.0,225884.0,,0.4218261987874334,41.49990813889399
G2600230,Michigan,Branch,1920,3222.0,817.0,54705.0,,0.2535692116697703,16.978584729981378
G2600250,Michigan,Calhoun,1920,3646.0,477.0,36714.0,,0.1308283049917718,10.069665386725179
G2600270,Michigan,Cass,1920,2572.0,375.0,58106.0,,0.145800933125972,22.591757387247277
G2600290,Michigan,Charlevoix,1920,1306.0,206.0,10718.0,,0.15773353751914243,8.206738131699847
G2600310,Michigan,Cheboygan,1920,1186.0,58.0,3133.0,,0.048903878583473864,2.6416526138279934
G2600330,Michigan,Chippewa,1920,1569.0,20.0,1698.0,,0.012746972594008922,1.0822179732313575
G2600350,Michigan,Clare,1920,1248.0,38.0,2075.0,,0.030448717948717948,1.6626602564102564
G2600370,Michigan,Clinton,1920,3323.0,1764.0,94427.0,,0.5308456214264219,28.416190189587724
G2600390,Michigan,Crawford,1920,212.0,11.0,712.0,,0.05188679245283019,3.358490566037736
G2600410,Michigan,Delta,1920,1395.0,92.0,6708.0,,0.06594982078853047,4.808602150537634
G2600430,Michigan,Dickinson,1920,429.0,16.0,684.0,,0.037296037296037296,1.5944055944055944
G2600450,Michigan,Eaton,1920,3719.0,2182.0,128732.0,,0.5867168593707986,34.61468136595859
G2600470,Michigan,Emmet,1920,1298.0,147.0,7138.0,,0.11325115562403698,5.499229583975347
G2600490,Michigan,Genesee,1920,3639.0,2518.0,194678.0,,0.6919483374553449,53.49766419345974
G2600510,Michigan,Gladwin,1920,1452.0,74.0,8173.0,,0.05096418732782369,5.628787878787879
G2600530,Michigan,Gogebic,1920,528.0,18.0,2814.0,,0.03409090909090909,5.329545454545454
G2600550,Michigan,Grand Traverse,1920,1725.0,183.0,10033.0,,0.10608695652173913,5.816231884057971
G2600570,Michigan,Gratiot,1920,3859.0,1960.0,118091.0,,0.5079036019694221,30.601451153148485
G2600590,Michigan,Hillsdale,1920,4025.0,1872.0,99583.0,,0.4650931677018634,24.741118012422362
G2600610,Michigan,Houghton,1920,1741.0,92.0,10937.0,,0.05284319356691557,6.282021826536473
G2600630,Michigan,Huron,1920,4604.0,2194.0,131566.0,,0.47654213727193745,28.57645525629887
G2600650,Michigan,Ingham,1920,3224.0,1381.0,60962.0,,0.4283498759305211,18.908808933002483
G2600670,Michigan,Ionia,1920,3223.0,1290.0,100812.0,,0.40024821594787463,31.27893267142414
G2600690,Michigan,Iosco,1920,929.0,71.0,6025.0,,0.07642626480086114,6.485468245425189
G2600710,Michigan,Iron,1920,621.0,27.0,1879.0,,0.043478260869565216,3.025764895330113
G2600730,Michigan,Isabella,1920,3333.0,641.0,35770.0,,0.1923192319231923,10.732073207320733
G2600750,Michigan,Jackson,1920,3544.0,401.0,34248.0,,0.1131489841986456,9.663656884875847
G2600770,Michigan,Kalamazoo,1920,3161.0,737.0,78007.0,,0.23315406516925025,24.67795001581778
G2600790,Michigan,Kalkaska,1920,796.0,37.0,2638.0,,0.04648241206030151,3.314070351758794
G2600810,Michigan,Kent,1920,5605.0,1270.0,160799.0,,0.22658340767172166,28.68849241748439
G2600830,Michigan,Keweenaw,1920,72.0,9.0,226.0,,0.125,3.138888888888889
G2600850,Michigan,Lake,1920,703.0,24.0,2962.0,,0.034139402560455195,4.213371266002845
G2600870,Michigan,Lapeer,1920,3614.0,1878.0,155858.0,,0.5196458218040951,43.12617598229109
G2600890,Michigan,Leelanau,1920,1347.0,377.0,21895.0,,0.2798812175204157,16.25463994060876
G2600910,Michigan,Lenawee,1920,5080.0,3017.0,204829.0,,0.5938976377952756,40.32066929133858
G2600930,Michigan,Livingston,1920,2632.0,382.0,30524.0,,0.14513677811550152,11.597264437689969
G2600950,Michigan,Luce,1920,194.0,5.0,560.0,,0.02577319587628866,2.88659793814433
G2600970,Michigan,Mackinac,1920,479.0,6.0,692.0,,0.012526096033402923,1.4446764091858038
G2600990,Michigan,Macomb,1920,3570.0,2672.0,330618.0,,0.7484593837535014,92.61008403361345
G2601010,Michigan,Manistee,1920,1499.0,57.0,4364.0,,0.03802535023348899,2.911274182788526
G2601030,Michigan,Marquette,1920,846.0,57.0,3519.0,,0.0673758865248227,4.159574468085107
G2601050,Michigan,Mason,1920,2011.0,99.0,6446.0,,0.04922923918448533,3.2053704624564894
G2601070,Michigan,Mecosta,1920,2676.0,110.0,4538.0,,0.04110612855007474,1.695814648729447
G2601090,Michigan,Menominee,1920,2106.0,410.0,15513.0,,0.19468186134852802,7.366096866096866
G2601110,Michigan,Midland,1920,2163.0,330.0,14709.0,,0.15256588072122051,6.800277392510402
G2601130,Michigan,Missaukee,1920,1359.0,81.0,4836.0,,0.059602649006622516,3.5584988962472406
G2601150,Michigan,Monroe,1920,4108.0,3161.0,233449.0,,0.7694741966893865,56.82789678675755
G2601170,Michigan,Montcalm,1920,4493.0,531.0,18996.0,,0.11818384153127087,4.227910082350323
G2601190,Michigan,Montmorency,1920,421.0,15.0,1032.0,,0.035629453681710214,2.451306413301663
G2601210,Michigan,Muskegon,1920,2036.0,534.0,33981.0,,0.26227897838899805,16.69007858546169
G2601230,Michigan,Newaygo,1920,2836.0,423.0,20784.0,,0.14915373765867418,7.328631875881523
G2601250,Michigan,Oakland,1920,4035.0,1940.0,131118.0,,0.48079306071871125,32.495167286245355
G2601270,Michigan,Oceana,1920,2357.0,334.0,23381.0,,0.14170555791260075,9.919813322019516
G2601290,Michigan,Ogemaw,1920,1281.0,24.0,1904.0,,0.01873536299765808,1.4863387978142077
G2601310,Michigan,Ontonagon,1920,917.0,15.0,946.0,,0.016357688113413305,1.0316248636859324
G2601330,Michigan,Osceola,1920,2310.0,152.0,5314.0,,0.0658008658008658,2.3004329004329005
G2601350,Michigan,Oscoda,1920,278.0,5.0,500.0,,0.017985611510791366,1.7985611510791366
G2601370,Michigan,Otsego,1920,573.0,9.0,350.0,,0.015706806282722512,0.6108202443280978
G2601390,Michigan,Ottawa,1920,4296.0,2551.0,179352.0,,0.5938081936685289,41.74860335195531
G2601410,Michigan,Presque Isle,1920,1056.0,131.0,9124.0,,0.1240530303030303,8.640151515151516
G2601430,Michigan,Roscommon,1920,267.0,3.0,140.0,,0.011235955056179775,0.5243445692883895
G2601450,Michigan,Saginaw,1920,5143.0,2109.0,167325.0,,0.41007194244604317,32.534512930196385
G2601470,Michigan,St Clair,1920,4159.0,2987.0,182151.0,,0.718201490742967,43.79682616013465
G2601490,Michigan,St Joseph,1920,2436.0,478.0,44699.0,,0.1962233169129721,18.349343185550083
G2601510,Michigan,Sanilac,1920,5112.0,2987.0,156185.0,,0.5843114241001565,30.552621283255085
G2601530,Michigan,Schoolcraft,1920,381.0,71.0,5046.0,,0.18635170603674542,13.244094488188976
G2601550,Michigan,Shiawassee,1920,3359.0,1758.0,112370.0,,0.5233700506103007,33.45340875260494
G2601570,Michigan,Tuscola,1920,4658.0,2945.0,182638.0,,0.6322455989695148,39.20953198797767
G2601590,Michigan,Van Buren,1920,4662.0,1049.0,98113.0,,0.225010725010725,21.045259545259544
G2601610,Michigan,Washtenaw,1920,3550.0,2050.0,244841.0,,0.5774647887323944,68.96929577464789
G2601630,Michigan,Wayne,1920,3858.0,2625.0,222316.0,,0.6804043545878694,57.62467599792639
G2601650,Michigan,Wexford,1920,1583.0,91.0,1819.0,,0.0574857864813645,1.1490840176879342
G2700010,Minnesota,Aitkin,1920,1945.0,9.0,304.0,,0.004627249357326478,0.1562982005141388
G2700030,Minnesota,Anoka,1920,1589.0,27.0,2873.0,,0.016991818753933293,1.8080553807426054
G2700050,Minnesota,Becker,1920,2631.0,12.0,1028.0,,0.004561003420752566,0.39072595971113644
G2700070,Minnesota,Beltrami,1920,3065.0,22.0,1661.0,,0.007177814029363785,0.5419249592169657
G2700090,Minnesota,Benton,1920,1561.0,5.0,855.0,,0.0032030749519538757,0.5477258167841127
G2700110,Minnesota,Big Stone,1920,1026.0,28.0,9731.0,,0.02729044834307992,9.484405458089668
G2700130,Minnesota,Blue Earth,1920,2954.0,23.0,2105.0,,0.007786052809749492,0.7125930941096817
G2700150,Minnesota,Brown,1920,1976.0,17.0,3412.0,,0.00860323886639676,1.7267206477732793
G2700170,Minnesota,Carlton,1920,1917.0,11.0,943.0,,0.005738132498695879,0.4919144496609285
G2700190,Minnesota,Carver,1920,2009.0,41.0,10212.0,,0.02040816326530612,5.083125933300149
G2700210,Minnesota,Cass,1920,1579.0,3.0,178.0,,0.0018999366687777073,0.11272957568081064
G2700230,Minnesota,Chippewa,1920,1624.0,29.0,6764.0,,0.017857142857142856,4.165024630541872
G2700250,Minnesota,Chisago,1920,2236.0,10.0,3396.0,,0.004472271914132379,1.518783542039356
G2700270,Minnesota,Clay,1920,1948.0,31.0,12988.0,,0.01591375770020534,6.66735112936345
G2700290,Minnesota,Clearwater,1920,1253.0,12.0,2396.0,,0.009577015163607342,1.9122106943335995
G2700310,Minnesota,Cook,1920,141.0,1.0,39.0,,0.0070921985815602835,0.2765957446808511
G2700330,Minnesota,Cottonwood,1920,1801.0,8.0,1987.0,,0.004441976679622432,1.1032759578012215
G2700350,Minnesota,Crow Wing,1920,1281.0,9.0,976.0,,0.00702576112412178,0.7619047619047619
G2700370,Minnesota,Dakota,1920,2373.0,152.0,16701.0,,0.06405394016013485,7.037926675094817
G2700390,Minnesota,Dodge,1920,1636.0,39.0,1815.0,,0.023838630806845965,1.1094132029339854
G2700410,Minnesota,Douglas,1920,2505.0,8.0,664.0,,0.0031936127744510976,0.2650698602794411
G2700430,Minnesota,Faribault,1920,2358.0,138.0,11792.0,,0.058524173027989825,5.000848176420695
G2700450,Minnesota,Fillmore,1920,3177.0,13.0,1904.0,,0.004091910607491344,0.5993075228202707
G2700470,Minnesota,Freeborn,1920,2574.0,47.0,8304.0,,0.01825951825951826,3.226107226107226
G2700490,Minnesota,Goodhue,1920,3128.0,70.0,6707.0,,0.02237851662404092,2.1441815856777495
G2700510,Minnesota,Grant,1920,1317.0,7.0,831.0,,0.005315110098709187,0.6309794988610479
G2700530,Minnesota,Hennepin,1920,3954.0,385.0,50027.0,,0.0973697521497218,12.652250885179566
G2700550,Minnesota,Houston,1920,1978.0,17.0,2289.0,,0.008594539939332659,1.1572295247724975
G2700570,Minnesota,Hubbard,1920,1252.0,10.0,352.0,,0.007987220447284345,0.28115015974440893
G2700590,Minnesota,Isanti,1920,2212.0,16.0,2797.0,,0.007233273056057866,1.2644665461121158
G2700610,Minnesota,Itasca,1920,1436.0,24.0,707.0,,0.016713091922005572,0.4923398328690808
G2700630,Minnesota,Jackson,1920,2218.0,74.0,6458.0,,0.033363390441839495,2.9116321009918846
G2700650,Minnesota,Kanabec,1920,1568.0,4.0,573.0,,0.002551020408163265,0.36543367346938777
G2700670,Minnesota,Kandiyohi,1920,2432.0,239.0,19569.0,,0.09827302631578948,8.046463815789474
G2700690,Minnesota,Kittson,1920,1409.0,4.0,971.0,,0.0028388928317956,0.6891412349183819
G2700710,Minnesota,Koochiching,1920,944.0,5.0,292.0,,0.005296610169491525,0.3093220338983051
G2700730,Minnesota,Lac Qui Parle,1920,2008.0,18.0,695.0,,0.008964143426294821,0.3461155378486056
G2700750,Minnesota,Lake,1920,208.0,4.0,91.0,,0.019230769230769232,0.4375
G2700790,Minnesota,Le Sueur,1920,2269.0,120.0,8141.0,,0.052886734244160426,3.587924195680917
G2700810,Minnesota,Lincoln,1920,1468.0,3.0,1055.0,,0.0020435967302452314,0.7186648501362398
G2700830,Minnesota,Lyon,1920,1816.0,16.0,3436.0,,0.00881057268722467,1.8920704845814977
G2700850,Minnesota,McLeod,1920,2447.0,12.0,1822.0,,0.004903964037597058,0.7445852063751532
G2700870,Minnesota,Mahnomen,1920,590.0,21.0,2569.0,,0.03559322033898305,4.354237288135593
G2700890,Minnesota,Marshall,1920,2697.0,47.0,3213.0,,0.017426770485724878,1.1913236929922135
G2700910,Minnesota,Martin,1920,2435.0,22.0,8622.0,,0.009034907597535934,3.5408624229979466
G2700930,Minnesota,Meeker,1920,2460.0,23.0,10204.0,,0.00934959349593496,4.147967479674797
G2700950,Minnesota,Mille Lacs,1920,1898.0,12.0,353.0,,0.006322444678609062,0.18598524762908325
G2700970,Minnesota,Morrison,1920,3095.0,11.0,1750.0,,0.003554119547657512,0.5654281098546042
G2700990,Minnesota,Mower,1920,2364.0,100.0,8459.0,,0.04230118443316413,3.5782571912013537
G2701010,Minnesota,Murray,1920,1876.0,13.0,2877.0,,0.006929637526652452,1.5335820895522387
G2701030,Minnesota,Nicollet,1920,1497.0,19.0,1843.0,,0.012692050768203072,1.231128924515698
G2701050,Minnesota,Nobles,1920,2018.0,12.0,1245.0,,0.005946481665014866,0.6169474727452924
G2701070,Minnesota,Norman,1920,1940.0,23.0,9855.0,,0.011855670103092783,5.079896907216495
G2701090,Minnesota,Olmsted,1920,2287.0,68.0,17109.0,,0.029733275032794052,7.4809794490599035
G2701110,Minnesota,Otter Tail,1920,6627.0,35.0,4207.0,,0.005281424475629999,0.6348272219707258
G2701130,Minnesota,Pennington,1920,1221.0,7.0,233.0,,0.005733005733005733,0.19082719082719082
G2701150,Minnesota,Pine,1920,3088.0,30.0,2771.0,,0.009715025906735751,0.8973445595854922
G2701170,Minnesota,Pipestone,1920,1187.0,14.0,3193.0,,0.011794439764111205,2.6899747262005054
G2701190,Minnesota,Polk,1920,4200.0,54.0,5486.0,,0.012857142857142857,1.3061904761904761
G2701210,Minnesota,Pope,1920,1802.0,13.0,12151.0,,0.007214206437291898,6.743063263041066
G2701230,Minnesota,Ramsey,1920,983.0,124.0,18566.0,,0.12614445574771108,18.887080366225838
G2701250,Minnesota,Red Lake,1920,907.0,7.0,1248.0,,0.007717750826901874,1.3759647188533628
G2701270,Minnesota,Redwood,1920,2548.0,14.0,6351.0,,0.005494505494505495,2.4925431711145998
G2701290,Minnesota,Renville,1920,3049.0,52.0,7145.0,,0.017054772056411937,2.3433912758281403
G2701310,Minnesota,Rice,1920,2416.0,35.0,5266.0,,0.014486754966887417,2.1796357615894038
G2701330,Minnesota,Rock,1920,1307.0,21.0,5983.0,,0.016067329762815608,4.577658760520276
G2701350,Minnesota,Roseau,1920,1854.0,11.0,636.0,,0.005933117583603021,0.343042071197411
G2701370,Minnesota,St Louis,1920,4271.0,87.0,13145.0,,0.02036993678295481,3.0777335518613906
G2701390,Minnesota,Scott,1920,1628.0,18.0,4725.0,,0.011056511056511056,2.902334152334152
G2701410,Minnesota,Sherburne,1920,1400.0,13.0,1259.0,,0.009285714285714286,0.8992857142857142
G2701430,Minnesota,Sibley,1920,2111.0,31.0,5582.0,,0.01468498342018001,2.644244433917575
G2701450,Minnesota,Stearns,1920,4598.0,21.0,4191.0,,0.004567203131796433,0.9114832535885168
G2701470,Minnesota,Steele,1920,1860.0,21.0,4581.0,,0.01129032258064516,2.4629032258064516
G2701490,Minnesota,Stevens,1920,1163.0,7.0,968.0,,0.0060189165950128975,0.8323301805674979
G2701510,Minnesota,Swift,1920,1781.0,4.0,4150.0,,0.0022459292532285235,2.330151600224593
G2701530,Minnesota,Todd,1920,3521.0,17.0,4912.0,,0.004828173814257313,1.3950582220959955
G2701550,Minnesota,Traverse,1920,1035.0,24.0,2433.0,,0.02318840579710145,2.3507246376811595
G2701570,Minnesota,Wabasha,1920,1831.0,86.0,10086.0,,0.04696886947023485,5.508465319497542
G2701590,Minnesota,Wadena,1920,1326.0,14.0,1246.0,,0.010558069381598794,0.9396681749622926
G2701610,Minnesota,Waseca,1920,1609.0,9.0,447.0,,0.005593536357986327,0.27781230577998756
G2701630,Minnesota,Washington,1920,2014.0,59.0,7617.0,,0.02929493545183714,3.782025819265144
G2701650,Minnesota,Watonwan,1920,1402.0,16.0,2699.0,,0.011412268188302425,1.9251069900142654
G2701670,Minnesota,Wilkin,1920,1163.0,3.0,644.0,,0.0025795356835769563,0.5537403267411866
G2701690,Minnesota,Winona,1920,2150.0,43.0,7900.0,,0.02,3.6744186046511627
G2701710,Minnesota,Wright,1920,3937.0,29.0,2867.0,,0.007366014732029464,0.7282194564389128
G2701730,Minnesota,Yellow Medicine,1920,2109.0,18.0,2052.0,,0.008534850640113799,0.972972972972973
G2800010,Mississippi,Adams,1920,1673.0,25.0,3690.0,,0.014943215780035863,2.2056186491332936
G2800030,Mississippi,Alcorn,1920,2901.0,2052.0,69957.0,,0.7073422957600828,24.114788004136503
G2800050,Mississippi,Amite,1920,3148.0,2811.0,172130.0,,0.8929479034307497,54.67916137229987
G2800070,Mississippi,Attala,1920,4024.0,1233.0,36868.0,,0.30641153081510936,9.162027833001988
G2800090,Mississippi,Benton,1920,1904.0,488.0,18030.0,,0.25630252100840334,9.469537815126051
G2800110,Mississippi,Bolivar,1920,12808.0,58.0,4719.0,,0.00452841973766396,0.3684415990006246
G2800130,Mississippi,Calhoun,1920,3266.0,245.0,5590.0,,0.07501530924678505,1.7115737905695039
G2800150,Mississippi,Carroll,1920,3963.0,84.0,4299.0,,0.021196063588190765,1.084784254352763
G2800170,Mississippi,Chickasaw,1920,3055.0,48.0,1844.0,,0.015711947626841243,0.6036006546644844
G2800190,Mississippi,Choctaw,1920,2188.0,882.0,21967.0,,0.4031078610603291,10.039762340036564
G2800210,Mississippi,Claiborne,1920,2154.0,57.0,3730.0,,0.026462395543175487,1.7316620241411327
G2800230,Mississippi,Clarke,1920,2206.0,1525.0,91646.0,,0.6912964641885766,41.543970988213964
G2800250,Mississippi,Clay,1920,2793.0,37.0,2833.0,,0.013247404224847834,1.0143215180809166
G2800270,Mississippi,Coahoma,1920,8628.0,13.0,1750.0,,0.0015067222994900324,0.20282800185442745
G2800290,Mississippi,Copiah,1920,4349.0,3066.0,466130.0,,0.7049896527937457,107.18096114049207
G2800310,Mississippi,Covington,1920,2151.0,1954.0,121041.0,,0.9084146908414691,56.27196652719665
G2800330,Mississippi,DeSoto,1920,4858.0,47.0,3812.0,,0.009674763277068753,0.7846850555784274
G2800350,Mississippi,Forrest,1920,1015.0,711.0,35085.0,,0.7004926108374384,34.566502463054185
G2800370,Mississippi,Franklin,1920,2210.0,1182.0,53732.0,,0.534841628959276,24.3131221719457
G2800390,Mississippi,George,1920,601.0,536.0,62455.0,,0.891846921797005,103.91846921797006
G2800410,Mississippi,Greene,1920,602.0,476.0,28273.0,,0.7906976744186046,46.96511627906977
G2800430,Mississippi,Grenada,1920,1870.0,42.0,5043.0,,0.022459893048128343,2.6967914438502674
G2800450,Mississippi,Hancock,1920,249.0,212.0,13291.0,,0.8514056224899599,53.377510040160644
G2800470,Mississippi,Harrison,1920,720.0,611.0,75084.0,,0.8486111111111111,104.28333333333333
G2800490,Mississippi,Hinds,1920,5951.0,710.0,47194.0,,0.11930767938161653,7.930431860191565
G2800510,Mississippi,Holmes,1920,6240.0,131.0,6446.0,,0.020993589743589742,1.0330128205128206
G2800530,Mississippi,Humphreys,1920,3695.0,16.0,11257.0,,0.004330175913396482,3.046549391069012
G2800550,Mississippi,Issaquena,1920,1914.0,103.0,8991.0,,0.05381400208986416,4.697492163009405
G2800570,Mississippi,Itawamba,1920,3064.0,1067.0,27818.0,,0.34823759791122716,9.078981723237598
G2800590,Mississippi,Jackson,1920,688.0,583.0,52128.0,,0.8473837209302325,75.76744186046511
G2800610,Mississippi,Jasper,1920,2790.0,2076.0,105288.0,,0.7440860215053764,37.73763440860215
G2800630,Mississippi,Jefferson,1920,2942.0,196.0,18436.0,,0.06662134602311352,6.266485384092454
G2800650,Mississippi,Jefferson Davis,1920,2272.0,2110.0,161301.0,,0.9286971830985915,70.99515845070422
G2800670,Mississippi,Jones,1920,2666.0,2165.0,135248.0,,0.8120780195048762,50.73068267066767
G2800690,Mississippi,Kemper,1920,3427.0,1370.0,53634.0,,0.39976655967318353,15.650423110592355
G2800710,Mississippi,Lafayette,1920,3388.0,99.0,3191.0,,0.02922077922077922,0.94185360094451
G2800730,Mississippi,Lamar,1920,939.0,843.0,54877.0,,0.8977635782747604,58.4419595314164
G2800750,Mississippi,Lauderdale,1920,3076.0,1214.0,80757.0,,0.39466840052015606,26.253901170351106
G2800770,Mississippi,Lawrence,1920,1902.0,1649.0,90250.0,,0.8669821240799159,47.45005257623554
G2800790,Mississippi,Leake,1920,3492.0,2166.0,63679.0,,0.6202749140893471,18.235681557846505
G2800810,Mississippi,Lee,1920,4768.0,484.0,19080.0,,0.10151006711409397,4.001677852348993
G2800830,Mississippi,Leflore,1920,5967.0,23.0,4894.0,,0.0038545332662979722,0.8201776437070555
G2800850,Mississippi,Lincoln,1920,3172.0,2565.0,156080.0,,0.8086380832282472,49.20554854981084
G2800870,Mississippi,Lowndes,1920,3020.0,286.0,16868.0,,0.09470198675496688,5.585430463576159
G2800890,Mississippi,Madison,1920,5260.0,856.0,104907.0,,0.16273764258555132,19.94429657794677
G2800910,Mississippi,Marion,1920,1886.0,1760.0,121288.0,,0.9331919406150583,64.30965005302227
G2800930,Mississippi,Marshall,1920,4688.0,367.0,14456.0,,0.07828498293515358,3.083617747440273
G2800950,Mississippi,Monroe,1920,5026.0,561.0,22092.0,,0.11161957819339435,4.395543175487465
G2800970,Mississippi,Montgomery,1920,1988.0,495.0,15829.0,,0.24899396378269617,7.962273641851106
G2800990,Mississippi,Neshoba,1920,3054.0,2376.0,98535.0,,0.7779960707269156,32.26424361493124
G2801010,Mississippi,Newton,1920,3237.0,2234.0,98997.0,,0.6901451961692926,30.582947173308618
G2801030,Mississippi,Noxubee,1920,4242.0,339.0,20150.0,,0.07991513437057991,4.75011786892975
G2801050,Mississippi,Oktibbeha,1920,2816.0,54.0,1323.0,,0.019176136363636364,0.4698153409090909
G2801070,Mississippi,Panola,1920,4900.0,20.0,1086.0,,0.004081632653061225,0.22163265306122448
G2801090,Mississippi,Pearl River,1920,876.0,747.0,45604.0,,0.8527397260273972,52.05936073059361
G2801110,Mississippi,Perry,1920,834.0,706.0,98624.0,,0.8465227817745803,118.25419664268586
G2801130,Mississippi,Pike,1920,2689.0,2426.0,169023.0,,0.9021941242097434,62.85719598363704
G2801150,Mississippi,Pontotoc,1920,3934.0,290.0,10942.0,,0.07371631926792069,2.781392984239959
G2801170,Mississippi,Prentiss,1920,3144.0,1023.0,35542.0,,0.32538167938931295,11.304707379134861
G2801190,Mississippi,Quitman,1920,4315.0,15.0,3419.0,,0.0034762456546929316,0.7923522595596756
G2801210,Mississippi,Rankin,1920,3231.0,2384.0,110157.0,,0.73785205818632,34.093779015784584
G2801230,Mississippi,Scott,1920,2248.0,1582.0,90027.0,,0.7037366548042705,40.04759786476868
G2801250,Mississippi,Sharkey,1920,3142.0,40.0,6669.0,,0.012730744748567792,2.122533418204965
G2801270,Mississippi,Simpson,1920,2522.0,2277.0,125305.0,,0.9028548770816812,49.6847739888977
G2801290,Mississippi,Smith,1920,2695.0,1595.0,83821.0,,0.5918367346938775,31.102411873840445
G2801310,Mississippi,Stone,1920,570.0,528.0,37319.0,,0.9263157894736842,65.4719298245614
G2801330,Mississippi,Sunflower,1920,9668.0,19.0,1673.0,,0.001965246172941663,0.17304509722796857
G2801350,Mississippi,Tallahatchie,1920,6495.0,11.0,1822.0,,0.0016936104695919939,0.2805234795996921
G2801370,Mississippi,Tate,1920,3955.0,23.0,2206.0,,0.005815423514538559,0.5577749683944374
G2801390,Mississippi,Tippah,1920,2702.0,1530.0,47327.0,,0.5662472242783123,17.515544041450777
G2801410,Mississippi,Tishomingo,1920,2250.0,1757.0,68270.0,,0.7808888888888889,30.342222222222222
G2801430,Mississippi,Tunica,1920,4936.0,7.0,950.0,,0.0014181523500810373,0.19246353322528362
G2801450,Mississippi,Union,1920,3519.0,777.0,23869.0,,0.2208013640238704,6.782892867291844
G2801470,Mississippi,Walthall,1920,2290.0,2216.0,200379.0,,0.9676855895196507,87.50174672489084
G2801490,Mississippi,Warren,1920,2443.0,10.0,356.0,,0.004093327875562832,0.14572247237003683
G2801510,Mississippi,Washington,1920,9281.0,54.0,14884.0,,0.005818338541105484,1.6037064971447041
G2801530,Mississippi,Wayne,1920,1828.0,1404.0,92467.0,,0.7680525164113785,50.58369803063457
G2801550,Mississippi,Webster,1920,2221.0,316.0,7879.0,,0.14227825303917155,3.5475011256190907
G2801570,Mississippi,Wilkinson,1920,2436.0,500.0,31633.0,,0.20525451559934318,12.985632183908047
G2801590,Mississippi,Winston,1920,2814.0,1631.0,49314.0,,0.5796019900497512,17.52452025586354
G2801610,Mississippi,Yalobusha,1920,2594.0,80.0,3848.0,,0.03084040092521203,1.4834232845026984
G2801630,Mississippi,Yazoo,1920,6663.0,35.0,5757.0,,0.005252889088998949,0.8640252138676272
G2900010,Missouri,Adair,1920,2453.0,72.0,5502.0,,0.029351814105177332,2.2429677945373014
G2900030,Missouri,Andrew,1920,2334.0,20.0,4526.0,,0.00856898029134533,1.9391602399314483
G2900050,Missouri,Atchison,1920,1541.0,25.0,14759.0,,0.016223231667748216,9.577547047371837
G2900070,Missouri,Audrain,1920,2521.0,698.0,65148.0,,0.2768742562475208,25.84212614042047
G2900090,Missouri,Barry,1920,3308.0,931.0,139350.0,,0.28143893591293834,42.12515114873035
G2900110,Missouri,Barton,1920,2362.0,1284.0,137493.0,,0.5436071126164268,58.2104149026249
G2900130,Missouri,Bates,1920,3500.0,800.0,74753.0,,0.22857142857142856,21.358
G2900150,Missouri,Benton,1920,2157.0,398.0,29533.0,,0.18451553082985628,13.69170143718127
G2900170,Missouri,Bollinger,1920,2226.0,698.0,24714.0,,0.31356693620844567,11.102425876010782
G2900190,Missouri,Boone,1920,3325.0,349.0,33553.0,,0.10496240601503759,10.091127819548872
G2900210,Missouri,Buchanan,1920,2627.0,182.0,24963.0,,0.06928054815378759,9.502474305291207
G2900230,Missouri,Butler,1920,2105.0,66.0,4746.0,,0.031353919239904986,2.2546318289786225
G2900250,Missouri,Caldwell,1920,1963.0,160.0,20008.0,,0.0815078960774325,10.192562404482935
G2900270,Missouri,Callaway,1920,3284.0,929.0,93339.0,,0.28288672350791716,28.422350791717417
G2900290,Missouri,Camden,1920,1739.0,116.0,6392.0,,0.06670500287521564,3.675675675675676
G2900310,Missouri,Cape Girardeau,1920,2661.0,181.0,8308.0,,0.0680195415257422,3.1221345358887636
G2900330,Missouri,Carroll,1920,3077.0,109.0,10335.0,,0.03542411439714007,3.3587910302242445
G2900350,Missouri,Carter,1920,608.0,51.0,1615.0,,0.08388157894736842,2.65625
G2900370,Missouri,Cass,1920,3036.0,229.0,22408.0,,0.07542819499341238,7.380764163372859
G2900390,Missouri,Cedar,1920,2448.0,546.0,33316.0,,0.22303921568627452,13.609477124183007
G2900410,Missouri,Chariton,1920,3426.0,240.0,21313.0,,0.07005253940455342,6.220957384705196
G2900430,Missouri,Christian,1920,2585.0,724.0,47093.0,,0.2800773694390716,18.21779497098646
G2900450,Missouri,Clark,1920,1908.0,35.0,1952.0,,0.018343815513626835,1.0230607966457024
G2900470,Missouri,Clay,1920,1973.0,106.0,20892.0,,0.053725291434363914,10.588950836289914
G2900490,Missouri,Clinton,1920,1576.0,66.0,7854.0,,0.04187817258883249,4.983502538071066
G2900510,Missouri,Cole,1920,1621.0,489.0,27655.0,,0.3016656384947563,17.060456508328194
G2900530,Missouri,Cooper,1920,2419.0,344.0,37935.0,,0.14220752377015294,15.682100041339396
G2900550,Missouri,Crawford,1920,1856.0,363.0,67689.0,,0.19558189655172414,36.47036637931034
G2900570,Missouri,Dade,1920,2294.0,582.0,41897.0,,0.25370531822144726,18.263731473408892
G2900590,Missouri,Dallas,1920,2177.0,354.0,24926.0,,0.16260909508497934,11.44970142397795
G2900610,Missouri,Daviess,1920,2731.0,109.0,11233.0,,0.039912120102526545,4.11314536799707
G2900630,Missouri,DeKalb,1920,2023.0,62.0,5334.0,,0.03064755313890262,2.6366782006920415
G2900650,Missouri,Dent,1920,1859.0,236.0,9762.0,,0.12694997310381925,5.251210328133405
G2900670,Missouri,Douglas,1920,2633.0,439.0,12571.0,,0.16672996581845803,4.774401823015571
G2900690,Missouri,Dunklin,1920,3033.0,282.0,12395.0,,0.09297725024727992,4.086712825585229
G2900710,Missouri,Franklin,1920,3845.0,1348.0,61620.0,,0.3505851755526658,16.0260078023407
G2900730,Missouri,Gasconade,1920,1768.0,726.0,30098.0,,0.4106334841628959,17.023755656108598
G2900750,Missouri,Gentry,1920,2269.0,21.0,1613.0,,0.009255178492728075,0.7108858527985897
G2900770,Missouri,Greene,1920,4252.0,1326.0,91606.0,,0.31185324553151456,21.544214487300096
G2900790,Missouri,Grundy,1920,1915.0,229.0,93525.0,,0.1195822454308094,48.838120104438644
G2900810,Missouri,Harrison,1920,3135.0,66.0,6370.0,,0.021052631578947368,2.0318979266347688
G2900830,Missouri,Henry,1920,3098.0,442.0,31079.0,,0.14267269205939315,10.031956100710136
G2900850,Missouri,Hickory,1920,1288.0,394.0,70759.0,,0.3059006211180124,54.93711180124224
G2900870,Missouri,Holt,1920,1814.0,10.0,2336.0,,0.005512679162072767,1.2877618522601983
G2900890,Missouri,Howard,1920,1698.0,79.0,11242.0,,0.04652532391048292,6.620730270906949
G2900910,Missouri,Howell,1920,3076.0,625.0,26509.0,,0.203185955786736,8.618010403120936
G2900930,Missouri,Iron,1920,929.0,369.0,8724.0,,0.39720129171151775,9.390742734122712
G2900950,Missouri,Jackson,1920,3345.0,109.0,17500.0,,0.03258594917787743,5.23168908819133
G2900970,Missouri,Jasper,1920,2786.0,1481.0,182259.0,,0.531586503948313,65.41959798994975
G2900990,Missouri,Jefferson,1920,2218.0,326.0,15879.0,,0.14697926059513075,7.159152389540126
G2901010,Missouri,Johnson,1920,3590.0,295.0,28704.0,,0.08217270194986072,7.995543175487465
G2901030,Missouri,Knox,1920,1880.0,68.0,5609.0,,0.036170212765957444,2.983510638297872
G2901050,Missouri,Laclede,1920,2599.0,838.0,45804.0,,0.3224317045017314,17.62370142362447
G2901070,Missouri,Lafayette,1920,2807.0,60.0,11600.0,,0.021375133594584966,4.132525828286427
G2901090,Missouri,Lawrence,1920,2979.0,1682.0,135475.0,,0.5646189996643168,45.47667002349782
G2901110,Missouri,Lewis,1920,1878.0,463.0,30886.0,,0.24653887113951012,16.44621938232162
G2901130,Missouri,Lincoln,1920,2540.0,1388.0,145407.0,,0.5464566929133858,57.24685039370079
G2901150,Missouri,Linn,1920,2513.0,139.0,16901.0,,0.055312375646637484,6.725427775567051
G2901170,Missouri,Livingston,1920,2316.0,37.0,5459.0,,0.015975820379965457,2.3570811744386875
G2901190,Missouri,McDonald,1920,2143.0,198.0,10592.0,,0.09239384041063929,4.942603826411572
G2901210,Missouri,Macon,1920,3759.0,231.0,16182.0,,0.061452513966480445,4.3048683160415
G2901230,Missouri,Madison,1920,1046.0,368.0,19540.0,,0.35181644359464626,18.680688336520078
G2901250,Missouri,Maries,1920,1692.0,647.0,27368.0,,0.382387706855792,16.174940898345152
G2901270,Missouri,Marion,1920,1623.0,553.0,77458.0,,0.3407270486752927,47.72520024645718
G2901290,Missouri,Mercer,1920,1959.0,99.0,12814.0,,0.05053598774885146,6.541092394078611
G2901310,Missouri,Miller,1920,2194.0,755.0,47261.0,,0.3441203281677302,21.54102096627165
G2901330,Missouri,Mississippi,1920,1184.0,38.0,6390.0,,0.03209459459459459,5.39695945945946
G2901350,Missouri,Moniteau,1920,1932.0,823.0,48671.0,,0.42598343685300205,25.192028985507246
G2901370,Missouri,Monroe,1920,2816.0,624.0,60064.0,,0.2215909090909091,21.329545454545453
G2901390,Missouri,Montgomery,1920,2261.0,998.0,140632.0,,0.44139761167624947,62.19902697921274
G2901410,Missouri,Morgan,1920,1858.0,863.0,65028.0,,0.4644779332615716,34.9989235737352
G2901430,Missouri,New Madrid,1920,2052.0,27.0,8402.0,,0.013157894736842105,4.094541910331384
G2901450,Missouri,Newton,1920,2906.0,1214.0,114845.0,,0.41775636613902273,39.51995870612526
G2901470,Missouri,Nodaway,1920,3657.0,46.0,21266.0,,0.012578616352201259,5.815149029258955
G2901490,Missouri,Oregon,1920,2031.0,102.0,5446.0,,0.050221565731166914,2.6814377154111275
G2901510,Missouri,Osage,1920,1979.0,283.0,15263.0,,0.14300151591712987,7.712481051035876
G2901530,Missouri,Ozark,1920,2012.0,101.0,4058.0,,0.05019880715705766,2.0168986083499005
G2901550,Missouri,Pemiscot,1920,2533.0,24.0,8205.0,,0.0094749309119621,3.2392420055270432
G2901570,Missouri,Perry,1920,1972.0,211.0,8185.0,,0.10699797160243407,4.150608519269777
G2901590,Missouri,Pettis,1920,2797.0,422.0,41841.0,,0.15087593850554165,14.959242045048265
G2901610,Missouri,Phelps,1920,1982.0,690.0,32905.0,,0.3481331987891019,16.60191725529768
G2901630,Missouri,Pike,1920,2681.0,911.0,120198.0,,0.33979858261842594,44.83327116747482
G2901650,Missouri,Platte,1920,2021.0,101.0,7196.0,,0.0499752597723899,3.5606135576447304
G2901670,Missouri,Polk,1920,3405.0,1099.0,77285.0,,0.32276064610866373,22.697503671071953
G2901690,Missouri,Pulaski,1920,1454.0,286.0,14802.0,,0.19669876203576342,10.18019257221458
G2901710,Missouri,Putnam,1920,2153.0,14.0,1691.0,,0.006502554575011612,0.7854156990246168
G2901730,Missouri,Ralls,1920,1633.0,472.0,45163.0,,0.28903857930189836,27.656460502143293
G2901750,Missouri,Randolph,1920,2380.0,240.0,8711.0,,0.10084033613445378,3.6600840336134453
G2901770,Missouri,Ray,1920,2541.0,144.0,19376.0,,0.05667060212514758,7.62534435261708
G2901790,Missouri,Reynolds,1920,1073.0,28.0,2834.0,,0.0260950605778192,2.641192917054986
G2901810,Missouri,Ripley,1920,1638.0,190.0,5423.0,,0.115995115995116,3.3107448107448105
G2901830,Missouri,St Charles,1920,2165.0,875.0,74330.0,,0.40415704387990764,34.33256351039261
G2901850,Missouri,St Clair,1920,2649.0,647.0,39497.0,,0.2442431106077765,14.910154775386939
G2901860,Missouri,Ste Genevieve,1920,1190.0,180.0,8031.0,,0.15126050420168066,6.748739495798319
G2901870,Missouri,St Francois,1920,1266.0,560.0,32954.0,,0.4423380726698262,26.03001579778831
G2901890,Missouri,St Louis,1920,3735.0,775.0,100765.0,,0.2074966532797858,26.978580990629183
G2901950,Missouri,Saline,1920,3024.0,62.0,8106.0,,0.0205026455026455,2.6805555555555554
G2901970,Missouri,Schuyler,1920,1322.0,135.0,9117.0,,0.1021180030257186,6.896369137670197
G2901990,Missouri,Scotland,1920,1800.0,32.0,2146.0,,0.017777777777777778,1.1922222222222223
G2902010,Missouri,Scott,1920,1432.0,50.0,12140.0,,0.034916201117318434,8.477653631284916
G2902030,Missouri,Shannon,1920,1556.0,172.0,6403.0,,0.11053984575835475,4.115038560411311
G2902050,Missouri,Shelby,1920,2195.0,338.0,23006.0,,0.15398633257403188,10.48109339407745
G2902070,Missouri,Stoddard,1920,3685.0,90.0,14449.0,,0.024423337856173677,3.921031207598372
G2902090,Missouri,Stone,1920,1741.0,193.0,12668.0,,0.11085582998276852,7.276278001148765
G2902110,Missouri,Sullivan,1920,2660.0,58.0,3598.0,,0.02180451127819549,1.3526315789473684
G2902130,Missouri,Taney,1920,1216.0,10.0,532.0,,0.008223684210526315,0.4375
G2902150,Missouri,Texas,1920,3363.0,1232.0,48020.0,,0.3663395777579542,14.278917633065715
G2902170,Missouri,Vernon,1920,3267.0,838.0,61493.0,,0.25650443832262015,18.82246709519437
G2902190,Missouri,Warren,1920,1425.0,565.0,51006.0,,0.39649122807017545,35.793684210526315
G2902210,Missouri,Washington,1920,1527.0,533.0,37654.0,,0.34905042567125083,24.658808120497707
G2902230,Missouri,Wayne,1920,1676.0,154.0,5945.0,,0.09188544152744631,3.5471360381861574
G2902250,Missouri,Webster,1920,2697.0,1546.0,76288.0,,0.5732295142751205,28.2862439747868
G2902270,Missouri,Worth,1920,1215.0,7.0,1415.0,,0.005761316872427984,1.1646090534979423
G2902290,Missouri,Wright,1920,2660.0,647.0,23562.0,,0.2432330827067669,8.857894736842105
G2905100,Missouri,St Louis City,1920,244.0,86.0,11042.0,,0.3524590163934426,45.25409836065574
G3000010,Montana,Beaverhead,1920,642.0,1.0,38.0,,0.001557632398753894,0.059190031152647975
G3000030,Montana,Big Horn,1920,791.0,3.0,1076.0,,0.0037926675094816687,1.3603034134007586
G3000050,Montana,Blaine,1920,1761.0,5.0,1171.0,,0.0028392958546280523,0.6649630891538898
G3000070,Montana,Broadwater,1920,466.0,179.0,8720.0,,0.38412017167381973,18.71244635193133
G3000090,Montana,Carbon,1920,1353.0,13.0,6838.0,,0.009608277900960829,5.053954175905395
G3000110,Montana,Carter,1920,855.0,6.0,2900.0,,0.007017543859649123,3.391812865497076
G3000130,Montana,Cascade,1920,1703.0,15.0,28584.0,,0.008807985907222548,16.784497944803288
G3000150,Montana,Chouteau,1920,2573.0,17.0,2891.0,,0.006607073455110766,1.1235911387485427
G3000170,Montana,Custer,1920,941.0,2.0,790.0,,0.0021253985122210413,0.8395324123273114
G3000210,Montana,Dawson,1920,1195.0,8.0,541.0,,0.0066945606694560665,0.45271966527196655
G3000230,Montana,Deer Lodge,1920,202.0,5.0,1042.0,,0.024752475247524754,5.158415841584159
G3000250,Montana,Fallon,1920,758.0,3.0,500.0,,0.00395778364116095,0.6596306068601583
G3000270,Montana,Fergus,1920,4226.0,18.0,7946.0,,0.004259346900141978,1.880265026029342
G3000290,Montana,Flathead,1920,1923.0,6.0,709.0,,0.0031201248049922,0.36869474778991157
G3000310,Montana,Gallatin,1920,1349.0,16.0,8406.0,,0.011860637509266123,6.23128243143069
G3000330,Montana,Garfield,1920,1530.0,1.0,1000.0,,0.00065359477124183,0.6535947712418301
G3000350,Montana,Glacier,1920,372.0,0.0,0.0,,0.0,0.0
G3000390,Montana,Granite,1920,354.0,1.0,50.0,,0.002824858757062147,0.14124293785310735
G3000410,Montana,Hill,1920,2257.0,4.0,2795.0,,0.0017722640673460345,1.2383695170580415
G3000430,Montana,Jefferson,1920,555.0,8.0,935.0,,0.014414414414414415,1.6846846846846846
G3000490,Montana,Lewis And Clark,1920,855.0,2.0,2325.0,,0.0023391812865497076,2.719298245614035
G3000510,Montana,Liberty,1920,515.0,0.0,0.0,,0.0,0.0
G3000530,Montana,Lincoln,1920,341.0,6.0,193.0,,0.017595307917888565,0.5659824046920822
G3000550,Montana,McCone,1920,1284.0,13.0,552.0,,0.010124610591900311,0.42990654205607476
G3000570,Montana,Madison,1920,901.0,2.0,210.0,,0.0022197558268590455,0.23307436182019978
G3000590,Montana,Meagher,1920,447.0,2.0,1400.0,,0.0044742729306487695,3.131991051454139
G3000610,Montana,Mineral,1920,95.0,2.0,420.0,,0.021052631578947368,4.421052631578948
G3000630,Montana,Missoula,1920,1323.0,23.0,3574.0,,0.017384731670445956,2.7014361300075587
G3000650,Montana,Musselshell,1920,1604.0,2.0,3060.0,,0.0012468827930174563,1.9077306733167083
G3000670,Montana,Park,1920,756.0,2.0,3850.0,,0.0026455026455026454,5.092592592592593
G3000710,Montana,Phillips,1920,1914.0,8.0,6218.0,,0.0041797283176593526,3.2486938349007315
G3000730,Montana,Pondera,1920,1060.0,4.0,712.0,,0.0037735849056603774,0.6716981132075471
G3000750,Montana,Powder River,1920,833.0,1.0,500.0,,0.0012004801920768306,0.6002400960384153
G3000770,Montana,Powell,1920,476.0,3.0,2770.0,,0.0063025210084033615,5.819327731092437
G3000790,Montana,Prairie,1920,673.0,1.0,800.0,,0.0014858841010401188,1.188707280832095
G3000810,Montana,Ravalli,1920,1231.0,15.0,1517.0,,0.012185215272136474,1.2323314378554022
G3000830,Montana,Richland,1920,1577.0,5.0,970.0,,0.0031705770450221942,0.6150919467343057
G3000850,Montana,Roosevelt,1920,1215.0,1.0,100.0,,0.0008230452674897119,0.0823045267489712
G3000870,Montana,Rosebud,1920,1136.0,2.0,561.0,,0.0017605633802816902,0.49383802816901406
G3000890,Montana,Sanders,1920,667.0,1.0,175.0,,0.0014992503748125937,0.2623688155922039
G3000910,Montana,Sheridan,1920,2408.0,10.0,6817.0,,0.004152823920265781,2.8309800664451825
G3000930,Montana,Silver Bow,1920,331.0,2.0,270.0,,0.006042296072507553,0.8157099697885196
G3000950,Montana,Stillwater,1920,1370.0,4.0,180.0,,0.00291970802919708,0.13138686131386862
G3000970,Montana,Sweet Grass,1920,863.0,6.0,383.0,,0.006952491309385863,0.44380069524913096
G3000990,Montana,Teton,1920,1135.0,4.0,730.0,,0.003524229074889868,0.6431718061674009
G3001010,Montana,Toole,1920,933.0,2.0,255.0,,0.0021436227224008574,0.2733118971061093
G3001030,Montana,Treasure,1920,330.0,0.0,0.0,,0.0,0.0
G3001050,Montana,Valley,1920,2169.0,4.0,335.0,,0.0018441678192715537,0.15444905486399263
G3001070,Montana,Wheatland,1920,688.0,5.0,446.0,,0.007267441860465116,0.6482558139534884
G3001090,Montana,Wibaux,1920,530.0,2.0,62.0,,0.0037735849056603774,0.1169811320754717
G3001110,Montana,Yellowstone,1920,2211.0,8.0,9915.0,,0.003618272274988693,4.484396200814111
G3100010,Nebraska,Adams,1920,1688.0,0.0,0.0,,0.0,0.0
G3100030,Nebraska,Antelope,1920,2083.0,0.0,0.0,,0.0,0.0
G3100050,Nebraska,Arthur,1920,291.0,1.0,100.0,,0.003436426116838488,0.3436426116838488
G3100070,Nebraska,Banner,1920,301.0,0.0,0.0,,0.0,0.0
G3100090,Nebraska,Blaine,1920,289.0,0.0,0.0,,0.0,0.0
G3100110,Nebraska,Boone,1920,1859.0,5.0,1360.0,,0.0026896180742334587,0.7315761161915008
G3100130,Nebraska,Box Butte,1920,641.0,1.0,60.0,,0.0015600624024961,0.093603744149766
G3100150,Nebraska,Boyd,1920,1078.0,8.0,1351.0,,0.0074211502782931356,1.2532467532467533
G3100170,Nebraska,Brown,1920,738.0,1.0,100.0,,0.0013550135501355014,0.13550135501355012
G3100190,Nebraska,Buffalo,1920,2376.0,3.0,140.0,,0.0012626262626262627,0.058922558922558925
G3100210,Nebraska,Burt,1920,1417.0,10.0,1814.0,,0.007057163020465773,1.2801693719124911
G3100230,Nebraska,Butler,1920,1850.0,2.0,225.0,,0.001081081081081081,0.12162162162162163
G3100250,Nebraska,Cass,1920,1946.0,7.0,434.0,,0.0035971223021582736,0.22302158273381295
G3100270,Nebraska,Cedar,1920,2064.0,6.0,957.0,,0.0029069767441860465,0.4636627906976744
G3100290,Nebraska,Chase,1920,705.0,0.0,0.0,,0.0,0.0
G3100310,Nebraska,Cherry,1920,1664.0,2.0,190.0,,0.001201923076923077,0.1141826923076923
G3100330,Nebraska,Cheyenne,1920,854.0,2.0,161.0,,0.00234192037470726,0.1885245901639344
G3100350,Nebraska,Clay,1920,1791.0,8.0,1175.0,,0.00446677833612507,0.6560580681183696
G3100370,Nebraska,Colfax,1920,1392.0,0.0,0.0,,0.0,0.0
G3100390,Nebraska,Cuming,1920,1859.0,8.0,1310.0,,0.004303388918773534,0.7046799354491662
G3100410,Nebraska,Custer,1920,3708.0,8.0,1453.0,,0.002157497303128371,0.3918554476806904
G3100430,Nebraska,Dakota,1920,740.0,8.0,294.0,,0.010810810810810811,0.3972972972972973
G3100450,Nebraska,Dawes,1920,728.0,1.0,50.0,,0.0013736263736263737,0.06868131868131869
G3100470,Nebraska,Dawson,1920,1934.0,3.0,252.0,,0.0015511892450879006,0.13029989658738367
G3100490,Nebraska,Deuel,1920,384.0,0.0,0.0,,0.0,0.0
G3100510,Nebraska,Dixon,1920,1441.0,8.0,1315.0,,0.005551700208188758,0.9125607217210271
G3100530,Nebraska,Dodge,1920,1794.0,18.0,6461.0,,0.010033444816053512,3.601449275362319
G3100550,Nebraska,Douglas,1920,1709.0,6.0,1283.0,,0.003510825043885313,0.7507314218841428
G3100570,Nebraska,Dundy,1920,661.0,1.0,40.0,,0.0015128593040847202,0.060514372163388806
G3100590,Nebraska,Fillmore,1920,1975.0,119.0,13862.0,,0.06025316455696202,7.018734177215189
G3100610,Nebraska,Franklin,1920,1394.0,1.0,200.0,,0.0007173601147776184,0.14347202295552366
G3100630,Nebraska,Frontier,1920,1347.0,1.0,50.0,,0.0007423904974016332,0.03711952487008166
G3100650,Nebraska,Furnas,1920,1493.0,8.0,1515.0,,0.0053583389149363695,1.014735432016075
G3100670,Nebraska,Gage,1920,2918.0,18.0,2219.0,,0.00616860863605209,0.7604523646333105
G3100690,Nebraska,Garden,1920,714.0,1.0,25.0,,0.0014005602240896359,0.0350140056022409
G3100710,Nebraska,Garfield,1920,490.0,8.0,2546.0,,0.0163265306122449,5.1959183673469385
G3100730,Nebraska,Gosper,1920,882.0,0.0,0.0,,0.0,0.0
G3100750,Nebraska,Grant,1920,151.0,0.0,0.0,,0.0,0.0
G3100770,Nebraska,Greeley,1920,1165.0,3.0,550.0,,0.002575107296137339,0.4721030042918455
G3100790,Nebraska,Hall,1920,1556.0,9.0,1681.0,,0.005784061696658098,1.0803341902313626
G3100810,Nebraska,Hamilton,1920,1882.0,2.0,310.0,,0.0010626992561105207,0.1647183846971307
G3100830,Nebraska,Harlan,1920,1320.0,4.0,289.0,,0.0030303030303030303,0.21893939393939393
G3100850,Nebraska,Hayes,1920,605.0,0.0,0.0,,0.0,0.0
G3100870,Nebraska,Hitchcock,1920,776.0,0.0,0.0,,0.0,0.0
G3100890,Nebraska,Holt,1920,2263.0,1.0,51.0,,0.0004418912947414936,0.022536456031816175
G3100910,Nebraska,Hooker,1920,189.0,0.0,0.0,,0.0,0.0
G3100930,Nebraska,Howard,1920,1523.0,0.0,0.0,,0.0,0.0
G3100950,Nebraska,Jefferson,1920,1827.0,2.0,115.0,,0.0010946907498631637,0.06294471811713191
G3100970,Nebraska,Johnson,1920,1167.0,2.0,75.0,,0.001713796058269066,0.06426735218508997
G3100990,Nebraska,Kearney,1920,1306.0,3.0,390.0,,0.002297090352220521,0.2986217457886677
G3101010,Nebraska,Keith,1920,673.0,5.0,372.0,,0.007429420505200594,0.5527488855869243
G3101030,Nebraska,Keya Paha,1920,582.0,0.0,0.0,,0.0,0.0
G3101050,Nebraska,Kimball,1920,456.0,4.0,216.0,,0.008771929824561403,0.47368421052631576
G3101070,Nebraska,Knox,1920,2407.0,25.0,2579.0,,0.01038637307852098,1.0714582467802243
G3101090,Nebraska,Lancaster,1920,3259.0,22.0,2098.0,,0.006750536974532065,0.6437557532985578
G3101110,Nebraska,Lincoln,1920,2024.0,5.0,405.0,,0.0024703557312252965,0.20009881422924902
G3101130,Nebraska,Logan,1920,168.0,1.0,15.0,,0.005952380952380952,0.08928571428571429
G3101150,Nebraska,Loup,1920,347.0,0.0,0.0,,0.0,0.0
G3101170,Nebraska,McPherson,1920,355.0,0.0,0.0,,0.0,0.0
G3101190,Nebraska,Madison,1920,1647.0,17.0,3747.0,,0.010321797207043109,2.275045537340619
G3101210,Nebraska,Merrick,1920,1364.0,4.0,230.0,,0.002932551319648094,0.16862170087976538
G3101230,Nebraska,Morrill,1920,957.0,0.0,0.0,,0.0,0.0
G3101250,Nebraska,Nance,1920,1102.0,4.0,960.0,,0.003629764065335753,0.8711433756805808
G3101270,Nebraska,Nemaha,1920,1524.0,5.0,260.0,,0.0032808398950131233,0.17060367454068243
G3101290,Nebraska,Nuckolls,1920,1638.0,0.0,0.0,,0.0,0.0
G3101310,Nebraska,Otoe,1920,2253.0,0.0,0.0,,0.0,0.0
G3101330,Nebraska,Pawnee,1920,1339.0,3.0,1765.0,,0.0022404779686333084,1.3181478715459298
G3101350,Nebraska,Perkins,1920,585.0,1.0,200.0,,0.0017094017094017094,0.3418803418803419
G3101370,Nebraska,Phelps,1920,1271.0,0.0,0.0,,0.0,0.0
G3101390,Nebraska,Pierce,1920,1381.0,3.0,100.0,,0.002172338884866039,0.07241129616220131
G3101410,Nebraska,Platte,1920,2131.0,4.0,264.0,,0.0018770530267480056,0.12388549976536838
G3101430,Nebraska,Polk,1920,1476.0,3.0,325.0,,0.0020325203252032522,0.22018970189701897
G3101450,Nebraska,Red Willow,1920,1091.0,0.0,0.0,,0.0,0.0
G3101470,Nebraska,Richardson,1920,1974.0,4.0,150.0,,0.002026342451874367,0.07598784194528875
G3101490,Nebraska,Rock,1920,553.0,0.0,0.0,,0.0,0.0
G3101510,Nebraska,Saline,1920,2070.0,10.0,358.0,,0.004830917874396135,0.17294685990338166
G3101530,Nebraska,Sarpy,1920,979.0,0.0,0.0,,0.0,0.0
G3101550,Nebraska,Saunders,1920,2697.0,4.0,152.0,,0.0014831294030404152,0.05635891731553578
G3101570,Nebraska,Scotts Bluff,1920,1391.0,31.0,4666.0,,0.02228612508986341,3.3544212796549244
G3101590,Nebraska,Seward,1920,2130.0,0.0,0.0,,0.0,0.0
G3101610,Nebraska,Sheridan,1920,1063.0,1.0,142.0,,0.0009407337723424271,0.13358419567262464
G3101630,Nebraska,Sherman,1920,1337.0,1.0,60.0,,0.0007479431563201197,0.04487658937920718
G3101650,Nebraska,Sioux,1920,842.0,0.0,0.0,,0.0,0.0
G3101670,Nebraska,Stanton,1920,1151.0,6.0,330.0,,0.005212858384013901,0.2867072111207645
G3101690,Nebraska,Thayer,1920,1889.0,3.0,250.0,,0.0015881418740074113,0.1323451561672843
G3101710,Nebraska,Thomas,1920,216.0,1.0,50.0,,0.004629629629629629,0.23148148148148148
G3101730,Nebraska,Thurston,1920,1105.0,1.0,100.0,,0.0009049773755656109,0.09049773755656108
G3101750,Nebraska,Valley,1920,1295.0,0.0,0.0,,0.0,0.0
G3101770,Nebraska,Washington,1920,1488.0,4.0,280.0,,0.002688172043010753,0.1881720430107527
G3101790,Nebraska,Wayne,1920,1287.0,3.0,240.0,,0.002331002331002331,0.1864801864801865
G3101810,Nebraska,Webster,1920,1530.0,1.0,25.0,,0.00065359477124183,0.016339869281045753
G3101830,Nebraska,Wheeler,1920,420.0,0.0,0.0,,0.0,0.0
G3101850,Nebraska,York,1920,2042.0,1.0,10.0,,0.0004897159647404506,0.004897159647404506
G3200010,Nevada,Churchill,1920,498.0,2.0,175.0,,0.004016064257028112,0.3514056224899598
G3200030,Nevada,Clark,1920,162.0,8.0,593.0,,0.04938271604938271,3.6604938271604937
G3200050,Nevada,Douglas,1920,129.0,0.0,0.0,,0.0,0.0
G3200070,Nevada,Elko,1920,543.0,7.0,3075.0,,0.01289134438305709,5.662983425414365
G3200090,Nevada,Esmeralda,1920,19.0,0.0,0.0,,0.0,0.0
G3200110,Nevada,Eureka,1920,60.0,0.0,0.0,,0.0,0.0
G3200130,Nevada,Humboldt,1920,132.0,0.0,0.0,,0.0,0.0
G3200150,Nevada,Lander,1920,64.0,0.0,0.0,,0.0,0.0
G3200170,Nevada,Lincoln,1920,145.0,2.0,45.0,,0.013793103448275862,0.3103448275862069
G3200190,Nevada,Lyon,1920,297.0,1.0,750.0,,0.003367003367003367,2.525252525252525
G3200210,Nevada,Mineral,1920,92.0,0.0,0.0,,0.0,0.0
G3200230,Nevada,Nye,1920,152.0,0.0,0.0,,0.0,0.0
G3200250,Nevada,Ormsby,1920,49.0,3.0,247.0,,0.061224489795918366,5.040816326530612
G3200270,Nevada,Pershing,1920,115.0,1.0,500.0,,0.008695652173913044,4.3478260869565215
G3200290,Nevada,Storey,1920,14.0,0.0,,,0.0,
G3200310,Nevada,Washoe,1920,481.0,30.0,2923.0,,0.062370062370062374,6.076923076923077
G3200330,Nevada,White Pine,1920,211.0,4.0,1589.0,,0.018957345971563982,7.530805687203792
G3300010,New Hampshire,Belknap,1920,1348.0,596.0,34488.0,,0.4421364985163205,25.584569732937684
G3300030,New Hampshire,Carroll,1920,1520.0,595.0,22279.0,,0.39144736842105265,14.657236842105263
G3300050,New Hampshire,Cheshire,1920,1625.0,845.0,36608.0,,0.52,22.528
G3300070,New Hampshire,Coos,1920,1441.0,703.0,20961.0,,0.4878556557945871,14.546148507980568
G3300090,New Hampshire,Grafton,1920,2884.0,1316.0,63709.0,,0.4563106796116505,22.090499306518723
G3300110,New Hampshire,Hillsborough,1920,2563.0,1044.0,100937.0,,0.40733515411626997,39.38236441669918
G3300130,New Hampshire,Merrimack,1920,2837.0,1195.0,76434.0,,0.4212195981670779,26.941839971801198
G3300150,New Hampshire,Rockingham,1920,3438.0,1210.0,110168.0,,0.35194880744618967,32.04421175101803
G3300170,New Hampshire,Strafford,1920,1421.0,620.0,39826.0,,0.4363124560168895,28.02674173117523
G3300190,New Hampshire,Sullivan,1920,1446.0,675.0,20770.0,,0.46680497925311204,14.363762102351314
G3400010,New Jersey,Atlantic,1920,1726.0,1297.0,368866.0,,0.7514484356894554,213.71147161066048
G3400030,New Jersey,Bergen,1920,1012.0,628.0,319794.0,,0.6205533596837944,316.001976284585
G3400050,New Jersey,Burlington,1920,2172.0,1792.0,1129207.0,,0.8250460405156538,519.8927255985267
G3400070,New Jersey,Camden,1920,1035.0,836.0,423738.0,,0.8077294685990338,409.4086956521739
G3400090,New Jersey,Cape May,1920,629.0,503.0,91737.0,,0.7996820349761526,145.84578696343402
G3400110,New Jersey,Cumberland,1920,3094.0,2291.0,1074081.0,,0.7404654169360052,347.1496444731739
G3400130,New Jersey,Essex,1920,375.0,231.0,79824.0,,0.616,212.864
G3400150,New Jersey,Gloucester,1920,2319.0,1891.0,1322259.0,,0.8154376886589046,570.1849935316947
G3400170,New Jersey,Hudson,1920,98.0,46.0,14380.0,,0.46938775510204084,146.73469387755102
G3400190,New Jersey,Hunterdon,1920,2795.0,2341.0,302337.0,,0.8375670840787119,108.17066189624329
G3400210,New Jersey,Mercer,1920,1330.0,1156.0,750439.0,,0.869172932330827,564.2398496240602
G3400230,New Jersey,Middlesex,1920,1383.0,1150.0,680760.0,,0.8315256688358641,492.234273318872
G3400250,New Jersey,Monmouth,1920,2445.0,2201.0,2009216.0,,0.9002044989775051,821.7652351738242
G3400270,New Jersey,Morris,1920,1333.0,957.0,175319.0,,0.7179294823705926,131.52213053263316
G3400290,New Jersey,Ocean,1920,666.0,526.0,71904.0,,0.7897897897897898,107.96396396396396
G3400310,New Jersey,Passaic,1920,475.0,311.0,98628.0,,0.6547368421052632,207.6378947368421
G3400330,New Jersey,Salem,1920,1802.0,1679.0,1275571.0,,0.9317425083240843,707.8640399556049
G3400350,New Jersey,Somerset,1920,1454.0,1149.0,207471.0,,0.7902338376891335,142.6898211829436
G3400370,New Jersey,Sussex,1920,1503.0,469.0,113192.0,,0.3120425815036593,75.31071190951431
G3400390,New Jersey,Union,1920,390.0,208.0,73019.0,,0.5333333333333333,187.22820512820513
G3400410,New Jersey,Warren,1920,1666.0,1112.0,160940.0,,0.6674669867947179,96.60264105642257
G3500010,New Mexico,Bernalillo,1920,1200.0,79.0,8129.0,,0.06583333333333333,6.774166666666667
G3500050,New Mexico,Chaves,1920,744.0,98.0,15252.0,,0.13172043010752688,20.5
G3500070,New Mexico,Colfax,1920,1052.0,131.0,6096.0,,0.12452471482889733,5.79467680608365
G3500090,New Mexico,Curry,1920,1174.0,9.0,1570.0,,0.007666098807495741,1.3373083475298126
G3500110,New Mexico,De Baca,1920,477.0,4.0,91.0,,0.008385744234800839,0.19077568134171907
G3500130,New Mexico,Dona Ana,1920,1054.0,56.0,10151.0,,0.05313092979127135,9.630929791271347
G3500150,New Mexico,Eddy,1920,785.0,114.0,26436.0,,0.14522292993630573,33.67643312101911
G3500170,New Mexico,Grant,1920,545.0,3.0,125.0,,0.005504587155963303,0.22935779816513763
G3500190,New Mexico,Guadalupe,1920,982.0,105.0,4775.0,,0.10692464358452139,4.862525458248473
G3500230,New Mexico,Hidalgo,1920,238.0,1.0,100.0,,0.004201680672268907,0.42016806722689076
G3500250,New Mexico,Lea,1920,686.0,2.0,1160.0,,0.0029154518950437317,1.6909620991253644
G3500270,New Mexico,Lincoln,1920,640.0,4.0,320.0,,0.00625,0.5
G3500290,New Mexico,Luna,1920,287.0,7.0,660.0,,0.024390243902439025,2.299651567944251
G3500310,New Mexico,McKinley,1920,668.0,3.0,320.0,,0.004491017964071856,0.47904191616766467
G3500330,New Mexico,Mora,1920,1911.0,134.0,7241.0,,0.07012035583464155,3.7891156462585034
G3500350,New Mexico,Otero,1920,459.0,4.0,410.0,,0.008714596949891068,0.8932461873638344
G3500370,New Mexico,Quay,1920,1423.0,14.0,2308.0,,0.009838369641602248,1.6219255094869993
G3500390,New Mexico,Rio Arriba,1920,2063.0,256.0,7792.0,,0.12409112942317015,3.777023751817741
G3500410,New Mexico,Roosevelt,1920,1117.0,3.0,106.0,,0.0026857654431512983,0.09489704565801253
G3500430,New Mexico,Sandoval,1920,1110.0,2.0,125.0,,0.0018018018018018018,0.11261261261261261
G3500450,New Mexico,San Juan,1920,874.0,11.0,273.0,,0.012585812356979404,0.3123569794050343
G3500470,New Mexico,San Miguel,1920,1643.0,128.0,4581.0,,0.07790626902008521,2.7881923311016434
G3500490,New Mexico,Santa Fe,1920,896.0,31.0,2403.0,,0.03459821428571429,2.681919642857143
G3500510,New Mexico,Sierra,1920,395.0,64.0,484.0,,0.1620253164556962,1.2253164556962026
G3500530,New Mexico,Socorro,1920,1191.0,59.0,3180.0,,0.04953820319059614,2.6700251889168767
G3500550,New Mexico,Taos,1920,1116.0,39.0,1043.0,,0.03494623655913978,0.9345878136200717
G3500570,New Mexico,Torrance,1920,1365.0,13.0,645.0,,0.009523809523809525,0.4725274725274725
G3500590,New Mexico,Union,1920,2652.0,7.0,260.0,,0.0026395173453996985,0.09803921568627451
G3500610,New Mexico,Valencia,1920,1097.0,77.0,7447.0,,0.07019143117593436,6.788514129443938
G3600010,New York,Albany,1920,2946.0,1799.0,180153.0,,0.6106585200271555,61.151731160896134
G3600030,New York,Allegany,1920,4405.0,2582.0,197236.0,,0.5861520998864926,44.77548240635641
G3600050,New York,Bronx,1920,55.0,32.0,9948.0,,0.5818181818181818,180.87272727272727
G3600070,New York,Broome,1920,3594.0,1923.0,125078.0,,0.5350584307178631,34.80189204229271
G3600090,New York,Cattaraugus,1920,5305.0,3361.0,278351.0,,0.6335532516493874,52.469557021677666
G3600110,New York,Cayuga,1920,4297.0,3404.0,302481.0,,0.7921805911100768,70.3935303700256
G3600130,New York,Chautauqua,1920,7100.0,5203.0,429085.0,,0.7328169014084507,60.43450704225352
G3600150,New York,Chemung,1920,1945.0,961.0,74025.0,,0.49408740359897174,38.059125964010285
G3600170,New York,Chenango,1920,3838.0,2444.0,184182.0,,0.6367899947889526,47.98905680041688
G3600190,New York,Clinton,1920,3402.0,1315.0,104711.0,,0.38653733098177545,30.779247501469722
G3600210,New York,Columbia,1920,2580.0,1400.0,142738.0,,0.5426356589147286,55.32480620155039
G3600230,New York,Cortland,1920,2315.0,1546.0,139401.0,,0.6678185745140389,60.216414686825054
G3600250,New York,Delaware,1920,4613.0,2717.0,193063.0,,0.5889876436158682,41.851940169087364
G3600270,New York,Dutchess,1920,3114.0,1473.0,190360.0,,0.4730250481695568,61.13037893384714
G3600290,New York,Erie,1920,7486.0,5522.0,761835.0,,0.73764360138926,101.76796687149346
G3600310,New York,Essex,1920,1978.0,645.0,57167.0,,0.32608695652173914,28.901415571284126
G3600330,New York,Franklin,1920,3299.0,2029.0,204923.0,,0.6150348590481964,62.11670203091846
G3600350,New York,Fulton,1920,1773.0,979.0,68217.0,,0.5521714608009024,38.475465313028764
G3600370,New York,Genesee,1920,2885.0,2258.0,284735.0,,0.7826689774696707,98.6949740034662
G3600390,New York,Greene,1920,2248.0,1163.0,88387.0,,0.5173487544483986,39.31806049822064
G3600410,New York,Hamilton,1920,255.0,107.0,11220.0,,0.4196078431372549,44.0
G3600430,New York,Herkimer,1920,2849.0,1216.0,79099.0,,0.42681642681642684,27.763776763776765
G3600450,New York,Jefferson,1920,5151.0,1443.0,129067.0,,0.28013977868375073,25.05668802174335
G3600470,New York,Kings,1920,54.0,38.0,47692.0,,0.7037037037037037,883.1851851851852
G3600490,New York,Lewis,1920,2952.0,1721.0,121711.0,,0.5829945799457995,41.2300135501355
G3600510,New York,Livingston,1920,2899.0,2097.0,262757.0,,0.7233528803035529,90.63711624698172
G3600530,New York,Madison,1920,3597.0,2276.0,259518.0,,0.6327495134834584,72.14845704753962
G3600550,New York,Monroe,1920,5174.0,3974.0,530575.0,,0.7680711248550445,102.546385775029
G3600570,New York,Montgomery,1920,2015.0,931.0,54770.0,,0.4620347394540943,27.181141439205955
G3600590,New York,Nassau,1920,935.0,836.0,1570263.0,,0.8941176470588236,1679.425668449198
G3600610,New York,New York,1920,5.0,0.0,0.0,,0.0,0.0
G3600630,New York,Niagara,1920,4068.0,3124.0,298324.0,,0.767944936086529,73.33431661750245
G3600650,New York,Oneida,1920,6233.0,3600.0,275568.0,,0.5775709931012354,44.211134285255895
G3600670,New York,Onondaga,1920,5652.0,3445.0,362684.0,,0.609518754423213,64.16914366595896
G3600690,New York,Ontario,1920,4062.0,2954.0,339764.0,,0.7272279665189562,83.64451009354998
G3600710,New York,Orange,1920,3591.0,1306.0,284705.0,,0.3636869952659426,79.28292954608744
G3600730,New York,Orleans,1920,2579.0,2167.0,342187.0,,0.8402481582008531,132.68204730515703
G3600750,New York,Oswego,1920,5539.0,2857.0,224009.0,,0.5157970752843474,40.442137569958476
G3600770,New York,Otsego,1920,4770.0,3264.0,217779.0,,0.6842767295597484,45.65597484276729
G3600790,New York,Putnam,1920,767.0,141.0,55562.0,,0.18383311603650587,72.44067796610169
G3600810,New York,Queens,1920,565.0,431.0,571049.0,,0.7628318584070797,1010.7061946902655
G3600830,New York,Rensselaer,1920,3078.0,1519.0,123417.0,,0.4935022742040286,40.09649122807018
G3600850,New York,Richmond,1920,121.0,0.0,0.0,,0.0,0.0
G3600870,New York,Rockland,1920,831.0,339.0,68787.0,,0.40794223826714804,82.77617328519855
G3600890,New York,St Lawrence,1920,7652.0,3428.0,276572.0,,0.4479874542603241,36.143753267119706
G3600910,New York,Saratoga,1920,3178.0,1561.0,113636.0,,0.4911894273127753,35.757079924480806
G3600930,New York,Schenectady,1920,983.0,586.0,45754.0,,0.5961342828077314,46.54526958290946
G3600950,New York,Schoharie,1920,2791.0,1431.0,72542.0,,0.5127194553923325,25.991400931565746
G3600970,New York,Schuyler,1920,1639.0,707.0,40657.0,,0.43136058572300184,24.805979255643685
G3600990,New York,Seneca,1920,1857.0,1513.0,144918.0,,0.8147549811523963,78.03877221324717
G3601010,New York,Steuben,1920,6132.0,2356.0,159715.0,,0.3842139595564253,26.046151337247228
G3601030,New York,Suffolk,1920,2476.0,2093.0,2217276.0,,0.8453150242326333,895.5072697899839
G3601050,New York,Sullivan,1920,3543.0,1567.0,121484.0,,0.44228055320349985,34.2884561106407
G3601070,New York,Tioga,1920,2541.0,1415.0,112254.0,,0.5568673750491933,44.17709563164109
G3601090,New York,Tompkins,1920,2550.0,1479.0,123639.0,,0.58,48.485882352941175
G3601110,New York,Ulster,1920,4311.0,2299.0,301026.0,,0.5332869403850615,69.82741823242867
G3601130,New York,Warren,1920,1564.0,628.0,30011.0,,0.40153452685422,19.188618925831204
G3601150,New York,Washington,1920,3334.0,1645.0,99574.0,,0.4934013197360528,29.86622675464907
G3601170,New York,Wayne,1920,4980.0,3746.0,447613.0,,0.7522088353413655,89.88212851405622
G3601190,New York,Westchester,1920,1538.0,529.0,111899.0,,0.3439531859557867,72.75617685305592
G3601210,New York,Wyoming,1920,3165.0,2625.0,274258.0,,0.8293838862559242,86.65339652448657
G3601230,New York,Yates,1920,2041.0,1428.0,127960.0,,0.699657030867222,62.694757471827536
G3700010,North Carolina,Alamance,1920,2705.0,2474.0,189979.0,,0.9146025878003697,70.23253234750462
G3700030,North Carolina,Alexander,1920,1921.0,1662.0,158541.0,,0.8651743883394065,82.53045288912026
G3700050,North Carolina,Alleghany,1920,1409.0,1144.0,39359.0,,0.8119233498935415,27.933995741660752
G3700070,North Carolina,Anson,1920,3706.0,3489.0,1074376.0,,0.941446303291959,289.9017808958446
G3700090,North Carolina,Ashe,1920,3407.0,2339.0,73069.0,,0.6865277370120341,21.446727326093338
G3700110,North Carolina,Avery,1920,1315.0,462.0,17784.0,,0.35133079847908744,13.523954372623574
G3700130,North Carolina,Beaufort,1920,3228.0,2849.0,786214.0,,0.8825898389095415,243.56071871127634
G3700150,North Carolina,Bertie,1920,3340.0,3213.0,720691.0,,0.9619760479041917,215.77574850299402
G3700170,North Carolina,Bladen,1920,2452.0,1835.0,520323.0,,0.74836867862969,212.20350734094617
G3700190,North Carolina,Brunswick,1920,1417.0,1083.0,154784.0,,0.7642907551164432,109.23359209597741
G3700210,North Carolina,Buncombe,1920,3701.0,2059.0,56109.0,,0.5563361253715212,15.160497162928937
G3700230,North Carolina,Burke,1920,2194.0,1553.0,57872.0,,0.7078395624430265,26.37739288969918
G3700250,North Carolina,Cabarrus,1920,2427.0,2064.0,166449.0,,0.8504326328800988,68.5822002472188
G3700270,North Carolina,Caldwell,1920,1972.0,1399.0,44822.0,,0.7094320486815415,22.72920892494929
G3700290,North Carolina,Camden,1920,875.0,720.0,116674.0,,0.8228571428571428,133.3417142857143
G3700310,North Carolina,Carteret,1920,858.0,806.0,163613.0,,0.9393939393939394,190.6911421911422
G3700330,North Carolina,Caswell,1920,2558.0,2433.0,298672.0,,0.9511336982017201,116.75996872556685
G3700350,North Carolina,Catawba,1920,2916.0,2597.0,183635.0,,0.8906035665294925,62.974965706447186
G3700370,North Carolina,Chatham,1920,3741.0,3566.0,315551.0,,0.9532210638866613,84.34937182571505
G3700390,North Carolina,Cherokee,1920,1903.0,1065.0,34972.0,,0.5596426694692591,18.377299001576457
G3700410,North Carolina,Chowan,1920,1028.0,972.0,251451.0,,0.9455252918287937,244.60214007782102
G3700430,North Carolina,Clay,1920,808.0,524.0,18473.0,,0.6485148514851485,22.862623762376238
G3700450,North Carolina,Cleveland,1920,4016.0,3773.0,547131.0,,0.93949203187251,136.23779880478088
G3700470,North Carolina,Columbus,1920,3580.0,3181.0,776187.0,,0.8885474860335195,216.81201117318435
G3700490,North Carolina,Craven,1920,2598.0,2292.0,653674.0,,0.8822170900692841,251.60662047729022
G3700510,North Carolina,Cumberland,1920,3100.0,2738.0,1030315.0,,0.8832258064516129,332.35967741935485
G3700530,North Carolina,Currituck,1920,984.0,654.0,95629.0,,0.6646341463414634,97.1839430894309
G3700550,North Carolina,Dare,1920,77.0,57.0,4227.0,,0.7402597402597403,54.896103896103895
G3700570,North Carolina,Davidson,1920,3770.0,2971.0,166234.0,,0.7880636604774536,44.09389920424403
G3700590,North Carolina,Davie,1920,1768.0,1524.0,63720.0,,0.8619909502262444,36.040723981900456
G3700610,North Carolina,Duplin,1920,4686.0,4392.0,1324747.0,,0.9372599231754162,282.70315834400344
G3700630,North Carolina,Durham,1920,1769.0,1625.0,211209.0,,0.9185980780101752,119.39457320520067
G3700650,North Carolina,Edgecombe,1920,3840.0,3728.0,2017291.0,,0.9708333333333333,525.3361979166667
G3700670,North Carolina,Forsyth,1920,2849.0,2502.0,188077.0,,0.8782028782028782,66.01509301509302
G3700690,North Carolina,Franklin,1920,4226.0,3973.0,833583.0,,0.940132513014671,197.25106483672505
G3700710,North Carolina,Gaston,1920,2339.0,1991.0,186932.0,,0.8512184694313809,79.91962377084224
G3700730,North Carolina,Gates,1920,1583.0,1391.0,303597.0,,0.8787113076437144,191.78584965255843
G3700750,North Carolina,Graham,1920,746.0,391.0,7722.0,,0.5241286863270778,10.351206434316353
G3700770,North Carolina,Granville,1920,3503.0,3229.0,554513.0,,0.9217813302883243,158.2966029117899
G3700790,North Carolina,Greene,1920,2740.0,2658.0,1043092.0,,0.9700729927007299,380.6905109489051
G3700810,North Carolina,Guilford,1920,4021.0,3482.0,243879.0,,0.8659537428500373,60.651330514797316
G3700830,North Carolina,Halifax,1920,4671.0,4417.0,1700131.0,,0.9456219225005352,363.9758081781203
G3700850,North Carolina,Harnett,1920,3378.0,2929.0,842680.0,,0.8670811130846655,249.46121965660154
G3700870,North Carolina,Haywood,1920,2074.0,925.0,31146.0,,0.44599807135969144,15.017357762777243
G3700890,North Carolina,Henderson,1920,1973.0,1367.0,92853.0,,0.6928535225544855,47.06183476938672
G3700910,North Carolina,Hertford,1920,2084.0,2003.0,504045.0,,0.9611324376199616,241.86420345489444
G3700930,North Carolina,Hoke,1920,1496.0,1239.0,611388.0,,0.8282085561497327,408.6818181818182
G3700950,North Carolina,Hyde,1920,1148.0,605.0,48554.0,,0.5270034843205574,42.29442508710802
G3700970,North Carolina,Iredell,1920,4115.0,3730.0,245496.0,,0.9064398541919806,59.6588092345079
G3700990,North Carolina,Jackson,1920,1852.0,829.0,20847.0,,0.4476241900647948,11.256479481641469
G3701010,North Carolina,Johnston,1920,7026.0,6431.0,2391401.0,,0.9153145459721036,340.3645032735554
G3701030,North Carolina,Jones,1920,1540.0,1466.0,456233.0,,0.951948051948052,296.25519480519483
G3701050,North Carolina,Lee,1920,1465.0,1345.0,238852.0,,0.9180887372013652,163.03890784982934
G3701070,North Carolina,Lenoir,1920,3162.0,3045.0,1340100.0,,0.9629981024667932,423.81404174573055
G3701090,North Carolina,Lincoln,1920,2063.0,1897.0,136720.0,,0.9195346582646631,66.2724188075618
G3701110,North Carolina,McDowell,1920,1435.0,669.0,24900.0,,0.4662020905923345,17.35191637630662
G3701130,North Carolina,Macon,1920,1925.0,1167.0,36815.0,,0.6062337662337662,19.124675324675323
G3701150,North Carolina,Madison,1920,2935.0,990.0,30461.0,,0.3373083475298126,10.378534923339013
G3701170,North Carolina,Martin,1920,2515.0,2362.0,1273148.0,,0.9391650099403579,506.2218687872763
G3701190,North Carolina,Mecklenburg,1920,4344.0,3881.0,457632.0,,0.8934162062615101,105.34806629834254
G3701210,North Carolina,Mitchell,1920,1543.0,715.0,25031.0,,0.46338302009073234,16.222294232015553
G3701230,North Carolina,Montgomery,1920,1657.0,1556.0,205755.0,,0.9390464695232348,124.1732045866023
G3701250,North Carolina,Moore,1920,2176.0,1978.0,349045.0,,0.9090073529411765,160.40670955882354
G3701270,North Carolina,Nash,1920,4451.0,4240.0,1744792.0,,0.9525949224893282,392.0
G3701290,North Carolina,New Hanover,1920,323.0,231.0,65277.0,,0.7151702786377709,202.09597523219813
G3701310,North Carolina,Northampton,1920,3501.0,3241.0,866783.0,,0.9257355041416738,247.58154812910598
G3701330,North Carolina,Onslow,1920,2179.0,1933.0,368697.0,,0.8871041762276274,169.20468104635154
G3701350,North Carolina,Orange,1920,2183.0,1969.0,173183.0,,0.901969766376546,79.33256985799359
G3701370,North Carolina,Pamlico,1920,1316.0,1066.0,204060.0,,0.8100303951367781,155.06079027355622
G3701390,North Carolina,Pasquotank,1920,1360.0,1030.0,171245.0,,0.7573529411764706,125.9154411764706
G3701410,North Carolina,Pender,1920,1886.0,1561.0,266409.0,,0.827677624602333,141.2560975609756
G3701430,North Carolina,Perquimans,1920,1462.0,1334.0,203915.0,,0.9124487004103967,139.47674418604652
G3701450,North Carolina,Person,1920,2787.0,2685.0,449036.0,,0.9634015069967707,161.11804808037317
G3701470,North Carolina,Pitt,1920,5937.0,5574.0,2223258.0,,0.9388580090955028,374.47498736735724
G3701490,North Carolina,Polk,1920,1200.0,977.0,89801.0,,0.8141666666666667,74.83416666666666
G3701510,North Carolina,Randolph,1920,3871.0,3432.0,184474.0,,0.8865926117282356,47.65538620511496
G3701530,North Carolina,Richmond,1920,1797.0,1630.0,774453.0,,0.9070673344462994,430.9699499165275
G3701550,North Carolina,Robeson,1920,6564.0,5478.0,2338341.0,,0.8345521023765996,356.2372029250457
G3701570,North Carolina,Rockingham,1920,3664.0,3436.0,304612.0,,0.9377729257641921,83.13646288209607
G3701590,North Carolina,Rowan,1920,3474.0,2933.0,197664.0,,0.8442717328727691,56.89810017271157
G3701610,North Carolina,Rutherford,1920,3625.0,3254.0,241496.0,,0.8976551724137931,66.61958620689656
G3701630,North Carolina,Sampson,1920,5771.0,5305.0,1890004.0,,0.9192514295616011,327.5002599202911
G3701650,North Carolina,Scotland,1920,1830.0,1587.0,1109504.0,,0.8672131147540983,606.2863387978142
G3701670,North Carolina,Stanly,1920,2519.0,2253.0,181555.0,,0.8944025406907503,72.07423580786026
G3701690,North Carolina,Stokes,1920,3372.0,3211.0,294400.0,,0.9522538552787663,87.30723606168446
G3701710,North Carolina,Surry,1920,4065.0,3492.0,339000.0,,0.8590405904059041,83.39483394833948
G3701730,North Carolina,Swain,1920,1264.0,159.0,4821.0,,0.12579113924050633,3.8140822784810124
G3701750,North Carolina,Transylvania,1920,799.0,498.0,19274.0,,0.623279098873592,24.122653316645806
G3701770,North Carolina,Tyrrell,1920,643.0,547.0,155336.0,,0.8506998444790047,241.5800933125972
G3701790,North Carolina,Union,1920,4820.0,4671.0,646200.0,,0.9690871369294606,134.06639004149378
G3701810,North Carolina,Vance,1920,2036.0,1879.0,397261.0,,0.9228880157170923,195.11836935166994
G3701830,North Carolina,Wake,1920,6804.0,6190.0,1509899.0,,0.9097589653145208,221.9134332745444
G3701850,North Carolina,Warren,1920,3169.0,2801.0,440854.0,,0.8838750394446198,139.11454717576524
G3701870,North Carolina,Washington,1920,1110.0,857.0,147828.0,,0.7720720720720721,133.17837837837837
G3701890,North Carolina,Watauga,1920,2020.0,1129.0,40235.0,,0.558910891089109,19.918316831683168
G3701910,North Carolina,Wayne,1920,5030.0,4788.0,2148953.0,,0.9518886679920477,427.2272365805169
G3701930,North Carolina,Wilkes,1920,4971.0,3465.0,109406.0,,0.6970428485214243,22.008851337759
G3701950,North Carolina,Wilson,1920,4439.0,4272.0,1590332.0,,0.9623789141698581,358.26357287677405
G3701970,North Carolina,Yadkin,1920,2646.0,2303.0,123555.0,,0.8703703703703703,46.69501133786848
G3701990,North Carolina,Yancey,1920,2222.0,950.0,22376.0,,0.42754275427542754,10.070207020702071
G3800010,North Dakota,Adams,1920,897.0,3.0,133.0,,0.0033444816053511705,0.14827201783723523
G3800030,North Dakota,Barnes,1920,2039.0,122.0,17975.0,,0.059833251593918585,8.815595880333497
G3800050,North Dakota,Benson,1920,1707.0,0.0,0.0,,0.0,0.0
G3800070,North Dakota,Billings,1920,603.0,2.0,1100.0,,0.003316749585406302,1.824212271973466
G3800090,North Dakota,Bottineau,1920,2203.0,8.0,2136.0,,0.003631411711302769,0.9695869269178393
G3800110,North Dakota,Bowman,1920,788.0,3.0,400.0,,0.0038071065989847717,0.5076142131979695
G3800130,North Dakota,Burke,1920,1461.0,6.0,680.0,,0.004106776180698152,0.4654346338124572
G3800150,North Dakota,Burleigh,1920,1375.0,9.0,3415.0,,0.006545454545454545,2.4836363636363634
G3800170,North Dakota,Cass,1920,2374.0,37.0,9936.0,,0.015585509688289806,4.185341196293176
G3800190,North Dakota,Cavalier,1920,2014.0,8.0,3579.0,,0.003972194637537239,1.7770605759682225
G3800210,North Dakota,Dickey,1920,1269.0,8.0,975.0,,0.006304176516942475,0.7683215130023641
G3800230,North Dakota,Divide,1920,1642.0,10.0,1161.0,,0.0060901339829476245,0.7070645554202193
G3800250,North Dakota,Dunn,1920,1461.0,4.0,581.0,,0.0027378507871321013,0.3976728268309377
G3800270,North Dakota,Eddy,1920,708.0,1.0,280.0,,0.0014124293785310734,0.3954802259887006
G3800290,North Dakota,Emmons,1920,1449.0,5.0,1305.0,,0.003450655624568668,0.9006211180124224
G3800310,North Dakota,Foster,1920,711.0,1.0,100.0,,0.0014064697609001407,0.14064697609001406
G3800330,North Dakota,Golden Valley,1920,777.0,3.0,321.0,,0.003861003861003861,0.41312741312741313
G3800350,North Dakota,Grand Forks,1920,2007.0,10.0,1749.0,,0.004982561036372696,0.8714499252615845
G3800370,North Dakota,Grant,1920,1502.0,7.0,548.0,,0.004660452729693742,0.3648468708388815
G3800390,North Dakota,Griggs,1920,963.0,4.0,1755.0,,0.004153686396677051,1.8224299065420562
G3800410,North Dakota,Hettinger,1920,1131.0,8.0,3318.0,,0.007073386383731211,2.93368700265252
G3800430,North Dakota,Kidder,1920,1206.0,5.0,1035.0,,0.0041459369817578775,0.8582089552238806
G3800450,North Dakota,LaMoure,1920,1503.0,4.0,910.0,,0.0026613439787092482,0.605455755156354
G3800470,North Dakota,Logan,1920,1002.0,10.0,1073.0,,0.00998003992015968,1.0708582834331337
G3800490,North Dakota,McHenry,1920,2097.0,5.0,1726.0,,0.002384358607534573,0.8230805913209347
G3800510,North Dakota,McIntosh,1920,1025.0,0.0,0.0,,0.0,0.0
G3800530,North Dakota,McKenzie,1920,2033.0,7.0,2154.0,,0.003443187407771766,1.059517953762912
G3800550,North Dakota,McLean,1920,2473.0,4.0,1168.0,,0.0016174686615446825,0.4723008491710473
G3800570,North Dakota,Mercer,1920,1084.0,7.0,294.0,,0.006457564575645757,0.27121771217712176
G3800590,North Dakota,Morton,1920,1910.0,10.0,2201.0,,0.005235602094240838,1.1523560209424084
G3800610,North Dakota,Mountrail,1920,2000.0,1.0,280.0,,0.0005,0.14
G3800630,North Dakota,Nelson,1920,1237.0,11.0,2875.0,,0.00889248181083266,2.324171382376718
G3800650,North Dakota,Oliver,1920,766.0,1.0,72.0,,0.0013054830287206266,0.09399477806788512
G3800670,North Dakota,Pembina,1920,1795.0,6.0,2410.0,,0.003342618384401114,1.3426183844011141
G3800690,North Dakota,Pierce,1920,1184.0,5.0,1160.0,,0.004222972972972973,0.9797297297297297
G3800710,North Dakota,Ramsey,1920,1401.0,4.0,1695.0,,0.0028551034975017845,1.2098501070663812
G3800730,North Dakota,Ransom,1920,1343.0,9.0,1651.0,,0.006701414743112435,1.22933730454207
G3800750,North Dakota,Renville,1920,1174.0,5.0,908.0,,0.004258943781942078,0.7734241908006815
G3800770,North Dakota,Richland,1920,2298.0,26.0,8578.0,,0.011314186248912098,3.732811140121845
G3800790,North Dakota,Rolette,1920,1267.0,22.0,3998.0,,0.017363851617995266,3.155485398579321
G3800810,North Dakota,Sargent,1920,1321.0,4.0,450.0,,0.003028009084027252,0.34065102195306585
G3800830,North Dakota,Sheridan,1920,1118.0,4.0,1020.0,,0.0035778175313059034,0.9123434704830053
G3800850,North Dakota,Sioux,1920,472.0,2.0,110.0,,0.00423728813559322,0.2330508474576271
G3800870,North Dakota,Slope,1920,778.0,1.0,400.0,,0.0012853470437017994,0.5141388174807198
G3800890,North Dakota,Stark,1920,1301.0,2.0,350.0,,0.0015372790161414297,0.2690238278247502
G3800910,North Dakota,Steele,1920,987.0,5.0,9118.0,,0.005065856129685917,9.238095238095237
G3800930,North Dakota,Stutsman,1920,2487.0,12.0,6211.0,,0.0048250904704463205,2.497386409328508
G3800950,North Dakota,Towner,1920,1081.0,5.0,1704.0,,0.004625346901017576,1.57631822386679
G3800970,North Dakota,Traill,1920,1263.0,7.0,770.0,,0.0055423594615993665,0.6096595407759303
G3800990,North Dakota,Walsh,1920,2303.0,11.0,4339.0,,0.004776378636561007,1.8840642640034737
G3801010,North Dakota,Ward,1920,2643.0,12.0,3786.0,,0.004540295119182747,1.4324631101021565
G3801030,North Dakota,Wells,1920,1620.0,5.0,1395.0,,0.0030864197530864196,0.8611111111111112
G3801050,North Dakota,Williams,1920,2437.0,18.0,4494.0,,0.007386130488305293,1.8440705785802216
G3900010,Ohio,Adams,1920,3650.0,2572.0,161791.0,,0.7046575342465753,44.32630136986301
G3900030,Ohio,Allen,1920,2909.0,1608.0,98193.0,,0.5527672739773118,33.75489859058096
G3900050,Ohio,Ashland,1920,2512.0,2105.0,163753.0,,0.8379777070063694,65.18829617834395
G3900070,Ohio,Ashtabula,1920,4801.0,3346.0,370249.0,,0.69693813788794,77.11914184544887
G3900090,Ohio,Athens,1920,2503.0,1322.0,68033.0,,0.5281662005593288,27.180583300039952
G3900110,Ohio,Auglaize,1920,2626.0,1636.0,123178.0,,0.623000761614623,46.907083015993905
G3900130,Ohio,Belmont,1920,3566.0,1826.0,88250.0,,0.5120583286595626,24.74761637689288
G3900150,Ohio,Brown,1920,3890.0,2348.0,153689.0,,0.603598971722365,39.508740359897175
G3900170,Ohio,Butler,1920,2534.0,1079.0,101769.0,,0.42580899763220204,40.161404893449095
G3900190,Ohio,Carroll,1920,1990.0,1568.0,111680.0,,0.7879396984924623,56.120603015075375
G3900210,Ohio,Champaign,1920,2481.0,1545.0,149789.0,,0.6227327690447401,60.37444578798871
G3900230,Ohio,Clark,1920,2487.0,1436.0,130834.0,,0.5774024929634097,52.60715721753116
G3900250,Ohio,Clermont,1920,3803.0,2280.0,90018.0,,0.5995266894556929,23.67026032079937
G3900270,Ohio,Clinton,1920,2411.0,1916.0,122558.0,,0.7946909995852344,50.83284944006636
G3900290,Ohio,Columbiana,1920,3586.0,2708.0,273892.0,,0.7551589514779699,76.3781372002231
G3900310,Ohio,Coshocton,1920,2951.0,2038.0,131112.0,,0.690613351406303,44.429684852592345
G3900330,Ohio,Crawford,1920,2415.0,1973.0,126402.0,,0.8169772256728779,52.340372670807454
G3900350,Ohio,Cuyahoga,1920,3375.0,2338.0,299386.0,,0.6927407407407408,88.70696296296296
G3900370,Ohio,Darke,1920,5456.0,3327.0,202145.0,,0.6097873900293255,37.05003665689149
G3900390,Ohio,Defiance,1920,2522.0,1164.0,71707.0,,0.46153846153846156,28.43259318001586
G3900410,Ohio,Delaware,1920,2922.0,2160.0,194166.0,,0.7392197125256673,66.44969199178645
G3900430,Ohio,Erie,1920,1883.0,1337.0,125847.0,,0.7100371747211895,66.83324482209241
G3900450,Ohio,Fairfield,1920,3437.0,2788.0,249858.0,,0.8111725341867908,72.69653767820773
G3900470,Ohio,Fayette,1920,1787.0,1259.0,198491.0,,0.7045327364297705,111.07498601007275
G3900490,Ohio,Franklin,1920,3778.0,2344.0,198846.0,,0.6204340921122287,52.63260984647962
G3900510,Ohio,Fulton,1920,3156.0,2356.0,152600.0,,0.7465145754119138,48.35234474017744
G3900530,Ohio,Gallia,1920,2963.0,1260.0,57090.0,,0.4252446844414445,19.267634154573066
G3900550,Ohio,Geauga,1920,2576.0,1939.0,148119.0,,0.7527173913043478,57.49961180124224
G3900570,Ohio,Greene,1920,2373.0,1601.0,157880.0,,0.6746734091866835,66.53181626632954
G3900590,Ohio,Guernsey,1920,3079.0,1747.0,81781.0,,0.5673920103929847,26.56089639493342
G3900610,Ohio,Hamilton,1920,3741.0,1264.0,91479.0,,0.33787757284148623,24.453087409783482
G3900630,Ohio,Hancock,1920,3214.0,2262.0,101796.0,,0.7037958929682638,31.672682016179216
G3900650,Ohio,Hardin,1920,3052.0,1462.0,70387.0,,0.47903014416775885,23.062581913499344
G3900670,Ohio,Harrison,1920,2039.0,1219.0,62039.0,,0.5978420794507111,30.426189308484552
G3900690,Ohio,Henry,1920,2891.0,1267.0,78028.0,,0.43825665859564167,26.989968868903492
G3900710,Ohio,Highland,1920,3338.0,2841.0,300844.0,,0.8511084481725584,90.12702216896345
G3900730,Ohio,Hocking,1920,1753.0,1257.0,45932.0,,0.7170564746149458,26.201939532230462
G3900750,Ohio,Holmes,1920,2546.0,2135.0,166636.0,,0.8385703063629222,65.45011783189317
G3900770,Ohio,Huron,1920,2728.0,2282.0,214372.0,,0.8365102639296188,78.58211143695014
G3900790,Ohio,Jackson,1920,2054.0,1342.0,81585.0,,0.6533592989289192,39.72005842259007
G3900810,Ohio,Jefferson,1920,1866.0,967.0,61163.0,,0.5182207931404073,32.77759914255091
G3900830,Ohio,Knox,1920,3108.0,2565.0,202414.0,,0.8252895752895753,65.12676962676963
G3900850,Ohio,Lake,1920,1771.0,1049.0,94878.0,,0.5923207227555054,53.573122529644266
G3900870,Ohio,Lawrence,1920,2430.0,556.0,37356.0,,0.2288065843621399,15.37283950617284
G3900890,Ohio,Licking,1920,4138.0,2627.0,197949.0,,0.6348477525374577,47.83687771870469
G3900910,Ohio,Logan,1920,2825.0,1473.0,103350.0,,0.5214159292035399,36.584070796460175
G3900930,Ohio,Lorain,1920,3425.0,2658.0,368167.0,,0.776058394160584,107.49401459854015
G3900950,Ohio,Lucas,1920,2744.0,1290.0,117626.0,,0.47011661807580174,42.866618075801746
G3900970,Ohio,Madison,1920,1769.0,1105.0,165076.0,,0.6246466930469191,93.3159977388355
G3900990,Ohio,Mahoning,1920,2555.0,2064.0,147171.0,,0.8078277886497065,57.601174168297455
G3901010,Ohio,Marion,1920,1997.0,1202.0,99514.0,,0.6019028542814221,49.83174762143215
G3901030,Ohio,Medina,1920,3018.0,2728.0,270285.0,,0.9039098740888005,89.55765407554672
G3901050,Ohio,Meigs,1920,2833.0,1424.0,70163.0,,0.5026473702788563,24.766325450052946
G3901070,Ohio,Mercer,1920,3040.0,1517.0,86703.0,,0.4990131578947368,28.520723684210527
G3901090,Ohio,Miami,1920,3260.0,2166.0,151180.0,,0.6644171779141105,46.374233128834355
G3901110,Ohio,Monroe,1920,3062.0,1899.0,75100.0,,0.6201828870019594,24.526453298497714
G3901130,Ohio,Montgomery,1920,4460.0,3009.0,211699.0,,0.6746636771300448,47.46614349775785
G3901150,Ohio,Morgan,1920,2378.0,1625.0,79130.0,,0.6833473507148865,33.275862068965516
G3901170,Ohio,Morrow,1920,2570.0,2148.0,144329.0,,0.8357976653696498,56.1591439688716
G3901190,Ohio,Muskingum,1920,3688.0,2546.0,161772.0,,0.690347071583514,43.864425162689805
G3901210,Ohio,Noble,1920,2576.0,1339.0,48176.0,,0.5197981366459627,18.70186335403727
G3901230,Ohio,Ottawa,1920,2010.0,573.0,32098.0,,0.28507462686567164,15.969154228855722
G3901250,Ohio,Paulding,1920,2414.0,243.0,14146.0,,0.10066280033140017,5.859983429991715
G3901270,Ohio,Perry,1920,2355.0,1821.0,142780.0,,0.7732484076433122,60.62845010615711
G3901290,Ohio,Pickaway,1920,2151.0,1690.0,194381.0,,0.7856810785681079,90.3677359367736
G3901310,Ohio,Pike,1920,1940.0,1361.0,100259.0,,0.7015463917525773,51.679896907216495
G3901330,Ohio,Portage,1920,3406.0,2795.0,576596.0,,0.8206106870229007,169.2883147386964
G3901350,Ohio,Preble,1920,3095.0,2552.0,239164.0,,0.8245557350565428,77.27431340872374
G3901370,Ohio,Putnam,1920,3232.0,1361.0,93046.0,,0.42110148514851486,28.78898514851485
G3901390,Ohio,Richland,1920,3125.0,2436.0,172164.0,,0.77952,55.09248
G3901410,Ohio,Ross,1920,2949.0,1895.0,189640.0,,0.6425907087148186,64.30654459138691
G3901430,Ohio,Sandusky,1920,2713.0,2028.0,155222.0,,0.7475119793586436,57.21415407298194
G3901450,Ohio,Scioto,1920,2762.0,1550.0,108548.0,,0.56118754525706,39.30050687907313
G3901470,Ohio,Seneca,1920,3113.0,2739.0,224165.0,,0.8798586572438163,72.00931577256665
G3901490,Ohio,Shelby,1920,2624.0,1688.0,122388.0,,0.6432926829268293,46.641768292682926
G3901510,Ohio,Stark,1920,4628.0,3407.0,277063.0,,0.736171132238548,59.866681071737254
G3901530,Ohio,Summit,1920,2529.0,1802.0,188559.0,,0.7125345986555951,74.55871886120997
G3901550,Ohio,Trumbull,1920,3911.0,2746.0,198604.0,,0.7021222193812324,50.7808744566607
G3901570,Ohio,Tuscarawas,1920,3264.0,2065.0,141444.0,,0.6326593137254902,43.33455882352941
G3901590,Ohio,Union,1920,2736.0,1803.0,141125.0,,0.6589912280701754,51.58077485380117
G3901610,Ohio,Van Wert,1920,2879.0,385.0,25130.0,,0.1337269885376867,8.72872525182355
G3901630,Ohio,Vinton,1920,1598.0,1000.0,52681.0,,0.6257822277847309,32.96683354192741
G3901650,Ohio,Warren,1920,2584.0,1743.0,163892.0,,0.6745356037151703,63.425696594427244
G3901670,Ohio,Washington,1920,4204.0,2325.0,144623.0,,0.5530447193149381,34.40128449096099
G3901690,Ohio,Wayne,1920,3944.0,3426.0,352034.0,,0.8686612576064908,89.25811359026369
G3901710,Ohio,Williams,1920,2810.0,2138.0,120732.0,,0.7608540925266903,42.965124555160145
G3901730,Ohio,Wood,1920,4164.0,2115.0,210562.0,,0.5079250720461095,50.567243035542745
G3901750,Ohio,Wyandot,1920,2264.0,1655.0,115567.0,,0.7310070671378092,51.045494699646646
G4000010,Oklahoma,Adair,1920,1490.0,14.0,253.0,,0.009395973154362415,0.1697986577181208
G4000030,Oklahoma,Alfalfa,1920,2329.0,16.0,4855.0,,0.006869901245169601,2.0845856590811507
G4000050,Oklahoma,Atoka,1920,2928.0,13.0,3505.0,,0.004439890710382513,1.1970628415300546
G4000070,Oklahoma,Beaver,1920,2518.0,10.0,3708.0,,0.003971405877680699,1.472597299444003
G4000090,Oklahoma,Beckham,1920,2472.0,13.0,1489.0,,0.0052588996763754045,0.6023462783171522
G4000110,Oklahoma,Blaine,1920,2020.0,14.0,4790.0,,0.006930693069306931,2.371287128712871
G4000130,Oklahoma,Bryan,1920,4547.0,38.0,6539.0,,0.008357158566087531,1.4380910490433252
G4000150,Oklahoma,Caddo,1920,4214.0,36.0,9330.0,,0.00854295206454675,2.2140484100616993
G4000170,Oklahoma,Canadian,1920,2269.0,24.0,4772.0,,0.010577346848832084,2.1031291317761127
G4000190,Oklahoma,Carter,1920,2431.0,21.0,4205.0,,0.008638420403126285,1.7297408473879061
G4000210,Oklahoma,Cherokee,1920,2753.0,18.0,1090.0,,0.006538321830730113,0.395931710860879
G4000230,Oklahoma,Choctaw,1920,3781.0,53.0,4550.0,,0.014017455699550383,1.2033853477915895
G4000250,Oklahoma,Cimarron,1920,767.0,1.0,60.0,,0.001303780964797914,0.07822685788787484
G4000270,Oklahoma,Cleveland,1920,2216.0,19.0,6181.0,,0.008574007220216607,2.789259927797834
G4000290,Oklahoma,Coal,1920,1919.0,26.0,2465.0,,0.01354872329338197,1.2845231891610214
G4000310,Oklahoma,Comanche,1920,2320.0,17.0,8557.0,,0.007327586206896552,3.6883620689655174
G4000330,Oklahoma,Cotton,1920,1544.0,9.0,3490.0,,0.005829015544041451,2.260362694300518
G4000350,Oklahoma,Craig,1920,2104.0,63.0,9748.0,,0.02994296577946768,4.633079847908745
G4000370,Oklahoma,Creek,1920,2777.0,19.0,3357.0,,0.0068419157364061935,1.2088584803745048
G4000390,Oklahoma,Custer,1920,2394.0,7.0,2451.0,,0.0029239766081871343,1.0238095238095237
G4000410,Oklahoma,Delaware,1920,2176.0,64.0,7036.0,,0.029411764705882353,3.233455882352941
G4000430,Oklahoma,Dewey,1920,2031.0,13.0,6102.0,,0.006400787789266372,3.0044313146233383
G4000450,Oklahoma,Ellis,1920,1858.0,134.0,26141.0,,0.0721205597416577,14.069429494079655
G4000470,Oklahoma,Garfield,1920,3089.0,20.0,5388.0,,0.006474587245063127,1.7442538038200064
G4000490,Oklahoma,Garvin,1920,3823.0,17.0,3927.0,,0.004446769552707298,1.027203766675386
G4000510,Oklahoma,Grady,1920,3484.0,21.0,9030.0,,0.006027554535017222,2.5918484500574053
G4000530,Oklahoma,Grant,1920,2713.0,13.0,3825.0,,0.004791743457427202,1.4098783634353114
G4000550,Oklahoma,Greer,1920,1865.0,10.0,3661.0,,0.005361930294906166,1.9630026809651475
G4000570,Oklahoma,Harmon,1920,1512.0,11.0,5514.0,,0.007275132275132275,3.6468253968253967
G4000590,Oklahoma,Harper,1920,1426.0,8.0,3075.0,,0.005610098176718092,2.156381486676017
G4000610,Oklahoma,Haskell,1920,2529.0,28.0,2737.0,,0.011071569790431,1.0822459470146304
G4000630,Oklahoma,Hughes,1920,3191.0,24.0,4637.0,,0.007521153243497336,1.4531494829207146
G4000650,Oklahoma,Jackson,1920,2444.0,16.0,5911.0,,0.006546644844517185,2.4185761047463177
G4000670,Oklahoma,Jefferson,1920,1689.0,10.0,2645.0,,0.005920663114268798,1.566015393724097
G4000690,Oklahoma,Johnston,1920,2385.0,21.0,11281.0,,0.00880503144654088,4.729979035639413
G4000710,Oklahoma,Kay,1920,2595.0,16.0,2413.0,,0.006165703275529865,0.9298651252408477
G4000730,Oklahoma,Kingfisher,1920,2463.0,19.0,5347.0,,0.007714169711733658,2.17092976045473
G4000750,Oklahoma,Kiowa,1920,2880.0,15.0,3585.0,,0.005208333333333333,1.2447916666666667
G4000770,Oklahoma,Latimer,1920,1334.0,17.0,1426.0,,0.012743628185907047,1.0689655172413792
G4000790,Oklahoma,Le Flore,1920,4931.0,213.0,15456.0,,0.04319610626647739,3.134455485702697
G4000810,Oklahoma,Lincoln,1920,4545.0,21.0,2768.0,,0.0046204620462046205,0.609020902090209
G4000830,Oklahoma,Logan,1920,2701.0,23.0,5545.0,,0.008515364679748241,2.0529433543132174
G4000850,Oklahoma,Love,1920,1702.0,12.0,785.0,,0.007050528789659225,0.4612220916568743
G4000870,Oklahoma,McClain,1920,2316.0,11.0,1961.0,,0.004749568221070812,0.8467184801381693
G4000890,Oklahoma,McCurtain,1920,4511.0,88.0,4186.0,,0.01950786965196187,0.9279538904899135
G4000910,Oklahoma,McIntosh,1920,3449.0,30.0,4856.0,,0.008698173383589447,1.407944331690345
G4000930,Oklahoma,Major,1920,2029.0,17.0,3458.0,,0.008378511582060127,1.7042878265155248
G4000950,Oklahoma,Marshall,1920,1735.0,11.0,1335.0,,0.006340057636887608,0.7694524495677233
G4000970,Oklahoma,Mayes,1920,2223.0,34.0,3824.0,,0.015294646873594242,1.7201979307242465
G4000990,Oklahoma,Murray,1920,1189.0,10.0,2324.0,,0.008410428931875526,1.954583683767872
G4001010,Oklahoma,Muskogee,1920,3531.0,84.0,13251.0,,0.0237892948173322,3.7527612574341545
G4001030,Oklahoma,Noble,1920,1780.0,12.0,1273.0,,0.006741573033707865,0.7151685393258427
G4001050,Oklahoma,Nowata,1920,1102.0,20.0,3473.0,,0.018148820326678767,3.1515426497277677
G4001070,Oklahoma,Okfuskee,1920,3416.0,25.0,5617.0,,0.007318501170960188,1.644320843091335
G4001090,Oklahoma,Oklahoma,1920,2960.0,49.0,4064.0,,0.016554054054054055,1.372972972972973
G4001110,Oklahoma,Okmulgee,1920,1865.0,19.0,2605.0,,0.010187667560321715,1.3967828418230563
G4001130,Oklahoma,Osage,1920,1380.0,13.0,2845.0,,0.009420289855072464,2.0615942028985508
G4001150,Oklahoma,Ottawa,1920,1524.0,282.0,55507.0,,0.18503937007874016,36.42191601049869
G4001170,Oklahoma,Pawnee,1920,1629.0,13.0,1260.0,,0.00798035604665439,0.7734806629834254
G4001190,Oklahoma,Payne,1920,2444.0,11.0,2318.0,,0.004500818330605565,0.9484451718494271
G4001210,Oklahoma,Pittsburg,1920,3817.0,38.0,5464.0,,0.00995546240503013,1.431490699502227
G4001230,Oklahoma,Pontotoc,1920,3057.0,30.0,3459.0,,0.009813542688910697,1.1315014720314034
G4001250,Oklahoma,Pottawatomie,1920,4531.0,21.0,5307.0,,0.004634738468329287,1.1712646214963585
G4001270,Oklahoma,Pushmataha,1920,2343.0,20.0,3670.0,,0.008536064874093044,1.5663679043960734
G4001290,Oklahoma,Roger Mills,1920,1795.0,6.0,1747.0,,0.003342618384401114,0.9732590529247911
G4001310,Oklahoma,Rogers,1920,1750.0,30.0,4756.0,,0.017142857142857144,2.7177142857142855
G4001330,Oklahoma,Seminole,1920,3507.0,15.0,1748.0,,0.00427715996578272,0.4984317080125463
G4001350,Oklahoma,Sequoyah,1920,3540.0,54.0,10259.0,,0.015254237288135594,2.8980225988700563
G4001370,Oklahoma,Stephens,1920,2829.0,7.0,1958.0,,0.002474372569812655,0.6921173559561683
G4001390,Oklahoma,Texas,1920,2266.0,128.0,34583.0,,0.05648720211827008,15.261694616063549
G4001410,Oklahoma,Tillman,1920,2269.0,10.0,5110.0,,0.004407227853680035,2.252093433230498
G4001430,Oklahoma,Tulsa,1920,1625.0,37.0,5183.0,,0.02276923076923077,3.1895384615384614
G4001450,Oklahoma,Wagoner,1920,2453.0,68.0,7978.0,,0.027721157766000815,3.252344068487566
G4001470,Oklahoma,Washington,1920,726.0,11.0,1241.0,,0.015151515151515152,1.709366391184573
G4001490,Oklahoma,Washita,1920,3275.0,21.0,3082.0,,0.006412213740458015,0.9410687022900763
G4001510,Oklahoma,Woods,1920,2101.0,15.0,3711.0,,0.007139457401237506,1.7663017610661589
G4001530,Oklahoma,Woodward,1920,1862.0,28.0,15449.0,,0.015037593984962405,8.296992481203008
G4100010,Oregon,Baker,1920,1509.0,23.0,8012.0,,0.015241882041086813,5.309476474486415
G4100030,Oregon,Benton,1920,1320.0,189.0,7924.0,,0.1431818181818182,6.003030303030303
G4100050,Oregon,Clackamas,1920,3836.0,716.0,38390.0,,0.18665276329509906,10.007820646506778
G4100070,Oregon,Clatsop,1920,448.0,62.0,3309.0,,0.13839285714285715,7.386160714285714
G4100090,Oregon,Columbia,1920,991.0,83.0,2772.0,,0.08375378405650857,2.7971745711402622
G4100110,Oregon,Coos,1920,1178.0,53.0,2559.0,,0.04499151103565365,2.1723259762309
G4100130,Oregon,Crook,1920,561.0,58.0,46612.0,,0.10338680926916222,83.0873440285205
G4100150,Oregon,Curry,1920,339.0,6.0,163.0,,0.017699115044247787,0.4808259587020649
G4100170,Oregon,Deschutes,1920,751.0,325.0,20333.0,,0.43275632490013316,27.0745672436751
G4100190,Oregon,Douglas,1920,2275.0,107.0,8638.0,,0.047032967032967034,3.796923076923077
G4100210,Oregon,Gilliam,1920,454.0,4.0,4292.0,,0.00881057268722467,9.45374449339207
G4100230,Oregon,Grant,1920,728.0,5.0,19105.0,,0.006868131868131868,26.24313186813187
G4100250,Oregon,Harney,1920,589.0,8.0,2750.0,,0.013582342954159592,4.66893039049236
G4100270,Oregon,Hood River,1920,878.0,420.0,73064.0,,0.4783599088838269,83.21640091116173
G4100290,Oregon,Jackson,1920,1720.0,526.0,31614.0,,0.3058139534883721,18.380232558139536
G4100310,Oregon,Jefferson,1920,572.0,8.0,419.0,,0.013986013986013986,0.7325174825174825
G4100330,Oregon,Josephine,1920,727.0,166.0,7241.0,,0.22833562585969738,9.960110041265475
G4100350,Oregon,Klamath,1920,992.0,63.0,4225.0,,0.06350806451612903,4.259072580645161
G4100370,Oregon,Lake,1920,549.0,9.0,1651.0,,0.01639344262295082,3.0072859744990894
G4100390,Oregon,Lane,1920,3279.0,163.0,11647.0,,0.04971027752363526,3.551997560231778
G4100410,Oregon,Lincoln,1920,767.0,53.0,2912.0,,0.06910039113428944,3.7966101694915255
G4100430,Oregon,Linn,1920,3041.0,219.0,8736.0,,0.07201578428148635,2.8727392305162773
G4100450,Oregon,Malheur,1920,1322.0,11.0,2010.0,,0.00832072617246596,1.5204236006051437
G4100470,Oregon,Marion,1920,3681.0,518.0,54865.0,,0.14072262972018473,14.904917142080956
G4100490,Oregon,Morrow,1920,692.0,6.0,4344.0,,0.008670520231213872,6.277456647398844
G4100510,Oregon,Multnomah,1920,1828.0,327.0,29760.0,,0.17888402625820568,16.280087527352297
G4100530,Oregon,Polk,1920,1761.0,149.0,17475.0,,0.08461101646791595,9.923339011925043
G4100550,Oregon,Sherman,1920,460.0,2.0,3500.0,,0.004347826086956522,7.608695652173913
G4100570,Oregon,Tillamook,1920,797.0,39.0,686.0,,0.04893350062735257,0.8607277289836889
G4100590,Oregon,Umatilla,1920,2353.0,42.0,7301.0,,0.017849553761155972,3.1028474288142798
G4100610,Oregon,Union,1920,1279.0,48.0,8017.0,,0.03752931978107897,6.26817826426896
G4100630,Oregon,Wallowa,1920,1149.0,21.0,3508.0,,0.018276762402088774,3.053089643167972
G4100650,Oregon,Wasco,1920,1339.0,74.0,8111.0,,0.05526512322628827,6.057505601194921
G4100670,Oregon,Washington,1920,3090.0,834.0,25553.0,,0.26990291262135924,8.26957928802589
G4100690,Oregon,Wheeler,1920,359.0,0.0,0.0,,0.0,0.0
G4100710,Oregon,Yamhill,1920,2592.0,277.0,18026.0,,0.10686728395061729,6.9544753086419755
G4200010,Pennsylvania,Adams,1920,3451.0,3064.0,396792.0,,0.8878585917125471,114.97884671109823
G4200030,Pennsylvania,Allegheny,1920,3972.0,2174.0,247787.0,,0.5473313192346425,62.38343403826787
G4200050,Pennsylvania,Armstrong,1920,3771.0,2418.0,161176.0,,0.6412092283214001,42.740917528507026
G4200070,Pennsylvania,Beaver,1920,2514.0,1645.0,124341.0,,0.6543357199681782,49.45942720763723
G4200090,Pennsylvania,Bedford,1920,3462.0,2714.0,446055.0,,0.7839399191218949,128.8431542461005
G4200110,Pennsylvania,Berks,1920,6089.0,4662.0,491467.0,,0.7656429627196584,80.71391033010346
G4200130,Pennsylvania,Blair,1920,1626.0,1063.0,111363.0,,0.6537515375153752,68.48892988929889
G4200150,Pennsylvania,Bradford,1920,5290.0,2912.0,191397.0,,0.5504725897920605,36.18090737240075
G4200170,Pennsylvania,Bucks,1920,5714.0,4325.0,758038.0,,0.7569128456422821,132.6632831641582
G4200190,Pennsylvania,Butler,1920,5274.0,3546.0,292116.0,,0.6723549488054608,55.387940841865756
G4200210,Pennsylvania,Cambria,1920,2398.0,1753.0,177412.0,,0.7310258548790659,73.98331943286071
G4200230,Pennsylvania,Cameron,1920,225.0,80.0,4236.0,,0.35555555555555557,18.826666666666668
G4200250,Pennsylvania,Carbon,1920,949.0,772.0,179923.0,,0.8134878819810326,189.5922023182297
G4200270,Pennsylvania,Centre,1920,2295.0,1500.0,128889.0,,0.6535947712418301,56.16078431372549
G4200290,Pennsylvania,Chester,1920,5508.0,4821.0,1025324.0,,0.8752723311546841,186.1517792302106
G4200310,Pennsylvania,Clarion,1920,2931.0,2420.0,157398.0,,0.8256567724326168,53.70112589559877
G4200330,Pennsylvania,Clearfield,1920,3158.0,2093.0,216611.0,,0.6627612412919569,68.59119696010133
G4200350,Pennsylvania,Clinton,1920,1065.0,679.0,49735.0,,0.6375586854460094,46.69953051643193
G4200370,Pennsylvania,Columbia,1920,2603.0,2359.0,308124.0,,0.9062620053784095,118.37264694583173
G4200390,Pennsylvania,Crawford,1920,6521.0,5128.0,319550.0,,0.7863824566784235,49.003220364974695
G4200410,Pennsylvania,Cumberland,1920,3115.0,2633.0,219214.0,,0.8452648475120386,70.3736757624398
G4200430,Pennsylvania,Dauphin,1920,2517.0,2065.0,206329.0,,0.8204211362733412,81.97417560588002
G4200450,Pennsylvania,Delaware,1920,1287.0,843.0,170078.0,,0.655011655011655,132.15073815073816
G4200470,Pennsylvania,Elk,1920,856.0,526.0,40422.0,,0.6144859813084113,47.22196261682243
G4200490,Pennsylvania,Erie,1920,5485.0,4196.0,378136.0,,0.7649954421148587,68.94001823154056
G4200510,Pennsylvania,Fayette,1920,3267.0,1653.0,120222.0,,0.5059687786960514,36.798898071625345
G4200530,Pennsylvania,Forest,1920,416.0,248.0,18983.0,,0.5961538461538461,45.63221153846154
G4200550,Pennsylvania,Franklin,1920,3884.0,3349.0,368052.0,,0.8622554067971163,94.7610710607621
G4200570,Pennsylvania,Fulton,1920,1350.0,1205.0,82743.0,,0.8925925925925926,61.291111111111114
G4200590,Pennsylvania,Greene,1920,3168.0,723.0,43570.0,,0.22821969696969696,13.753156565656566
G4200610,Pennsylvania,Huntingdon,1920,2111.0,1602.0,126461.0,,0.758882046423496,59.9057318806253
G4200630,Pennsylvania,Indiana,1920,3935.0,2950.0,255309.0,,0.7496823379923762,64.88157560355782
G4200650,Pennsylvania,Jefferson,1920,2947.0,2212.0,166919.0,,0.7505938242280285,56.64031218187988
G4200670,Pennsylvania,Juniata,1920,1572.0,1327.0,109991.0,,0.844147582697201,69.96882951653944
G4200690,Pennsylvania,Lackawanna,1920,1698.0,1110.0,146905.0,,0.6537102473498233,86.51648998822144
G4200710,Pennsylvania,Lancaster,1920,11307.0,8563.0,1246035.0,,0.7573184752807995,110.20031838684001
G4200730,Pennsylvania,Lawrence,1920,2464.0,1622.0,96964.0,,0.6582792207792207,39.35227272727273
G4200750,Pennsylvania,Lebanon,1920,2372.0,1774.0,168986.0,,0.7478920741989882,71.24198988195616
G4200770,Pennsylvania,Lehigh,1920,2959.0,2434.0,365783.0,,0.8225751943224062,123.61710037174721
G4200790,Pennsylvania,Luzerne,1920,2965.0,1603.0,178160.0,,0.5406408094435076,60.08768971332209
G4200810,Pennsylvania,Lycoming,1920,3273.0,2559.0,228916.0,,0.7818515123739689,69.94072716162542
G4200830,Pennsylvania,McKean,1920,1580.0,959.0,48973.0,,0.6069620253164557,30.995569620253164
G4200850,Pennsylvania,Mercer,1920,4499.0,3514.0,251805.0,,0.7810624583240721,55.96910424538786
G4200870,Pennsylvania,Mifflin,1920,1108.0,835.0,64000.0,,0.7536101083032491,57.761732851985556
G4200890,Pennsylvania,Monroe,1920,1818.0,1098.0,84218.0,,0.6039603960396039,46.324532453245325
G4200910,Pennsylvania,Montgomery,1920,4840.0,3050.0,476362.0,,0.6301652892561983,98.42190082644628
G4200930,Pennsylvania,Montour,1920,774.0,733.0,84492.0,,0.9470284237726099,109.16279069767442
G4200950,Pennsylvania,Northampton,1920,3283.0,2537.0,216493.0,,0.7727688090161438,65.94364910143162
G4200970,Pennsylvania,Northumberland,1920,2589.0,2279.0,242490.0,,0.8802626496716879,93.66164542294322
G4200990,Pennsylvania,Perry,1920,2105.0,1772.0,142404.0,,0.8418052256532067,67.65035629453682
G4201010,Pennsylvania,Philadelphia,1920,423.0,291.0,106010.0,,0.6879432624113475,250.6146572104019
G4201030,Pennsylvania,Pike,1920,690.0,223.0,12478.0,,0.32318840579710145,18.08405797101449
G4201050,Pennsylvania,Potter,1920,1866.0,974.0,70442.0,,0.5219721329046088,37.750267952840304
G4201070,Pennsylvania,Schuylkill,1920,2813.0,2463.0,422006.0,,0.8755776750799857,150.0199075719872
G4201090,Pennsylvania,Snyder,1920,1753.0,1551.0,127810.0,,0.8847689674843126,72.9092983456931
G4201110,Pennsylvania,Somerset,1920,3630.0,2920.0,304190.0,,0.8044077134986226,83.79889807162535
G4201130,Pennsylvania,Sullivan,1920,836.0,609.0,34283.0,,0.7284688995215312,41.00837320574163
G4201150,Pennsylvania,Susquehanna,1920,3526.0,2155.0,169866.0,,0.6111741349971639,48.17526942711287
G4201170,Pennsylvania,Tioga,1920,3702.0,1811.0,126464.0,,0.4891950297136683,34.16099405726634
G4201190,Pennsylvania,Union,1920,1411.0,1116.0,93020.0,,0.7909284195605953,65.92487597448618
G4201210,Pennsylvania,Venango,1920,2369.0,1720.0,118026.0,,0.7260447446179823,49.821021528070915
G4201230,Pennsylvania,Warren,1920,2353.0,1616.0,99851.0,,0.6867828304292393,42.43561410964726
G4201250,Pennsylvania,Washington,1920,4482.0,2015.0,147877.0,,0.4495760821062026,32.993529674252564
G4201270,Pennsylvania,Wayne,1920,3082.0,1640.0,126962.0,,0.5321219987021415,41.19467878001298
G4201290,Pennsylvania,Westmoreland,1920,5593.0,3091.0,314788.0,,0.5526551045950295,56.28249597711425
G4201310,Pennsylvania,Wyoming,1920,1543.0,618.0,53643.0,,0.40051847051198963,34.76539209332469
G4201330,Pennsylvania,York,1920,7818.0,7316.0,1163476.0,,0.9357892044001024,148.82015860833974
G4400010,Rhode Island,Bristol,1920,215.0,135.0,27532.0,,0.627906976744186,128.05581395348838
G4400030,Rhode Island,Kent,1920,431.0,292.0,32426.0,,0.6774941995359629,75.23433874709977
G4400050,Rhode Island,Newport,1920,823.0,475.0,124042.0,,0.5771567436208992,150.71931956257595
G4400070,Rhode Island,Providence,1920,1639.0,750.0,117002.0,,0.4575960951799878,71.3862111043319
G4400090,Rhode Island,Washington,1920,975.0,645.0,78784.0,,0.6615384615384615,80.80410256410256
G4500010,South Carolina,Abbeville,1920,4469.0,4247.0,648266.0,,0.9503244573730141,145.05840232714255
G4500030,South Carolina,Aiken,1920,4989.0,4602.0,1793687.0,,0.9224293445580276,359.528362397274
G4500050,South Carolina,Allendale,1920,1764.0,1721.0,1056032.0,,0.9756235827664399,598.657596371882
G4500070,South Carolina,Anderson,1920,8910.0,8583.0,2172122.0,,0.9632996632996633,243.7847362514029
G4500090,South Carolina,Bamberg,1920,2543.0,2479.0,859200.0,,0.9748328745576091,337.8686590640975
G4500110,South Carolina,Barnwell,1920,3105.0,2890.0,1187618.0,,0.9307568438003221,382.4856682769726
G4500130,South Carolina,Beaufort,1920,3168.0,899.0,354824.0,,0.28377525252525254,112.00252525252525
G4500150,South Carolina,Berkeley,1920,2691.0,2443.0,494854.0,,0.9078409513192122,183.89223337049424
G4500170,South Carolina,Calhoun,1920,2901.0,2764.0,1334336.0,,0.9527749052051017,459.9572561185798
G4500190,South Carolina,Charleston,1920,3850.0,2581.0,649395.0,,0.6703896103896104,168.67402597402597
G4500210,South Carolina,Cherokee,1920,3286.0,3122.0,532939.0,,0.9500912964090079,162.18472306755933
G4500230,South Carolina,Chester,1920,4144.0,3780.0,720948.0,,0.9121621621621622,173.97393822393823
G4500250,South Carolina,Chesterfield,1920,4487.0,4088.0,1693941.0,,0.9110764430577223,377.5219523066637
G4500270,South Carolina,Clarendon,1920,5058.0,4810.0,1739559.0,,0.9509687623566627,343.9223013048636
G4500290,South Carolina,Colleton,1920,3976.0,3332.0,724349.0,,0.8380281690140845,182.1803319919517
G4500310,South Carolina,Darlington,1920,4923.0,4362.0,2260878.0,,0.8860450944546009,459.2480195003047
G4500330,South Carolina,Dillon,1920,3440.0,3190.0,1742147.0,,0.9273255813953488,506.43808139534883
G4500350,South Carolina,Dorchester,1920,2260.0,2104.0,446722.0,,0.9309734513274336,197.6646017699115
G4500370,South Carolina,Edgefield,1920,3991.0,3781.0,894695.0,,0.9473816086193937,224.17815083938862
G4500390,South Carolina,Fairfield,1920,3980.0,3724.0,667901.0,,0.935678391959799,167.8143216080402
G4500410,South Carolina,Florence,1920,5321.0,4933.0,1898985.0,,0.9270813756812629,356.8849840255591
G4500430,South Carolina,Georgetown,1920,1834.0,893.0,289786.0,,0.48691384950926936,158.00763358778627
G4500450,South Carolina,Greenville,1920,6762.0,6323.0,1134154.0,,0.935078379177758,167.7246376811594
G4500470,South Carolina,Greenwood,1920,4005.0,3767.0,665261.0,,0.9405742821473159,166.1076154806492
G4500490,South Carolina,Hampton,1920,2003.0,1910.0,558215.0,,0.9535696455317024,278.68946580129807
G4500510,South Carolina,Horry,1920,4687.0,4217.0,1117658.0,,0.8997226370812886,238.4591423085129
G4500530,South Carolina,Jasper,1920,1281.0,869.0,125926.0,,0.6783762685402029,98.30288836846213
G4500550,South Carolina,Kershaw,1920,3664.0,3483.0,1145623.0,,0.9506004366812227,312.6700327510917
G4500570,South Carolina,Lancaster,1920,3724.0,3556.0,848505.0,,0.9548872180451128,227.84774436090225
G4500590,South Carolina,Laurens,1920,6068.0,5816.0,1233186.0,,0.958470665787739,203.2277521423863
G4500610,South Carolina,Lee,1920,4217.0,3952.0,1581204.0,,0.9371591178562959,374.95944984586197
G4500630,South Carolina,Lexington,1920,4816.0,4396.0,1059309.0,,0.9127906976744186,219.9561877076412
G4500650,South Carolina,McCormick,1920,2911.0,2740.0,409882.0,,0.9412572998969426,140.80453452421847
G4500670,South Carolina,Marion,1920,2579.0,2422.0,994929.0,,0.9391236913532377,385.78092283830944
G4500690,South Carolina,Marlboro,1920,4477.0,4344.0,3458568.0,,0.9702926066562431,772.5190976100067
G4500710,South Carolina,Newberry,1920,4627.0,4447.0,795634.0,,0.9610979036092501,171.95461422087746
G4500730,South Carolina,Oconee,1920,4183.0,3902.0,617778.0,,0.9328233325364571,147.6877838871623
G4500750,South Carolina,Orangeburg,1920,8558.0,8119.0,3323500.0,,0.9487029679831737,388.3500817948119
G4500770,South Carolina,Pickens,1920,3452.0,3228.0,490651.0,,0.9351100811123986,142.13528389339513
G4500790,South Carolina,Richland,1920,3889.0,3633.0,1046207.0,,0.934173309334019,269.01697094368734
G4500810,South Carolina,Saluda,1920,3917.0,3732.0,813403.0,,0.9527699770232321,207.65968853714577
G4500830,South Carolina,Spartanburg,1920,8260.0,7990.0,1713799.0,,0.9673123486682809,207.4817191283293
G4500850,South Carolina,Sumter,1920,4897.0,4554.0,2079737.0,,0.9299571166020012,424.6961404941801
G4500870,South Carolina,Union,1920,2817.0,2637.0,448329.0,,0.9361022364217252,159.15122470713524
G4500890,South Carolina,Williamsburg,1920,5964.0,5565.0,1759296.0,,0.9330985915492958,294.98591549295776
G4500910,South Carolina,York,1920,5845.0,5607.0,962857.0,,0.9592814371257485,164.7317365269461
G4600030,South Dakota,Aurora,1920,1074.0,1.0,105.0,,0.000931098696461825,0.09776536312849161
G4600050,South Dakota,Beadle,1920,1716.0,6.0,2385.0,,0.0034965034965034965,1.3898601398601398
G4600070,South Dakota,Bennett,1920,384.0,0.0,0.0,,0.0,0.0
G4600090,South Dakota,Bon Homme,1920,1394.0,5.0,2978.0,,0.003586800573888092,2.1362984218077474
G4600110,South Dakota,Brookings,1920,1891.0,12.0,1791.0,,0.006345848757271285,0.9471179270227393
G4600130,South Dakota,Brown,1920,2305.0,4.0,640.0,,0.0017353579175704988,0.27765726681127983
G4600150,South Dakota,Brule,1920,986.0,0.0,0.0,,0.0,0.0
G4600170,South Dakota,Buffalo,1920,212.0,0.0,0.0,,0.0,0.0
G4600190,South Dakota,Butte,1920,1005.0,5.0,922.0,,0.004975124378109453,0.9174129353233831
G4600210,South Dakota,Campbell,1920,707.0,2.0,425.0,,0.002828854314002829,0.6011315417256011
G4600230,South Dakota,Charles Mix,1920,2096.0,5.0,1425.0,,0.002385496183206107,0.6798664122137404
G4600250,South Dakota,Clark,1920,1519.0,2.0,768.0,,0.0013166556945358788,0.5055957867017775
G4600270,South Dakota,Clay,1920,1237.0,1.0,130.0,,0.0008084074373484236,0.10509296685529507
G4600290,South Dakota,Codington,1920,1177.0,3.0,4618.0,,0.002548853016142736,3.923534409515718
G4600310,South Dakota,Corson,1920,1261.0,4.0,165.0,,0.0031720856463124504,0.1308485329103886
G4600330,South Dakota,Custer,1920,646.0,1.0,28.0,,0.0015479876160990713,0.043343653250773995
G4600350,South Dakota,Davison,1920,981.0,4.0,307.0,,0.004077471967380225,0.3129459734964322
G4600370,South Dakota,Day,1920,1995.0,5.0,794.0,,0.002506265664160401,0.3979949874686717
G4600390,South Dakota,Deuel,1920,1160.0,3.0,420.0,,0.002586206896551724,0.3620689655172414
G4600410,South Dakota,Dewey,1920,650.0,2.0,220.0,,0.003076923076923077,0.3384615384615385
G4600430,South Dakota,Douglas,1920,912.0,3.0,470.0,,0.003289473684210526,0.5153508771929824
G4600450,South Dakota,Edmunds,1920,1029.0,1.0,697.0,,0.0009718172983479105,0.6773566569484937
G4600470,South Dakota,Fall River,1920,813.0,0.0,0.0,,0.0,0.0
G4600490,South Dakota,Faulk,1920,855.0,1.0,100.0,,0.0011695906432748538,0.11695906432748537
G4600510,South Dakota,Grant,1920,1347.0,1.0,100.0,,0.0007423904974016332,0.07423904974016332
G4600530,South Dakota,Gregory,1920,1657.0,0.0,0.0,,0.0,0.0
G4600550,South Dakota,Haakon,1920,819.0,0.0,0.0,,0.0,0.0
G4600570,South Dakota,Hamlin,1920,1054.0,6.0,1190.0,,0.0056925996204933585,1.1290322580645162
G4600590,South Dakota,Hand,1920,1349.0,1.0,200.0,,0.0007412898443291327,0.14825796886582654
G4600610,South Dakota,Hanson,1920,879.0,0.0,0.0,,0.0,0.0
G4600630,South Dakota,Harding,1920,907.0,0.0,0.0,,0.0,0.0
G4600650,South Dakota,Hughes,1920,363.0,0.0,0.0,,0.0,0.0
G4600670,South Dakota,Hutchinson,1920,1553.0,0.0,0.0,,0.0,0.0
G4600690,South Dakota,Hyde,1920,463.0,3.0,500.0,,0.0064794816414686825,1.079913606911447
G4600710,South Dakota,Jackson,1920,394.0,0.0,0.0,,0.0,0.0
G4600730,South Dakota,Jerauld,1920,745.0,1.0,200.0,,0.0013422818791946308,0.2684563758389262
G4600750,South Dakota,Jones,1920,484.0,1.0,90.0,,0.002066115702479339,0.1859504132231405
G4600770,South Dakota,Kingsbury,1920,1597.0,0.0,0.0,,0.0,0.0
G4600790,South Dakota,Lake,1920,1285.0,4.0,180.0,,0.0031128404669260703,0.14007782101167315
G4600810,South Dakota,Lawrence,1920,449.0,3.0,18.0,,0.0066815144766146995,0.0400890868596882
G4600830,South Dakota,Lincoln,1920,1755.0,0.0,0.0,,0.0,0.0
G4600850,South Dakota,Lyman,1920,1000.0,0.0,0.0,,0.0,0.0
G4600870,South Dakota,McCook,1920,1253.0,0.0,0.0,,0.0,0.0
G4600890,South Dakota,McPherson,1920,992.0,4.0,888.0,,0.004032258064516129,0.8951612903225806
G4600910,South Dakota,Marshall,1920,1269.0,0.0,0.0,,0.0,0.0
G4600930,South Dakota,Meade,1920,1722.0,1.0,250.0,,0.0005807200929152149,0.14518002322880372
G4600950,South Dakota,Mellette,1920,602.0,1.0,180.0,,0.0016611295681063123,0.29900332225913623
G4600970,South Dakota,Miner,1920,1153.0,0.0,0.0,,0.0,0.0
G4600990,South Dakota,Minnehaha,1920,2294.0,4.0,247.0,,0.0017436791630340018,0.1076721883173496
G4601010,South Dakota,Moody,1920,1245.0,4.0,1650.0,,0.00321285140562249,1.3253012048192772
G4601030,South Dakota,Pennington,1920,1128.0,2.0,1110.0,,0.0017730496453900709,0.9840425531914894
G4601050,South Dakota,Perkins,1920,1560.0,5.0,510.0,,0.003205128205128205,0.3269230769230769
G4601070,South Dakota,Potter,1920,564.0,0.0,0.0,,0.0,0.0
G4601090,South Dakota,Roberts,1920,2194.0,33.0,1780.0,,0.01504102096627165,0.8113035551504102
G4601110,South Dakota,Sanborn,1920,1021.0,1.0,200.0,,0.0009794319294809011,0.1958863858961802
G4601130,South Dakota,Shannon,1920,263.0,0.0,0.0,,0.0,0.0
G4601150,South Dakota,Spink,1920,1874.0,0.0,0.0,,0.0,0.0
G4601170,South Dakota,Stanley,1920,490.0,0.0,0.0,,0.0,0.0
G4601190,South Dakota,Sully,1920,456.0,3.0,1242.0,,0.006578947368421052,2.723684210526316
G4601210,South Dakota,Todd,1920,160.0,3.0,725.0,,0.01875,4.53125
G4601230,South Dakota,Tripp,1920,1856.0,0.0,0.0,,0.0,0.0
G4601250,South Dakota,Turner,1920,1862.0,16.0,1365.0,,0.008592910848549946,0.7330827067669173
G4601270,South Dakota,Union,1920,1421.0,1.0,40.0,,0.0007037297677691766,0.028149190710767064
G4601290,South Dakota,Walworth,1920,653.0,0.0,0.0,,0.0,0.0
G4601310,South Dakota,Washabaugh,1920,150.0,0.0,0.0,,0.0,0.0
G4601330,South Dakota,Washington,1920,118.0,0.0,0.0,,0.0,0.0
G4601350,South Dakota,Yankton,1920,1520.0,5.0,1905.0,,0.003289473684210526,1.2532894736842106
G4601370,South Dakota,Ziebach,1920,701.0,2.0,508.0,,0.0028530670470756064,0.724679029957204
G4700010,Tennessee,Anderson,1920,1677.0,712.0,21331.0,,0.4245676803816339,12.719737626714371
G4700030,Tennessee,Bedford,1920,3340.0,582.0,24906.0,,0.17425149700598802,7.45688622754491
G4700050,Tennessee,Benton,1920,1983.0,1072.0,26104.0,,0.5405950579929399,13.163893091275845
G4700070,Tennessee,Bledsoe,1920,1060.0,526.0,20733.0,,0.4962264150943396,19.55943396226415
G4700090,Tennessee,Blount,1920,2601.0,1330.0,61215.0,,0.5113417916186083,23.53517877739331
G4700110,Tennessee,Bradley,1920,1836.0,1321.0,48845.0,,0.7194989106753813,26.604030501089326
G4700130,Tennessee,Campbell,1920,1892.0,1033.0,32827.0,,0.5459830866807611,17.35042283298097
G4700150,Tennessee,Cannon,1920,1992.0,438.0,13320.0,,0.21987951807228914,6.686746987951807
G4700170,Tennessee,Carroll,1920,4141.0,1258.0,43833.0,,0.3037913547452306,10.585124366095146
G4700190,Tennessee,Carter,1920,2717.0,1185.0,60679.0,,0.4361428045638572,22.333087964666912
G4700210,Tennessee,Cheatham,1920,1449.0,766.0,33444.0,,0.52864044168392,23.080745341614907
G4700230,Tennessee,Chester,1920,1667.0,846.0,39172.0,,0.50749850029994,23.498500299940012
G4700250,Tennessee,Claiborne,1920,3022.0,1784.0,44354.0,,0.5903375248180013,14.677035076108538
G4700270,Tennessee,Clay,1920,1605.0,556.0,16130.0,,0.34641744548286607,10.049844236760125
G4700290,Tennessee,Cocke,1920,2800.0,1079.0,43684.0,,0.38535714285714284,15.601428571428572
G4700310,Tennessee,Coffee,1920,2314.0,1267.0,61496.0,,0.5475367329299914,26.57562662057044
G4700330,Tennessee,Crockett,1920,3072.0,271.0,8280.0,,0.08821614583333333,2.6953125
G4700350,Tennessee,Cumberland,1920,1267.0,866.0,24428.0,,0.6835043409629045,19.280189423835832
G4700370,Tennessee,Davidson,1920,3051.0,376.0,29239.0,,0.12323828253031793,9.58341527368076
G4700390,Tennessee,Decatur,1920,1813.0,678.0,17578.0,,0.3739658025372311,9.69553226696084
G4700410,Tennessee,DeKalb,1920,2792.0,532.0,15926.0,,0.19054441260744986,5.704154727793696
G4700430,Tennessee,Dickson,1920,2544.0,1380.0,36704.0,,0.5424528301886793,14.427672955974844
G4700450,Tennessee,Dyer,1920,3922.0,45.0,2076.0,,0.011473737888832228,0.5293217746047935
G4700470,Tennessee,Fayette,1920,5875.0,48.0,4559.0,,0.008170212765957446,0.776
G4700490,Tennessee,Fentress,1920,1214.0,708.0,18245.0,,0.5831960461285008,15.028830313014828
G4700510,Tennessee,Franklin,1920,2230.0,1174.0,61907.0,,0.526457399103139,27.760986547085203
G4700530,Tennessee,Gibson,1920,6585.0,1289.0,63036.0,,0.19574791192103266,9.57266514806378
G4700550,Tennessee,Giles,1920,5299.0,568.0,15548.0,,0.10719003585582185,2.9341385167012644
G4700570,Tennessee,Grainger,1920,2257.0,1020.0,36143.0,,0.4519273371732388,16.013735046521933
G4700590,Tennessee,Greene,1920,5313.0,3873.0,139212.0,,0.7289666854884246,26.20214568040655
G4700610,Tennessee,Grundy,1920,563.0,243.0,7648.0,,0.43161634103019536,13.58436944937833
G4700630,Tennessee,Hamblen,1920,1564.0,1111.0,52268.0,,0.7103580562659847,33.41943734015345
G4700650,Tennessee,Hamilton,1920,2480.0,1236.0,49185.0,,0.49838709677419357,19.83266129032258
G4700670,Tennessee,Hancock,1920,1820.0,646.0,13522.0,,0.35494505494505496,7.42967032967033
G4700690,Tennessee,Hardeman,1920,3535.0,531.0,17496.0,,0.1502121640735502,4.949363507779349
G4700710,Tennessee,Hardin,1920,2907.0,1181.0,43588.0,,0.4062607499140007,14.994152046783626
G4700730,Tennessee,Hawkins,1920,3314.0,1442.0,51299.0,,0.4351237175618588,15.479480989740495
G4700750,Tennessee,Haywood,1920,4359.0,34.0,4665.0,,0.0077999541179169535,1.0701995870612526
G4700770,Tennessee,Henderson,1920,3290.0,1562.0,54227.0,,0.47477203647416416,16.48237082066869
G4700790,Tennessee,Henry,1920,4286.0,1641.0,54026.0,,0.38287447503499766,12.60522631824545
G4700810,Tennessee,Hickman,1920,1928.0,324.0,8286.0,,0.16804979253112035,4.297717842323651
G4700830,Tennessee,Houston,1920,724.0,275.0,14272.0,,0.3798342541436464,19.712707182320443
G4700850,Tennessee,Humphreys,1920,1805.0,186.0,6509.0,,0.10304709141274238,3.6060941828254847
G4700870,Tennessee,Jackson,1920,2403.0,499.0,17017.0,,0.20765709529754472,7.081564710778194
G4700890,Tennessee,Jefferson,1920,2209.0,1267.0,61208.0,,0.5735626980534179,27.708465368945223
G4700910,Tennessee,Johnson,1920,1672.0,816.0,19104.0,,0.4880382775119617,11.425837320574162
G4700930,Tennessee,Knox,1920,3969.0,2124.0,93481.0,,0.5351473922902494,23.5527840765936
G4700950,Tennessee,Lake,1920,850.0,8.0,3716.0,,0.009411764705882352,4.371764705882353
G4700970,Tennessee,Lauderdale,1920,3406.0,29.0,1875.0,,0.008514386376981797,0.5504991192014093
G4700990,Tennessee,Lawrence,1920,3590.0,2494.0,163539.0,,0.6947075208913649,45.554038997214484
G4701010,Tennessee,Lewis,1920,537.0,138.0,15124.0,,0.2569832402234637,28.16387337057728
G4701030,Tennessee,Lincoln,1920,4367.0,963.0,45541.0,,0.2205175177467369,10.428440577055186
G4701050,Tennessee,Loudon,1920,1396.0,741.0,30780.0,,0.5308022922636103,22.048710601719197
G4701070,Tennessee,McMinn,1920,2654.0,1712.0,65132.0,,0.6450640542577242,24.541070082893746
G4701090,Tennessee,McNairy,1920,3263.0,1974.0,61562.0,,0.6049647563591787,18.866687097762796
G4701110,Tennessee,Macon,1920,2743.0,1619.0,37223.0,,0.5902296755377324,13.570178636529347
G4701130,Tennessee,Madison,1920,4467.0,443.0,19216.0,,0.09917170360420864,4.30176852473696
G4701150,Tennessee,Marion,1920,1037.0,274.0,14036.0,,0.26422372227579555,13.53519768563163
G4701170,Tennessee,Marshall,1920,2560.0,93.0,8160.0,,0.036328125,3.1875
G4701190,Tennessee,Maury,1920,3728.0,112.0,9239.0,,0.030042918454935622,2.478272532188841
G4701210,Tennessee,Meigs,1920,935.0,465.0,14929.0,,0.49732620320855614,15.966844919786096
G4701230,Tennessee,Monroe,1920,2474.0,1200.0,42486.0,,0.4850444624090542,17.172999191592563
G4701250,Tennessee,Montgomery,1920,4121.0,2674.0,102377.0,,0.6488716330987624,24.8427566124727
G4701270,Tennessee,Moore,1920,846.0,50.0,1379.0,,0.0591016548463357,1.6300236406619386
G4701290,Tennessee,Morgan,1920,1251.0,777.0,34295.0,,0.6211031175059952,27.414068745004
G4701310,Tennessee,Obion,1920,3378.0,93.0,16693.0,,0.027531083481349913,4.941681468324452
G4701330,Tennessee,Overton,1920,2714.0,1975.0,55048.0,,0.7277081798084009,20.28297715549005
G4701350,Tennessee,Perry,1920,1235.0,4.0,225.0,,0.0032388663967611335,0.18218623481781376
G4701370,Tennessee,Pickett,1920,935.0,622.0,19078.0,,0.66524064171123,20.40427807486631
G4701390,Tennessee,Polk,1920,951.0,660.0,31718.0,,0.694006309148265,33.35226077812828
G4701410,Tennessee,Putnam,1920,2983.0,1716.0,43404.0,,0.5752598055648676,14.55045256453235
G4701430,Tennessee,Rhea,1920,1201.0,762.0,28884.0,,0.6344712739383847,24.049958368026644
G4701450,Tennessee,Roane,1920,1687.0,628.0,30394.0,,0.37225844694724364,18.016597510373444
G4701470,Tennessee,Robertson,1920,4002.0,2855.0,264305.0,,0.7133933033483258,66.0432283858071
G4701490,Tennessee,Rutherford,1920,5264.0,925.0,38007.0,,0.17572188449848025,7.220174772036474
G4701510,Tennessee,Scott,1920,1344.0,440.0,10396.0,,0.3273809523809524,7.7351190476190474
G4701530,Tennessee,Sequatchie,1920,339.0,117.0,10829.0,,0.34513274336283184,31.94395280235988
G4701550,Tennessee,Sevier,1920,3450.0,863.0,20466.0,,0.2501449275362319,5.932173913043478
G4701570,Tennessee,Shelby,1920,8204.0,209.0,35261.0,,0.02547537786445636,4.298025353486104
G4701590,Tennessee,Smith,1920,2908.0,11.0,773.0,,0.003782668500687758,0.26581843191196697
G4701610,Tennessee,Stewart,1920,2612.0,1197.0,31793.0,,0.45826952526799386,12.171898928024502
G4701630,Tennessee,Sullivan,1920,3314.0,2266.0,112634.0,,0.6837658418829209,33.98732649366325
G4701650,Tennessee,Sumner,1920,4585.0,1959.0,66898.0,,0.4272628135223555,14.59062159214831
G4701670,Tennessee,Tipton,1920,5271.0,35.0,2241.0,,0.006640106241699867,0.42515651678998295
G4701690,Tennessee,Trousdale,1920,876.0,7.0,43.0,,0.007990867579908675,0.04908675799086758
G4701710,Tennessee,Unicoi,1920,811.0,380.0,10667.0,,0.468557336621455,13.152897657213316
G4701730,Tennessee,Union,1920,2060.0,1180.0,27437.0,,0.5728155339805825,13.318932038834951
G4701750,Tennessee,Van Buren,1920,432.0,164.0,5419.0,,0.37962962962962965,12.543981481481481
G4701770,Tennessee,Warren,1920,2756.0,1795.0,162382.0,,0.6513062409288825,58.91944847605225
G4701790,Tennessee,Washington,1920,2865.0,2275.0,108453.0,,0.794066317626527,37.8544502617801
G4701810,Tennessee,Wayne,1920,1651.0,424.0,11080.0,,0.25681405208964264,6.711084191399152
G4701830,Tennessee,Weakley,1920,5050.0,463.0,31882.0,,0.09168316831683168,6.3132673267326735
G4701850,Tennessee,White,1920,2024.0,1041.0,29270.0,,0.5143280632411067,14.461462450592885
G4701870,Tennessee,Williamson,1920,3355.0,251.0,9821.0,,0.07481371087928465,2.9272727272727272
G4701890,Tennessee,Wilson,1920,4134.0,43.0,6268.0,,0.010401548137397194,1.5162070633768747
G4800010,Texas,Anderson,1920,4399.0,340.0,26432.0,,0.07729029324846556,6.008638326892475
G4800030,Texas,Andrews,1920,57.0,1.0,65.0,,0.017543859649122806,1.1403508771929824
G4800050,Texas,Angelina,1920,1985.0,261.0,10985.0,,0.13148614609571788,5.534005037783375
G4800070,Texas,Aransas,1920,59.0,1.0,100.0,,0.01694915254237288,1.694915254237288
G4800090,Texas,Archer,1920,760.0,1.0,800.0,,0.0013157894736842105,1.0526315789473684
G4800110,Texas,Armstrong,1920,373.0,0.0,0.0,,0.0,0.0
G4800130,Texas,Atascosa,1920,1534.0,23.0,1680.0,,0.01499348109517601,1.0951760104302477
G4800150,Texas,Austin,1920,3139.0,33.0,2619.0,,0.010512902198152279,0.8343421471806308
G4800170,Texas,Bailey,1920,79.0,0.0,0.0,,0.0,0.0
G4800190,Texas,Bandera,1920,670.0,0.0,0.0,,0.0,0.0
G4800210,Texas,Bastrop,1920,3325.0,23.0,2060.0,,0.0069172932330827065,0.6195488721804512
G4800230,Texas,Baylor,1920,811.0,7.0,3329.0,,0.008631319358816275,4.104808877928483
G4800250,Texas,Bee,1920,1497.0,4.0,80.0,,0.0026720106880427524,0.053440213760855046
G4800270,Texas,Bell,1920,4555.0,7.0,1307.0,,0.0015367727771679472,0.28693743139407246
G4800290,Texas,Bexar,1920,3205.0,65.0,11101.0,,0.0202808112324493,3.463650546021841
G4800310,Texas,Blanco,1920,713.0,0.0,0.0,,0.0,0.0
G4800330,Texas,Borden,1920,197.0,0.0,0.0,,0.0,0.0
G4800350,Texas,Bosque,1920,2467.0,8.0,1620.0,,0.0032428050263477908,0.6566680178354276
G4800370,Texas,Bowie,1920,4970.0,1321.0,76439.0,,0.26579476861167,15.380080482897384
G4800390,Texas,Brazoria,1920,2074.0,103.0,12592.0,,0.04966248794599807,6.071359691417551
G4800410,Texas,Brazos,1920,3023.0,175.0,10188.0,,0.057889513728084686,3.3701620906384386
G4800430,Texas,Brewster,1920,163.0,0.0,0.0,,0.0,0.0
G4800450,Texas,Briscoe,1920,397.0,0.0,0.0,,0.0,0.0
G4800470,Texas,Brooks,1920,394.0,0.0,0.0,,0.0,0.0
G4800490,Texas,Brown,1920,2303.0,11.0,2211.0,,0.004776378636561007,0.9600521059487624
G4800510,Texas,Burleson,1920,2685.0,9.0,930.0,,0.0033519553072625698,0.3463687150837989
G4800530,Texas,Burnet,1920,1411.0,5.0,313.0,,0.003543586109142452,0.2218284904323175
G4800550,Texas,Caldwell,1920,3364.0,0.0,0.0,,0.0,0.0
G4800570,Texas,Calhoun,1920,533.0,3.0,130.0,,0.005628517823639775,0.24390243902439024
G4800590,Texas,Callahan,1920,1649.0,6.0,1305.0,,0.0036385688295936932,0.7913887204366282
G4800610,Texas,Cameron,1920,1507.0,6.0,289.0,,0.003981420039814201,0.19177173191771732
G4800630,Texas,Camp,1920,1709.0,242.0,15665.0,,0.14160327677004095,9.166179052077238
G4800650,Texas,Carson,1920,426.0,0.0,0.0,,0.0,0.0
G4800670,Texas,Cass,1920,5355.0,1436.0,85115.0,,0.26816059757236227,15.894491129785248
G4800690,Texas,Castro,1920,365.0,0.0,0.0,,0.0,0.0
G4800710,Texas,Chambers,1920,506.0,126.0,12964.0,,0.2490118577075099,25.620553359683793
G4800730,Texas,Cherokee,1920,5650.0,1484.0,84025.0,,0.26265486725663717,14.871681415929203
G4800750,Texas,Childress,1920,861.0,0.0,0.0,,0.0,0.0
G4800770,Texas,Clay,1920,2118.0,2.0,172.0,,0.0009442870632672333,0.08120868744098206
G4800790,Texas,Cochran,1920,14.0,0.0,0.0,,0.0,0.0
G4800810,Texas,Coke,1920,721.0,0.0,0.0,,0.0,0.0
G4800830,Texas,Coleman,1920,2330.0,16.0,5531.0,,0.0068669527896995704,2.37381974248927
G4800850,Texas,Collin,1920,6001.0,3.0,68.0,,0.0004999166805532411,0.0113314447592068
G4800870,Texas,Collingsworth,1920,1139.0,8.0,1008.0,,0.007023705004389816,0.8849868305531168
G4800890,Texas,Colorado,1920,2469.0,59.0,2651.0,,0.02389631429728635,1.073714054272985
G4800910,Texas,Comal,1920,807.0,4.0,150.0,,0.004956629491945477,0.18587360594795538
G4800930,Texas,Comanche,1920,3015.0,3.0,87.0,,0.0009950248756218905,0.028855721393034824
G4800950,Texas,Concho,1920,648.0,0.0,0.0,,0.0,0.0
G4800970,Texas,Cooke,1920,2919.0,6.0,645.0,,0.0020554984583761563,0.2209660842754368
G4800990,Texas,Coryell,1920,3069.0,2.0,109.0,,0.0006516780710329097,0.03551645487129358
G4801010,Texas,Cottle,1920,686.0,0.0,0.0,,0.0,0.0
G4801030,Texas,Crane,1920,8.0,0.0,0.0,,0.0,0.0
G4801050,Texas,Crockett,1920,99.0,0.0,0.0,,0.0,0.0
G4801070,Texas,Crosby,1920,810.0,0.0,0.0,,0.0,0.0
G4801090,Texas,Culberson,1920,47.0,0.0,0.0,,0.0,0.0
G4801110,Texas,Dallam,1920,218.0,0.0,0.0,,0.0,0.0
G4801130,Texas,Dallas,1920,5379.0,25.0,2512.0,,0.0046477040342071015,0.4670013013571296
G4801150,Texas,Dawson,1920,574.0,0.0,0.0,,0.0,0.0
G4801170,Texas,Deaf Smith,1920,382.0,0.0,0.0,,0.0,0.0
G4801190,Texas,Delta,1920,2191.0,6.0,3760.0,,0.0027384755819260614,1.716111364673665
G4801210,Texas,Denton,1920,4200.0,47.0,5282.0,,0.01119047619047619,1.2576190476190476
G4801230,Texas,DeWitt,1920,3376.0,15.0,1613.0,,0.004443127962085308,0.4777843601895735
G4801250,Texas,Dickens,1920,705.0,0.0,0.0,,0.0,0.0
G4801270,Texas,Dimmit,1920,295.0,24.0,5438.0,,0.08135593220338982,18.433898305084746
G4801290,Texas,Donley,1920,810.0,1.0,25.0,,0.0012345679012345679,0.030864197530864196
G4801310,Texas,Duval,1920,754.0,2.0,135.0,,0.002652519893899204,0.17904509283819628
G4801330,Texas,Eastland,1920,1499.0,1.0,80.0,,0.00066711140760507,0.0533689126084056
G4801350,Texas,Ector,1920,55.0,0.0,0.0,,0.0,0.0
G4801370,Texas,Edwards,1920,241.0,0.0,0.0,,0.0,0.0
G4801390,Texas,Ellis,1920,5774.0,78.0,8028.0,,0.013508832698302737,1.3903706269483893
G4801410,Texas,El Paso,1920,542.0,42.0,6699.0,,0.07749077490774908,12.359778597785978
G4801430,Texas,Erath,1920,3387.0,3.0,125.0,,0.0008857395925597874,0.03690581635665781
G4801450,Texas,Falls,1920,5194.0,85.0,8360.0,,0.016365036580670005,1.6095494801694263
G4801470,Texas,Fannin,1920,6338.0,9.0,708.0,,0.0014200063111391606,0.1117071631429473
G4801490,Texas,Fayette,1920,4728.0,19.0,1098.0,,0.004018612521150592,0.23223350253807107
G4801510,Texas,Fisher,1920,1541.0,0.0,0.0,,0.0,0.0
G4801530,Texas,Floyd,1920,1289.0,0.0,0.0,,0.0,0.0
G4801550,Texas,Foard,1920,629.0,0.0,0.0,,0.0,0.0
G4801570,Texas,Fort Bend,1920,3325.0,11.0,910.0,,0.0033082706766917294,0.2736842105263158
G4801590,Texas,Franklin,1920,1844.0,141.0,7332.0,,0.07646420824295011,3.9761388286334056
G4801610,Texas,Freestone,1920,3687.0,509.0,31476.0,,0.13805261730404123,8.537021969080554
G4801630,Texas,Frio,1920,720.0,25.0,9971.0,,0.034722222222222224,13.848611111111111
G4801650,Texas,Gaines,1920,140.0,0.0,0.0,,0.0,0.0
G4801670,Texas,Galveston,1920,723.0,94.0,7574.0,,0.13001383125864455,10.475795297372061
G4801690,Texas,Garza,1920,425.0,0.0,0.0,,0.0,0.0
G4801710,Texas,Gillespie,1920,1379.0,0.0,0.0,,0.0,0.0
G4801730,Texas,Glasscock,1920,112.0,0.0,0.0,,0.0,0.0
G4801750,Texas,Goliad,1920,1407.0,1.0,44.0,,0.0007107320540156361,0.03127221037668799
G4801770,Texas,Gonzales,1920,4361.0,13.0,1213.0,,0.002980967667966063,0.27814721394175645
G4801790,Texas,Gray,1920,580.0,0.0,0.0,,0.0,0.0
G4801810,Texas,Grayson,1920,5569.0,43.0,3304.0,,0.007721314419105764,0.5932842521098941
G4801830,Texas,Gregg,1920,1812.0,670.0,44137.0,,0.369757174392936,24.358167770419428
G4801850,Texas,Grimes,1920,3515.0,51.0,2248.0,,0.014509246088193456,0.6395448079658606
G4801870,Texas,Guadalupe,1920,4188.0,19.0,3004.0,,0.004536771728748806,0.7172874880611271
G4801890,Texas,Hale,1920,1031.0,1.0,35.0,,0.0009699321047526673,0.03394762366634336
G4801910,Texas,Hall,1920,1051.0,0.0,0.0,,0.0,0.0
G4801930,Texas,Hamilton,1920,2049.0,1.0,25.0,,0.0004880429477794046,0.012201073694485115
G4801950,Texas,Hansford,1920,221.0,0.0,0.0,,0.0,0.0
G4801970,Texas,Hardeman,1920,1077.0,4.0,4240.0,,0.003714020427112349,3.9368616527390903
G4801990,Texas,Hardin,1920,376.0,229.0,10015.0,,0.6090425531914894,26.63563829787234
G4802010,Texas,Harris,1920,2880.0,616.0,35203.0,,0.21388888888888888,12.223263888888889
G4802030,Texas,Harrison,1920,5789.0,1081.0,87625.0,,0.18673346001036448,15.136465710830887
G4802050,Texas,Hartley,1920,139.0,0.0,0.0,,0.0,0.0
G4802070,Texas,Haskell,1920,1875.0,5.0,1275.0,,0.0026666666666666666,0.68
G4802090,Texas,Hays,1920,1711.0,2.0,21.0,,0.0011689070718877848,0.012273524254821741
G4802110,Texas,Hemphill,1920,328.0,0.0,0.0,,0.0,0.0
G4802130,Texas,Henderson,1920,4423.0,557.0,26904.0,,0.12593262491521592,6.082749265204613
G4802150,Texas,Hidalgo,1920,1727.0,6.0,458.0,,0.003474232773595831,0.2651997683844818
G4802170,Texas,Hill,1920,4959.0,31.0,6921.0,,0.006251260334744909,1.3956442831215972
G4802190,Texas,Hockley,1920,18.0,0.0,0.0,,0.0,0.0
G4802210,Texas,Hood,1920,1234.0,1.0,25.0,,0.0008103727714748784,0.02025931928687196
G4802230,Texas,Hopkins,1920,5445.0,702.0,35132.0,,0.12892561983471074,6.452157943067034
G4802250,Texas,Houston,1920,5301.0,565.0,31412.0,,0.10658366345972459,5.925674401056405
G4802270,Texas,Howard,1920,422.0,0.0,0.0,,0.0,0.0
G4802290,Texas,Hudspeth,1920,35.0,0.0,0.0,,0.0,0.0
G4802310,Texas,Hunt,1920,5135.0,37.0,7870.0,,0.0072054527750730285,1.5326192794547224
G4802330,Texas,Hutchinson,1920,134.0,0.0,0.0,,0.0,0.0
G4802350,Texas,Irion,1920,136.0,0.0,0.0,,0.0,0.0
G4802370,Texas,Jack,1920,1463.0,1.0,15.0,,0.000683526999316473,0.010252904989747095
G4802390,Texas,Jackson,1920,1485.0,17.0,6378.0,,0.011447811447811448,4.294949494949495
G4802410,Texas,Jasper,1920,965.0,609.0,35127.0,,0.6310880829015544,36.40103626943005
G4802430,Texas,Jeff Davis,1920,62.0,0.0,0.0,,0.0,0.0
G4802450,Texas,Jefferson,1920,419.0,127.0,36014.0,,0.3031026252983294,85.95226730310263
G4802470,Texas,Jim Hogg,1920,49.0,0.0,0.0,,0.0,0.0
G4802490,Texas,Jim Wells,1920,590.0,2.0,450.0,,0.003389830508474576,0.7627118644067796
G4802510,Texas,Johnson,1920,3367.0,22.0,3925.0,,0.006534006534006534,1.1657261657261657
G4802530,Texas,Jones,1920,2586.0,1.0,30.0,,0.0003866976024748647,0.01160092807424594
G4802550,Texas,Karnes,1920,2710.0,8.0,1942.0,,0.002952029520295203,0.7166051660516605
G4802570,Texas,Kaufman,1920,4398.0,57.0,17635.0,,0.01296043656207367,4.009777171441565
G4802590,Texas,Kendall,1920,617.0,2.0,202.0,,0.0032414910858995136,0.3273905996758509
G4802630,Texas,Kent,1920,412.0,0.0,0.0,,0.0,0.0
G4802650,Texas,Kerr,1920,561.0,6.0,2384.0,,0.0106951871657754,4.249554367201426
G4802670,Texas,Kimble,1920,372.0,0.0,0.0,,0.0,0.0
G4802690,Texas,King,1920,38.0,0.0,0.0,,0.0,0.0
G4802710,Texas,Kinney,1920,98.0,0.0,0.0,,0.0,0.0
G4802730,Texas,Kleberg,1920,273.0,1.0,50.0,,0.003663003663003663,0.18315018315018314
G4802750,Texas,Knox,1920,1037.0,2.0,270.0,,0.0019286403085824494,0.26036644165863065
G4802770,Texas,Lamar,1920,6831.0,55.0,7475.0,,0.008051529790660225,1.0942760942760943
G4802790,Texas,Lamb,1920,172.0,1.0,100.0,,0.005813953488372093,0.5813953488372093
G4802810,Texas,Lampasas,1920,1139.0,9.0,355.0,,0.007901668129938543,0.31167690956979804
G4802830,Texas,La Salle,1920,280.0,7.0,2477.0,,0.025,8.846428571428572
G4802850,Texas,Lavaca,1920,4149.0,44.0,4885.0,,0.010604965051819716,1.1773921426849843
G4802870,Texas,Lee,1920,2295.0,15.0,1140.0,,0.006535947712418301,0.49673202614379086
G4802890,Texas,Leon,1920,3301.0,272.0,14005.0,,0.08239927294759164,4.242653741290518
G4802910,Texas,Liberty,1920,1314.0,163.0,9191.0,,0.12404870624048706,6.994672754946728
G4802930,Texas,Limestone,1920,5095.0,301.0,22257.0,,0.0590775269872424,4.368400392541708
G4802950,Texas,Lipscomb,1920,483.0,0.0,0.0,,0.0,0.0
G4802970,Texas,Live Oak,1920,572.0,0.0,0.0,,0.0,0.0
G4802990,Texas,Llano,1920,686.0,0.0,0.0,,0.0,0.0
G4803010,Texas,Loving,1920,14.0,0.0,0.0,,0.0,0.0
G4803030,Texas,Lubbock,1920,1009.0,6.0,409.0,,0.005946481665014866,0.4053518334985134
G4803050,Texas,Lynn,1920,674.0,0.0,0.0,,0.0,0.0
G4803070,Texas,McCulloch,1920,1207.0,0.0,0.0,,0.0,0.0
G4803090,Texas,McLennan,1920,5709.0,43.0,8168.0,,0.007531967069539324,1.4307234191627256
G4803110,Texas,McMullen,1920,130.0,0.0,0.0,,0.0,0.0
G4803130,Texas,Madison,1920,2226.0,115.0,5924.0,,0.051662174303683736,2.661275831087152
G4803150,Texas,Marion,1920,1407.0,167.0,10210.0,,0.11869225302061123,7.256574271499645
G4803170,Texas,Martin,1920,139.0,0.0,0.0,,0.0,0.0
G4803190,Texas,Mason,1920,764.0,1.0,350.0,,0.0013089005235602095,0.4581151832460733
G4803210,Texas,Matagorda,1920,1616.0,36.0,3266.0,,0.022277227722772276,2.021039603960396
G4803230,Texas,Maverick,1920,66.0,0.0,0.0,,0.0,0.0
G4803250,Texas,Medina,1920,1198.0,3.0,34.0,,0.0025041736227045075,0.028380634390651086
G4803270,Texas,Menard,1920,308.0,1.0,200.0,,0.003246753246753247,0.6493506493506493
G4803290,Texas,Midland,1920,133.0,0.0,0.0,,0.0,0.0
G4803310,Texas,Milam,1920,5606.0,108.0,4486.0,,0.019265073135925792,0.800214056368177
G4803330,Texas,Mills,1920,1464.0,1.0,26.0,,0.0006830601092896175,0.017759562841530054
G4803350,Texas,Mitchell,1920,864.0,0.0,0.0,,0.0,0.0
G4803370,Texas,Montague,1920,3005.0,2.0,24.0,,0.0006655574043261231,0.007986688851913478
G4803390,Texas,Montgomery,1920,1932.0,225.0,11905.0,,0.11645962732919254,6.162008281573499
G4803410,Texas,Moore,1920,92.0,0.0,0.0,,0.0,0.0
G4803430,Texas,Morris,1920,1745.0,530.0,37470.0,,0.3037249283667622,21.472779369627506
G4803450,Texas,Motley,1920,537.0,0.0,0.0,,0.0,0.0
G4803470,Texas,Nacogdoches,1920,4219.0,1583.0,101782.0,,0.37520739511732637,24.124674093387057
G4803490,Texas,Navarro,1920,6293.0,28.0,4805.0,,0.004449388209121246,0.7635467980295566
G4803510,Texas,Newton,1920,988.0,398.0,16636.0,,0.402834008097166,16.838056680161944
G4803530,Texas,Nolan,1920,1015.0,0.0,0.0,,0.0,0.0
G4803550,Texas,Nueces,1920,1247.0,5.0,320.0,,0.00400962309542903,0.2566158781074579
G4803570,Texas,Ochiltree,1920,336.0,0.0,0.0,,0.0,0.0
G4803590,Texas,Oldham,1920,86.0,0.0,0.0,,0.0,0.0
G4803610,Texas,Orange,1920,311.0,144.0,19952.0,,0.4630225080385852,64.15434083601286
G4803630,Texas,Palo Pinto,1920,1242.0,10.0,440.0,,0.008051529790660225,0.35426731078904994
G4803650,Texas,Panola,1920,3771.0,633.0,35712.0,,0.16785998408910102,9.47016706443914
G4803670,Texas,Parker,1920,2945.0,18.0,385.0,,0.006112054329371817,0.1307300509337861
G4803690,Texas,Parmer,1920,212.0,5.0,1700.0,,0.02358490566037736,8.018867924528301
G4803710,Texas,Pecos,1920,207.0,59.0,11063.0,,0.28502415458937197,53.44444444444444
G4803730,Texas,Polk,1920,2022.0,167.0,8812.0,,0.08259149357072205,4.358061325420376
G4803750,Texas,Potter,1920,166.0,0.0,0.0,,0.0,0.0
G4803770,Texas,Presidio,1920,102.0,0.0,0.0,,0.0,0.0
G4803790,Texas,Rains,1920,1418.0,21.0,695.0,,0.014809590973201692,0.4901269393511989
G4803810,Texas,Randall,1920,383.0,0.0,0.0,,0.0,0.0
G4803830,Texas,Reagan,1920,46.0,0.0,0.0,,0.0,0.0
G4803850,Texas,Real,1920,260.0,0.0,0.0,,0.0,0.0
G4803870,Texas,Red River,1920,5832.0,35.0,1739.0,,0.006001371742112483,0.2981824417009602
G4803890,Texas,Reeves,1920,206.0,9.0,1208.0,,0.043689320388349516,5.864077669902913
G4803910,Texas,Refugio,1920,310.0,1.0,18.0,,0.0032258064516129032,0.05806451612903226
G4803930,Texas,Roberts,1920,152.0,0.0,0.0,,0.0,0.0
G4803950,Texas,Robertson,1920,4903.0,402.0,18480.0,,0.08199061798898634,3.769120946359372
G4803970,Texas,Rockwall,1920,1075.0,0.0,0.0,,0.0,0.0
G4803990,Texas,Runnels,1920,2023.0,0.0,0.0,,0.0,0.0
G4804010,Texas,Rusk,1920,6059.0,3094.0,189309.0,,0.5106453210100677,31.24426473015349
G4804030,Texas,Sabine,1920,1270.0,449.0,15133.0,,0.3535433070866142,11.915748031496063
G4804050,Texas,San Augustine,1920,1606.0,653.0,30000.0,,0.4066002490660025,18.679950186799502
G4804070,Texas,San Jacinto,1920,1627.0,12.0,413.0,,0.007375537799631223,0.2538414259373079
G4804090,Texas,San Patricio,1920,757.0,28.0,2308.0,,0.036988110964332896,3.04887714663144
G4804110,Texas,San Saba,1920,1268.0,0.0,0.0,,0.0,0.0
G4804130,Texas,Schleicher,1920,225.0,0.0,0.0,,0.0,0.0
G4804150,Texas,Scurry,1920,1077.0,0.0,0.0,,0.0,0.0
G4804170,Texas,Shackelford,1920,352.0,0.0,0.0,,0.0,0.0
G4804190,Texas,Shelby,1920,4240.0,545.0,24981.0,,0.12853773584905662,5.891745283018868
G4804210,Texas,Sherman,1920,151.0,0.0,0.0,,0.0,0.0
G4804230,Texas,Smith,1920,6317.0,1284.0,79760.0,,0.20326104163368688,12.626246636061422
G4804250,Texas,Somervell,1920,530.0,0.0,0.0,,0.0,0.0
G4804270,Texas,Starr,1920,559.0,0.0,0.0,,0.0,0.0
G4804290,Texas,Stephens,1920,603.0,0.0,0.0,,0.0,0.0
G4804310,Texas,Sterling,1920,131.0,0.0,0.0,,0.0,0.0
G4804330,Texas,Stonewall,1920,575.0,0.0,0.0,,0.0,0.0
G4804350,Texas,Sutton,1920,116.0,0.0,0.0,,0.0,0.0
G4804370,Texas,Swisher,1920,572.0,0.0,0.0,,0.0,0.0
G4804390,Texas,Tarrant,1920,3336.0,21.0,624.0,,0.006294964028776978,0.18705035971223022
G4804410,Texas,Taylor,1920,1892.0,1.0,15.0,,0.0005285412262156448,0.007928118393234672
G4804430,Texas,Terrell,1920,58.0,0.0,0.0,,0.0,0.0
G4804450,Texas,Terry,1920,274.0,0.0,0.0,,0.0,0.0
G4804470,Texas,Throckmorton,1920,500.0,0.0,0.0,,0.0,0.0
G4804490,Texas,Titus,1920,2938.0,223.0,10842.0,,0.07590197413206262,3.690265486725664
G4804510,Texas,Tom Green,1920,680.0,1.0,165.0,,0.0014705882352941176,0.2426470588235294
G4804530,Texas,Travis,1920,3469.0,12.0,458.0,,0.003459210147016431,0.13202652061112713
G4804550,Texas,Trinity,1920,1522.0,252.0,12356.0,,0.16557161629434955,8.11826544021025
G4804570,Texas,Tyler,1920,1134.0,343.0,17129.0,,0.30246913580246915,15.104938271604938
G4804590,Texas,Upshur,1920,3690.0,532.0,31091.0,,0.14417344173441735,8.425745257452574
G4804610,Texas,Upton,1920,31.0,0.0,0.0,,0.0,0.0
G4804630,Texas,Uvalde,1920,706.0,0.0,0.0,,0.0,0.0
G4804650,Texas,Val Verde,1920,285.0,27.0,1635.0,,0.09473684210526316,5.7368421052631575
G4804670,Texas,Van Zandt,1920,5149.0,470.0,32386.0,,0.09127986016702272,6.289765002913187
G4804690,Texas,Victoria,1920,2101.0,11.0,417.0,,0.005235602094240838,0.19847691575440266
G4804710,Texas,Walker,1920,2447.0,33.0,1446.0,,0.013485901103391908,0.5909276665304455
G4804730,Texas,Waller,1920,1659.0,445.0,28671.0,,0.26823387582881253,17.282097649186255
G4804750,Texas,Ward,1920,238.0,31.0,6663.0,,0.13025210084033614,27.99579831932773
G4804770,Texas,Washington,1920,4158.0,19.0,2503.0,,0.00456950456950457,0.6019721019721019
G4804790,Texas,Webb,1920,257.0,25.0,43915.0,,0.09727626459143969,170.87548638132296
G4804810,Texas,Wharton,1920,2967.0,0.0,0.0,,0.0,0.0
G4804830,Texas,Wheeler,1920,997.0,0.0,0.0,,0.0,0.0
G4804850,Texas,Wichita,1920,750.0,0.0,0.0,,0.0,0.0
G4804870,Texas,Wilbarger,1920,1349.0,1.0,49.0,,0.0007412898443291327,0.0363232023721275
G4804890,Texas,Willacy,1920,58.0,0.0,0.0,,0.0,0.0
G4804910,Texas,Williamson,1920,4598.0,0.0,0.0,,0.0,0.0
G4804930,Texas,Wilson,1920,2297.0,3.0,164.0,,0.00130605137135394,0.07139747496734872
G4804950,Texas,Winkler,1920,27.0,0.0,0.0,,0.0,0.0
G4804970,Texas,Wise,1920,3157.0,2.0,75.0,,0.0006335128286347799,0.023756731073804244
G4804990,Texas,Wood,1920,4333.0,877.0,48589.0,,0.2024001846295869,11.21370874682668
G4805010,Texas,Yoakum,1920,109.0,0.0,0.0,,0.0,0.0
G4805030,Texas,Young,1920,1480.0,2.0,67.0,,0.0013513513513513514,0.04527027027027027
G4805050,Texas,Zapata,1920,225.0,0.0,0.0,,0.0,0.0
G4805070,Texas,Zavala,1920,239.0,9.0,515.0,,0.03765690376569038,2.1548117154811717
G4900010,Utah,Beaver,1920,373.0,5.0,2413.0,,0.013404825737265416,6.46916890080429
G4900030,Utah,Box Elder,1920,1859.0,84.0,13750.0,,0.04518558364712211,7.396449704142012
G4900050,Utah,Cache,1920,2242.0,91.0,11435.0,,0.040588760035682424,5.10035682426405
G4900070,Utah,Carbon,1920,235.0,5.0,535.0,,0.02127659574468085,2.276595744680851
G4900090,Utah,Daggett,1920,37.0,1.0,800.0,,0.02702702702702703,21.62162162162162
G4900110,Utah,Davis,1920,1172.0,52.0,3184.0,,0.04436860068259386,2.7167235494880546
G4900130,Utah,Duchesne,1920,1248.0,23.0,1674.0,,0.01842948717948718,1.3413461538461537
G4900150,Utah,Emery,1920,759.0,16.0,2179.0,,0.021080368906455864,2.870882740447958
G4900170,Utah,Garfield,1920,540.0,7.0,1365.0,,0.012962962962962963,2.5277777777777777
G4900190,Utah,Grand,1920,114.0,2.0,400.0,,0.017543859649122806,3.508771929824561
G4900210,Utah,Iron,1920,646.0,4.0,645.0,,0.006191950464396285,0.9984520123839009
G4900230,Utah,Juab,1920,419.0,2.0,400.0,,0.00477326968973747,0.954653937947494
G4900250,Utah,Kane,1920,229.0,12.0,299.0,,0.05240174672489083,1.3056768558951966
G4900270,Utah,Millard,1920,1038.0,9.0,512.0,,0.008670520231213872,0.4932562620423892
G4900290,Utah,Morgan,1920,239.0,28.0,1595.0,,0.11715481171548117,6.673640167364017
G4900310,Utah,Piute,1920,246.0,7.0,194.0,,0.028455284552845527,0.7886178861788617
G4900330,Utah,Rich,1920,224.0,0.0,0.0,,0.0,0.0
G4900350,Utah,Salt Lake,1920,2438.0,79.0,8296.0,,0.03240360951599672,3.4027891714520098
G4900370,Utah,San Juan,1920,405.0,1.0,1000.0,,0.0024691358024691358,2.4691358024691357
G4900390,Utah,Sanpete,1920,1813.0,191.0,24278.0,,0.10535024820739107,13.391064533921677
G4900410,Utah,Sevier,1920,1108.0,114.0,5104.0,,0.10288808664259928,4.606498194945848
G4900430,Utah,Summit,1920,521.0,4.0,2170.0,,0.007677543186180422,4.165067178502879
G4900450,Utah,Tooele,1920,417.0,2.0,879.0,,0.004796163069544364,2.1079136690647484
G4900470,Utah,Uintah,1920,899.0,1.0,75.0,,0.0011123470522803114,0.08342602892102335
G4900490,Utah,Utah,1920,3237.0,148.0,12807.0,,0.0457213469261662,3.9564411492122336
G4900510,Utah,Wasatch,1920,507.0,4.0,4270.0,,0.007889546351084813,8.422090729783038
G4900530,Utah,Washington,1920,738.0,13.0,518.0,,0.017615176151761516,0.7018970189701897
G4900550,Utah,Wayne,1920,272.0,4.0,2350.0,,0.014705882352941176,8.639705882352942
G4900570,Utah,Weber,1920,1687.0,108.0,5829.0,,0.06401896858328393,3.4552459988144637
G5000010,Vermont,Addison,1920,2375.0,901.0,68422.0,,0.3793684210526316,28.809263157894737
G5000030,Vermont,Bennington,1920,1366.0,629.0,48256.0,,0.46046852122986826,35.326500732064424
G5000050,Vermont,Caledonia,1920,2313.0,1087.0,57488.0,,0.4699524427150886,24.85430177258971
G5000070,Vermont,Chittenden,1920,1992.0,1023.0,91611.0,,0.5135542168674698,45.9894578313253
G5000090,Vermont,Essex,1920,671.0,304.0,18841.0,,0.45305514157973176,28.07898658718331
G5000110,Vermont,Franklin,1920,2444.0,1435.0,93127.0,,0.587152209492635,38.104337152209496
G5000130,Vermont,Grand Isle,1920,501.0,225.0,13025.0,,0.4491017964071856,25.998003992015967
G5000150,Vermont,Lamoille,1920,1599.0,808.0,46358.0,,0.5053158223889931,28.991869918699187
G5000170,Vermont,Orange,1920,2687.0,1341.0,107534.0,,0.4990695943431336,40.02009676218832
G5000190,Vermont,Orleans,1920,2543.0,1302.0,47326.0,,0.5119937082186394,18.61030279197798
G5000210,Vermont,Rutland,1920,2649.0,1133.0,65949.0,,0.4277085692714232,24.89580973952435
G5000230,Vermont,Washington,1920,2564.0,1510.0,75189.0,,0.5889235569422777,29.32488299531981
G5000250,Vermont,Windham,1920,2103.0,1161.0,33321.0,,0.5520684736091298,15.844507845934379
G5000270,Vermont,Windsor,1920,3268.0,1709.0,90826.0,,0.5229498164014688,27.792533659730722
G5100010,Virginia,Accomack,1920,3206.0,3047.0,1718608.0,,0.9504054897067997,536.0598877105427
G5100030,Virginia,Albemarle,1920,3165.0,1511.0,147950.0,,0.4774091627172196,46.74565560821485
G5100050,Virginia,Alleghany,1920,621.0,283.0,8937.0,,0.4557165861513688,14.391304347826088
G5100070,Virginia,Amelia,1920,1198.0,1061.0,98900.0,,0.8856427378964942,82.5542570951586
G5100090,Virginia,Amherst,1920,2472.0,1089.0,41998.0,,0.4405339805825243,16.98948220064725
G5100110,Virginia,Appomattox,1920,1329.0,1206.0,93059.0,,0.90744920993228,70.02182091798345
G5100130,Virginia,Arlington,1920,56.0,36.0,4370.0,,0.6428571428571429,78.03571428571429
G5100150,Virginia,Augusta,1920,3759.0,2732.0,386071.0,,0.7267890396382016,102.70577281191807
G5100170,Virginia,Bath,1920,639.0,320.0,25127.0,,0.5007824726134585,39.322378716744915
G5100190,Virginia,Bedford,1920,4245.0,3145.0,89202.0,,0.7408716136631331,21.013427561837457
G5100210,Virginia,Bland,1920,778.0,602.0,26174.0,,0.7737789203084833,33.6426735218509
G5100230,Virginia,Botetourt,1920,1666.0,1094.0,62368.0,,0.6566626650660264,37.43577430972389
G5100250,Virginia,Brunswick,1920,2842.0,2630.0,280721.0,,0.9254046446164673,98.77586206896552
G5100270,Virginia,Buchanan,1920,1997.0,115.0,4477.0,,0.05758637956935403,2.2418627941912868
G5100290,Virginia,Buckingham,1920,2273.0,1866.0,121058.0,,0.8209414870215574,53.25912890453146
G5100310,Virginia,Campbell,1920,2686.0,2340.0,207681.0,,0.8711839166046166,77.31980640357409
G5100330,Virginia,Caroline,1920,2595.0,2059.0,154811.0,,0.7934489402697495,59.65741811175337
G5100350,Virginia,Carroll,1920,3569.0,2887.0,95944.0,,0.8089100588400112,26.88260016811432
G5100360,Virginia,Charles City,1920,614.0,237.0,22810.0,,0.38599348534201955,37.14983713355049
G5100370,Virginia,Charlotte,1920,2762.0,2354.0,232073.0,,0.8522809558291093,84.02353367125272
G5100410,Virginia,Chesterfield,1920,1827.0,1070.0,58808.0,,0.5856595511767926,32.188286808976464
G5100430,Virginia,Clarke,1920,558.0,451.0,83771.0,,0.8082437275985663,150.12724014336916
G5100450,Virginia,Craig,1920,541.0,335.0,12587.0,,0.6192236598890942,23.266173752310536
G5100470,Virginia,Culpeper,1920,1719.0,1066.0,148341.0,,0.6201279813845259,86.29493891797557
G5100490,Virginia,Cumberland,1920,1314.0,1196.0,120954.0,,0.9101978691019786,92.05022831050228
G5100510,Virginia,Dickenson,1920,1387.0,446.0,16049.0,,0.32155731795241527,11.571016582552272
G5100530,Virginia,Dinwiddie,1920,2165.0,1883.0,205852.0,,0.8697459584295612,95.08175519630485
G5100550,Virginia,Elizabeth City,1920,297.0,201.0,32213.0,,0.6767676767676768,108.46127946127946
G5100570,Virginia,Essex,1920,1393.0,874.0,60040.0,,0.6274228284278536,43.101220387652546
G5100590,Virginia,Fairfax,1920,2253.0,1520.0,155229.0,,0.6746560142032845,68.89880159786951
G5100610,Virginia,Fauquier,1920,2640.0,1733.0,280485.0,,0.656439393939394,106.24431818181819
G5100630,Virginia,Floyd,1920,2333.0,1829.0,67952.0,,0.7839691384483498,29.126446635233606
G5100650,Virginia,Fluvanna,1920,1419.0,983.0,40457.0,,0.6927413671599718,28.51092318534179
G5100670,Virginia,Franklin,1920,4205.0,3247.0,182115.0,,0.7721759809750297,43.309155766944116
G5100690,Virginia,Frederick,1920,1725.0,1344.0,125950.0,,0.7791304347826087,73.01449275362319
G5100710,Virginia,Giles,1920,1056.0,552.0,20428.0,,0.5227272727272727,19.34469696969697
G5100730,Virginia,Gloucester,1920,1811.0,728.0,42996.0,,0.40198785201546106,23.74157923799006
G5100750,Virginia,Goochland,1920,1349.0,959.0,44452.0,,0.7108969607116382,32.951816160118604
G5100770,Virginia,Grayson,1920,2625.0,1709.0,66518.0,,0.6510476190476191,25.340190476190475
G5100790,Virginia,Greene,1920,834.0,421.0,20223.0,,0.5047961630695443,24.24820143884892
G5100810,Virginia,Greensville,1920,1328.0,1180.0,210258.0,,0.8885542168674698,158.32680722891567
G5100830,Virginia,Halifax,1920,5745.0,5257.0,647895.0,,0.9150565709312446,112.77545691906005
G5100850,Virginia,Hanover,1920,2647.0,2059.0,202766.0,,0.7778617302606725,76.60219115980355
G5100870,Virginia,Henrico,1920,1666.0,798.0,80202.0,,0.4789915966386555,48.14045618247299
G5100890,Virginia,Henry,1920,2169.0,1909.0,104096.0,,0.880129091747349,47.992623328722914
G5100910,Virginia,Highland,1920,744.0,414.0,13285.0,,0.5564516129032258,17.856182795698924
G5100930,Virginia,Isle Of Wight,1920,1779.0,1540.0,317915.0,,0.865654862282181,178.70432827431142
G5100950,Virginia,James City,1920,386.0,197.0,98557.0,,0.5103626943005182,255.32901554404145
G5100970,Virginia,King And Queen,1920,1534.0,919.0,53462.0,,0.5990873533246415,34.85136897001304
G5100990,Virginia,King George,1920,1008.0,631.0,37364.0,,0.6259920634920635,37.067460317460316
G5101010,Virginia,King William,1920,916.0,491.0,34984.0,,0.5360262008733624,38.19213973799127
G5101030,Virginia,Lancaster,1920,1256.0,698.0,48716.0,,0.5557324840764332,38.78662420382165
G5101050,Virginia,Lee,1920,2908.0,1399.0,45848.0,,0.4810866574965612,15.766162310866575
G5101070,Virginia,Loudoun,1920,1962.0,1544.0,318960.0,,0.7869520897043832,162.56880733944953
G5101090,Virginia,Louisa,1920,2088.0,1601.0,81882.0,,0.7667624521072797,39.21551724137931
G5101110,Virginia,Lunenburg,1920,2108.0,1931.0,233771.0,,0.9160341555977229,110.8970588235294
G5101130,Virginia,Madison,1920,1354.0,720.0,69784.0,,0.5317577548005908,51.53914327917282
G5101150,Virginia,Mathews,1920,1385.0,902.0,65996.0,,0.6512635379061372,47.65054151624549
G5101170,Virginia,Mecklenburg,1920,4376.0,4169.0,618804.0,,0.9526965265082267,141.40859232175504
G5101190,Virginia,Middlesex,1920,1387.0,1005.0,76143.0,,0.7245854361932228,54.89762076423936
G5101210,Virginia,Montgomery,1920,1860.0,1172.0,65897.0,,0.6301075268817204,35.428494623655915
G5101230,Virginia,Nansemond,1920,2133.0,1900.0,831150.0,,0.8907641819034224,389.662447257384
G5101250,Virginia,Nelson,1920,2066.0,835.0,62124.0,,0.40416263310745404,30.06969990319458
G5101270,Virginia,New Kent,1920,679.0,312.0,32242.0,,0.45949926362297494,47.48453608247423
G5101290,Virginia,Norfolk,1920,1316.0,871.0,811219.0,,0.6618541033434651,616.427811550152
G5101310,Virginia,Northampton,1920,1259.0,1189.0,1575466.0,,0.9444003177124702,1251.36298649722
G5101330,Virginia,Northumberland,1920,1534.0,1325.0,126909.0,,0.863754889178618,82.73076923076923
G5101350,Virginia,Nottoway,1920,1058.0,879.0,81945.0,,0.8308128544423441,77.45274102079395
G5101370,Virginia,Orange,1920,1394.0,938.0,95365.0,,0.672883787661406,68.41104734576757
G5101390,Virginia,Page,1920,1280.0,948.0,73177.0,,0.740625,57.16953125
G5101410,Virginia,Patrick,1920,2844.0,2394.0,114135.0,,0.8417721518987342,40.131856540084385
G5101430,Virginia,Pittsylvania,1920,7025.0,6658.0,900957.0,,0.9477580071174377,128.25010676156583
G5101450,Virginia,Powhatan,1920,1048.0,910.0,48451.0,,0.8683206106870229,46.23187022900763
G5101470,Virginia,Prince Edward,1920,1843.0,1614.0,147790.0,,0.8757460661964189,80.18990775908844
G5101490,Virginia,Prince George,1920,1014.0,729.0,69131.0,,0.7189349112426036,68.17652859960552
G5101510,Virginia,Princess Anne,1920,1317.0,750.0,224986.0,,0.5694760820045558,170.83219438116933
G5101530,Virginia,Prince William,1920,1271.0,975.0,112554.0,,0.7671125098347757,88.55546813532652
G5101550,Virginia,Pulaski,1920,864.0,624.0,66959.0,,0.7222222222222222,77.4988425925926
G5101570,Virginia,Rappahannock,1920,949.0,493.0,53629.0,,0.5194942044257113,56.51106427818757
G5101590,Virginia,Richmond,1920,1222.0,964.0,67747.0,,0.7888707037643208,55.43944353518822
G5101610,Virginia,Roanoke,1920,1631.0,813.0,52986.0,,0.4984671980380135,32.48681790312692
G5101630,Virginia,Rockbridge,1920,2014.0,1165.0,99176.0,,0.5784508440913605,49.24329692154915
G5101650,Virginia,Rockingham,1920,3638.0,2990.0,283317.0,,0.8218801539307312,77.87713029136889
G5101670,Virginia,Russell,1920,2557.0,1357.0,55849.0,,0.5307000391083301,21.841611263199063
G5101690,Virginia,Scott,1920,3696.0,1889.0,49873.0,,0.5110930735930735,13.493777056277056
G5101710,Virginia,Shenandoah,1920,2388.0,2005.0,180796.0,,0.8396147403685092,75.71021775544389
G5101730,Virginia,Smyth,1920,1473.0,1166.0,88232.0,,0.791581805838425,59.89952477936185
G5101750,Virginia,Southampton,1920,3550.0,3321.0,918406.0,,0.9354929577464789,258.70591549295773
G5101770,Virginia,Spotsylvania,1920,1668.0,1249.0,82690.0,,0.7488009592326139,49.57434052757794
G5101790,Virginia,Stafford,1920,1183.0,792.0,53628.0,,0.6694843617920541,45.332206255283175
G5101810,Virginia,Surry,1920,1140.0,795.0,82571.0,,0.6973684210526315,72.43070175438596
G5101830,Virginia,Sussex,1920,1433.0,1232.0,195407.0,,0.8597348220516399,136.3621772505234
G5101850,Virginia,Tazewell,1920,1602.0,948.0,58477.0,,0.5917602996254682,36.502496878901376
G5101870,Virginia,Warren,1920,772.0,530.0,57006.0,,0.6865284974093264,73.84196891191709
G5101890,Virginia,Warwick,1920,196.0,125.0,18916.0,,0.6377551020408163,96.51020408163265
G5101910,Virginia,Washington,1920,3459.0,2427.0,127792.0,,0.7016478751084129,36.94478172882336
G5101930,Virginia,Westmoreland,1920,1455.0,1177.0,107134.0,,0.8089347079037801,73.63161512027492
G5101950,Virginia,Wise,1920,1067.0,307.0,13628.0,,0.28772258669165884,12.772258669165886
G5101970,Virginia,Wythe,1920,1587.0,1276.0,140796.0,,0.8040327662255828,88.71833648393195
G5101990,Virginia,York,1920,894.0,528.0,49445.0,,0.5906040268456376,55.3076062639821
G5105100,Virginia,Alexandria City,1920,2.0,2.0,1010.0,,1.0,505.0
G5105200,Virginia,Bristol City,1920,14.0,10.0,1560.0,,0.7142857142857143,111.42857142857143
G5105300,Virginia,Buena Vista City,1920,11.0,9.0,383.0,,0.8181818181818182,34.81818181818182
G5105400,Virginia,Charlottesville City,1920,9.0,8.0,1175.0,,0.8888888888888888,130.55555555555554
G5105600,Virginia,Clifton Forge City,1920,1.0,0.0,0.0,,0.0,0.0
G5105900,Virginia,Danville City,1920,2.0,1.0,250.0,,0.5,125.0
G5106300,Virginia,Fredericksburg City,1920,0.0,,,,,
G5106600,Virginia,Harrisonburg City,1920,14.0,9.0,1151.0,,0.6428571428571429,82.21428571428571
G5106700,Virginia,Hopewell City,1920,0.0,,,,,
G5106800,Virginia,Lynchburg City,1920,12.0,5.0,244.0,,0.4166666666666667,20.333333333333332
G5107000,Virginia,Newport News City,1920,2.0,1.0,10.0,,0.5,5.0
G5107100,Virginia,Norfolk City,1920,11.0,5.0,5900.0,,0.45454545454545453,536.3636363636364
G5107300,Virginia,Petersburg City,1920,6.0,4.0,400.0,,0.6666666666666666,66.66666666666667
G5107400,Virginia,Portsmouth City,1920,12.0,9.0,7208.0,,0.75,600.6666666666666
G5107500,Virginia,Radford City,1920,20.0,13.0,1502.0,,0.65,75.1
G5107600,Virginia,Richmond City,1920,22.0,14.0,1255.0,,0.6363636363636364,57.04545454545455
G5107700,Virginia,Roanoke City,1920,13.0,4.0,2520.0,,0.3076923076923077,193.84615384615384
G5107900,Virginia,Staunton City,1920,21.0,11.0,2751.0,,0.5238095238095238,131.0
G5108000,Virginia,Suffolk City,1920,2.0,1.0,306.0,,0.5,153.0
G5108400,Virginia,Winchester City,1920,20.0,15.0,3675.0,,0.75,183.75
G5109999,Virginia,All Other Independent Cities,1920,0.0,,,,,
G5300010,Washington,Adams,1920,1084.0,6.0,2662.0,,0.005535055350553505,2.455719557195572
G5300030,Washington,Asotin,1920,578.0,42.0,2476.0,,0.0726643598615917,4.283737024221454
G5300050,Washington,Benton,1920,1519.0,117.0,13848.0,,0.07702435813034891,9.116524028966426
G5300070,Washington,Chelan,1920,2095.0,331.0,42048.0,,0.15799522673031027,20.070644391408116
G5300090,Washington,Clallam,1920,607.0,39.0,3691.0,,0.0642504118616145,6.080724876441516
G5300110,Washington,Clark,1920,3066.0,324.0,32216.0,,0.10567514677103718,10.507501630789301
G5300130,Washington,Columbia,1920,622.0,2.0,87.0,,0.003215434083601286,0.13987138263665594
G5300150,Washington,Cowlitz,1920,1066.0,40.0,2141.0,,0.0375234521575985,2.0084427767354596
G5300170,Washington,Douglas,1920,1623.0,88.0,15864.0,,0.054220579174368455,9.77449168207024
G5300190,Washington,Ferry,1920,730.0,1.0,35.0,,0.0013698630136986301,0.04794520547945205
G5300210,Washington,Franklin,1920,414.0,1.0,500.0,,0.0024154589371980675,1.2077294685990339
G5300230,Washington,Garfield,1920,413.0,2.0,1360.0,,0.004842615012106538,3.2929782082324457
G5300250,Washington,Grant,1920,1110.0,29.0,12036.0,,0.026126126126126126,10.843243243243244
G5300270,Washington,Grays Harbor,1920,1064.0,88.0,6766.0,,0.08270676691729323,6.359022556390977
G5300290,Washington,Island,1920,763.0,19.0,437.0,,0.02490170380078637,0.5727391874180865
G5300310,Washington,Jefferson,1920,348.0,5.0,151.0,,0.014367816091954023,0.4339080459770115
G5300330,Washington,King,1920,3801.0,461.0,95192.0,,0.12128387266508814,25.043935806366747
G5300350,Washington,Kitsap,1920,1535.0,108.0,13337.0,,0.07035830618892508,8.688599348534202
G5300370,Washington,Kittitas,1920,928.0,14.0,1697.0,,0.015086206896551725,1.8286637931034482
G5300390,Washington,Klickitat,1920,1177.0,99.0,7178.0,,0.08411214953271028,6.098555649957519
G5300410,Washington,Lewis,1920,3030.0,96.0,6883.0,,0.031683168316831684,2.2716171617161716
G5300430,Washington,Lincoln,1920,1860.0,17.0,12295.0,,0.00913978494623656,6.610215053763441
G5300450,Washington,Mason,1920,483.0,23.0,715.0,,0.047619047619047616,1.4803312629399585
G5300470,Washington,Okanogan,1920,2856.0,127.0,13862.0,,0.04446778711484594,4.853641456582633
G5300490,Washington,Pacific,1920,453.0,50.0,1963.0,,0.11037527593818984,4.333333333333333
G5300510,Washington,Pend Oreille,1920,586.0,23.0,2067.0,,0.03924914675767918,3.5273037542662116
G5300530,Washington,Pierce,1920,3159.0,497.0,75812.0,,0.15732826843937955,23.998733776511553
G5300550,Washington,San Juan,1920,535.0,18.0,3299.0,,0.03364485981308411,6.166355140186916
G5300570,Washington,Skagit,1920,2401.0,57.0,7801.0,,0.023740108288213244,3.2490628904623073
G5300590,Washington,Skamania,1920,284.0,11.0,3483.0,,0.03873239436619718,12.264084507042254
G5300610,Washington,Snohomish,1920,3095.0,156.0,13822.0,,0.050403877221324715,4.465912762520194
G5300630,Washington,Spokane,1920,4830.0,179.0,36327.0,,0.03706004140786749,7.52111801242236
G5300650,Washington,Stevens,1920,2727.0,32.0,5626.0,,0.011734506784011734,2.063072973964063
G5300670,Washington,Thurston,1920,1490.0,61.0,2362.0,,0.04093959731543624,1.585234899328859
G5300690,Washington,Wahkiakum,1920,373.0,3.0,47.0,,0.00804289544235925,0.1260053619302949
G5300710,Washington,Walla Walla,1920,1502.0,73.0,20831.0,,0.04860186418109188,13.868841544607191
G5300730,Washington,Whatcom,1920,3369.0,182.0,11315.0,,0.054021964974769965,3.358563371920451
G5300750,Washington,Whitman,1920,2957.0,61.0,15542.0,,0.020629015894487658,5.256002705444708
G5300770,Washington,Yakima,1920,5755.0,163.0,37863.0,,0.028323197219808863,6.579148566463944
G5400010,West Virginia,Barbour,1920,1837.0,1416.0,45605.0,,0.7708219923788786,24.825802939575393
G5400030,West Virginia,Berkeley,1920,1290.0,959.0,102006.0,,0.7434108527131783,79.07441860465116
G5400050,West Virginia,Boone,1920,1120.0,42.0,770.0,,0.0375,0.6875
G5400070,West Virginia,Braxton,1920,2599.0,1086.0,32170.0,,0.41785302039245864,12.377837629857638
G5400090,West Virginia,Brooke,1920,378.0,109.0,9182.0,,0.28835978835978837,24.29100529100529
G5400110,West Virginia,Cabell,1920,2113.0,408.0,14171.0,,0.19309039280643633,6.706578324656886
G5400130,West Virginia,Calhoun,1920,1492.0,118.0,6003.0,,0.07908847184986595,4.023458445040214
G5400150,West Virginia,Clay,1920,1069.0,277.0,10028.0,,0.2591206735266604,9.380729653882133
G5400170,West Virginia,Doddridge,1920,1439.0,221.0,6075.0,,0.1535788742182071,4.221681723419041
G5400190,West Virginia,Fayette,1920,1461.0,1088.0,48068.0,,0.7446954140999316,32.90075290896646
G5400210,West Virginia,Gilmer,1920,1526.0,281.0,12064.0,,0.18414154652686762,7.905635648754915
G5400230,West Virginia,Grant,1920,793.0,425.0,17446.0,,0.5359394703656999,22.0
G5400250,West Virginia,Greenbrier,1920,2439.0,1851.0,86535.0,,0.7589175891758918,35.47970479704797
G5400270,West Virginia,Hampshire,1920,1663.0,1177.0,69553.0,,0.7077570655441973,41.823812387251955
G5400290,West Virginia,Hancock,1920,357.0,237.0,20030.0,,0.6638655462184874,56.10644257703081
G5400310,West Virginia,Hardy,1920,1228.0,759.0,36742.0,,0.6180781758957655,29.920195439739413
G5400330,West Virginia,Harrison,1920,2271.0,952.0,40948.0,,0.4191985909291061,18.03082342580361
G5400350,West Virginia,Jackson,1920,2798.0,766.0,33927.0,,0.27376697641172265,12.125446747676913
G5400370,West Virginia,Jefferson,1920,899.0,731.0,117893.0,,0.8131256952169077,131.13793103448276
G5400390,West Virginia,Kanawha,1920,2952.0,303.0,13968.0,,0.10264227642276423,4.7317073170731705
G5400410,West Virginia,Lewis,1920,1644.0,732.0,30951.0,,0.44525547445255476,18.826642335766422
G5400430,West Virginia,Lincoln,1920,2412.0,469.0,26810.0,,0.19444444444444445,11.11525704809287
G5400450,West Virginia,Logan,1920,768.0,17.0,1501.0,,0.022135416666666668,1.9544270833333333
G5400470,West Virginia,McDowell,1920,799.0,86.0,3478.0,,0.10763454317897372,4.352941176470588
G5400490,West Virginia,Marion,1920,2233.0,959.0,33836.0,,0.42946708463949845,15.152709359605911
G5400510,West Virginia,Marshall,1920,1712.0,222.0,12719.0,,0.12967289719626168,7.429322429906542
G5400530,West Virginia,Mason,1920,2415.0,711.0,32965.0,,0.29440993788819875,13.650103519668738
G5400550,West Virginia,Mercer,1920,1927.0,1076.0,35814.0,,0.5583809029579657,18.585365853658537
G5400570,West Virginia,Mineral,1920,769.0,368.0,20500.0,,0.47854356306892065,26.657997399219767
G5400590,West Virginia,Mingo,1920,898.0,50.0,2592.0,,0.0556792873051225,2.88641425389755
G5400610,West Virginia,Monongalia,1920,1805.0,829.0,29010.0,,0.4592797783933518,16.07202216066482
G5400630,West Virginia,Monroe,1920,1834.0,1448.0,91104.0,,0.7895310796074155,49.67502726281352
G5400650,West Virginia,Morgan,1920,773.0,644.0,56833.0,,0.833117723156533,73.52263906856403
G5400670,West Virginia,Nicholas,1920,1670.0,1162.0,62828.0,,0.6958083832335329,37.621556886227545
G5400690,West Virginia,Ohio,1920,516.0,175.0,15667.0,,0.3391472868217054,30.362403100775193
G5400710,West Virginia,Pendleton,1920,1342.0,744.0,23218.0,,0.5543964232488823,17.301043219076007
G5400730,West Virginia,Pleasants,1920,771.0,238.0,12778.0,,0.3086900129701686,16.573281452658886
G5400750,West Virginia,Pocahontas,1920,1283.0,804.0,31292.0,,0.6266562743569758,24.389711613406078
G5400770,West Virginia,Preston,1920,2406.0,1824.0,88912.0,,0.7581047381546134,36.95428096425603
G5400790,West Virginia,Putnam,1920,1956.0,636.0,49628.0,,0.32515337423312884,25.372188139059304
G5400810,West Virginia,Raleigh,1920,1578.0,859.0,37151.0,,0.5443599493029151,23.543092522179975
G5400830,West Virginia,Randolph,1920,1774.0,1069.0,51558.0,,0.6025930101465614,29.063134160090193
G5400850,West Virginia,Ritchie,1920,1844.0,721.0,20110.0,,0.39099783080260303,10.905639913232104
G5400870,West Virginia,Roane,1920,2448.0,535.0,24059.0,,0.21854575163398693,9.828022875816993
G5400890,West Virginia,Summers,1920,1965.0,1189.0,44060.0,,0.605089058524173,22.422391857506362
G5400910,West Virginia,Taylor,1920,996.0,488.0,18272.0,,0.4899598393574297,18.34538152610442
G5400930,West Virginia,Tucker,1920,724.0,493.0,14726.0,,0.680939226519337,20.33977900552486
G5400950,West Virginia,Tyler,1920,1440.0,454.0,11735.0,,0.31527777777777777,8.149305555555555
G5400970,West Virginia,Upshur,1920,2148.0,1574.0,48025.0,,0.7327746741154563,22.35800744878957
G5400990,West Virginia,Wayne,1920,3058.0,331.0,11893.0,,0.10824068018312623,3.8891432308698497
G5401010,West Virginia,Webster,1920,981.0,256.0,8854.0,,0.2609582059123344,9.025484199796127
G5401030,West Virginia,Wetzel,1920,1836.0,88.0,2364.0,,0.04793028322440087,1.2875816993464053
G5401050,West Virginia,Wirt,1920,1187.0,195.0,5501.0,,0.16427969671440606,4.634372367312553
G5401070,West Virginia,Wood,1920,2472.0,476.0,20116.0,,0.1925566343042071,8.137540453074434
G5401090,West Virginia,Wyoming,1920,1181.0,181.0,5502.0,,0.15325994919559696,4.658763759525826
G5500010,Wisconsin,Adams,1920,1557.0,43.0,2202.0,,0.027617212588310854,1.4142581888246628
G5500030,Wisconsin,Ashland,1920,1131.0,18.0,860.0,,0.015915119363395226,0.7603890362511052
G5500050,Wisconsin,Barron,1920,4516.0,82.0,3591.0,,0.01815766164747564,0.7951727192205491
G5500070,Wisconsin,Bayfield,1920,1791.0,34.0,2307.0,,0.018983807928531545,1.288107202680067
G5500090,Wisconsin,Brown,1920,3498.0,163.0,16135.0,,0.0465980560320183,4.6126357918810745
G5500110,Wisconsin,Buffalo,1920,2089.0,601.0,12811.0,,0.28769746290090953,6.132599329822882
G5500130,Wisconsin,Burnett,1920,1872.0,16.0,752.0,,0.008547008547008548,0.4017094017094017
G5500150,Wisconsin,Calumet,1920,2087.0,32.0,4405.0,,0.015333013895543843,2.110685194058457
G5500170,Wisconsin,Chippewa,1920,3729.0,90.0,10782.0,,0.02413515687851971,2.8913917940466614
G5500190,Wisconsin,Clark,1920,5116.0,137.0,7444.0,,0.026778733385457387,1.4550430023455825
G5500210,Wisconsin,Columbia,1920,3320.0,336.0,23605.0,,0.10120481927710843,7.109939759036145
G5500230,Wisconsin,Crawford,1920,1911.0,26.0,1237.0,,0.013605442176870748,0.6473050758765044
G5500250,Wisconsin,Dane,1920,6217.0,306.0,29932.0,,0.04921988097152968,4.81454077529355
G5500270,Wisconsin,Dodge,1920,4633.0,128.0,17362.0,,0.02762788689833801,3.7474638463198793
G5500290,Wisconsin,Door,1920,2396.0,138.0,9171.0,,0.05759599332220367,3.8276293823038396
G5500310,Wisconsin,Douglas,1920,1557.0,34.0,1848.0,,0.021836865767501604,1.186897880539499
G5500330,Wisconsin,Dunn,1920,3566.0,98.0,10291.0,,0.027481772293886708,2.885866517106001
G5500350,Wisconsin,Eau Claire,1920,2368.0,72.0,2601.0,,0.030405405405405407,1.0983952702702702
G5500370,Wisconsin,Florence,1920,349.0,26.0,1412.0,,0.07449856733524356,4.045845272206304
G5500390,Wisconsin,Fond du Lac,1920,4190.0,121.0,10720.0,,0.028878281622911693,2.558472553699284
G5500410,Wisconsin,Forest,1920,535.0,15.0,1158.0,,0.028037383177570093,2.1644859813084114
G5500430,Wisconsin,Grant,1920,4022.0,168.0,16992.0,,0.0417702635504724,4.224763799104923
G5500450,Wisconsin,Green,1920,2330.0,139.0,18377.0,,0.05965665236051502,7.887124463519314
G5500470,Wisconsin,Green Lake,1920,1507.0,64.0,7102.0,,0.042468480424684804,4.7126741871267415
G5500490,Wisconsin,Iowa,1920,2527.0,115.0,8161.0,,0.04550850811238623,3.2295211713494263
G5500510,Wisconsin,Iron,1920,381.0,7.0,840.0,,0.01837270341207349,2.204724409448819
G5500530,Wisconsin,Jackson,1920,2577.0,94.0,5401.0,,0.03647652308886302,2.095847885137757
G5500550,Wisconsin,Jefferson,1920,3263.0,101.0,10723.0,,0.030953110634385536,3.286239656757585
G5500570,Wisconsin,Juneau,1920,2479.0,169.0,15546.0,,0.0681726502622025,6.27107704719645
G5500590,Wisconsin,Kenosha,1920,1383.0,439.0,85372.0,,0.31742588575560376,61.7295733911786
G5500610,Wisconsin,Kewaunee,1920,2065.0,53.0,8692.0,,0.025665859564164648,4.209200968523002
G5500630,Wisconsin,La Crosse,1920,1720.0,47.0,4371.0,,0.02732558139534884,2.541279069767442
G5500650,Wisconsin,Lafayette,1920,2360.0,88.0,9118.0,,0.03728813559322034,3.863559322033898
G5500670,Wisconsin,Langlade,1920,1780.0,27.0,2302.0,,0.015168539325842697,1.2932584269662921
G5500690,Wisconsin,Lincoln,1920,1586.0,20.0,1911.0,,0.012610340479192938,1.2049180327868851
G5500710,Wisconsin,Manitowoc,1920,3904.0,99.0,25272.0,,0.02535860655737705,6.473360655737705
G5500730,Wisconsin,Marathon,1920,6058.0,64.0,4249.0,,0.010564542753383956,0.7013865962363817
G5500750,Wisconsin,Marinette,1920,2531.0,131.0,7860.0,,0.05175819834057685,3.1054919004346107
G5500770,Wisconsin,Marquette,1920,1432.0,33.0,1851.0,,0.023044692737430168,1.2925977653631284
G5500790,Wisconsin,Milwaukee,1920,2574.0,251.0,30738.0,,0.09751359751359752,11.941724941724942
G5500810,Wisconsin,Monroe,1920,3519.0,116.0,12383.0,,0.03296391020176186,3.518897414038079
G5500830,Wisconsin,Oconto,1920,3114.0,140.0,8165.0,,0.0449582530507386,2.622029543994862
G5500850,Wisconsin,Oneida,1920,724.0,55.0,25411.0,,0.07596685082872928,35.098066298342545
G5500870,Wisconsin,Outagamie,1920,3746.0,183.0,16435.0,,0.04885210891617726,4.387346502936466
G5500890,Wisconsin,Ozaukee,1920,1727.0,38.0,3885.0,,0.022003474232773594,2.2495657209033006
G5500910,Wisconsin,Pepin,1920,1034.0,11.0,437.0,,0.010638297872340425,0.42263056092843326
G5500930,Wisconsin,Pierce,1920,3105.0,39.0,5311.0,,0.012560386473429951,1.7104669887278583
G5500950,Wisconsin,Polk,1920,4058.0,33.0,3683.0,,0.008132084770823066,0.9075899457861015
G5500970,Wisconsin,Portage,1920,3326.0,38.0,5231.0,,0.011425135297654841,1.5727600721587494
G5500990,Wisconsin,Price,1920,1935.0,27.0,1735.0,,0.013953488372093023,0.896640826873385
G5501010,Wisconsin,Racine,1920,2215.0,695.0,83053.0,,0.31376975169300225,37.49571106094808
G5501030,Wisconsin,Richland,1920,2533.0,20.0,1565.0,,0.007895775759968417,0.6178444532175287
G5501050,Wisconsin,Rock,1920,3660.0,495.0,50632.0,,0.13524590163934427,13.833879781420766
G5501070,Wisconsin,Rusk,1920,1946.0,14.0,1214.0,,0.007194244604316547,0.6238437821171634
G5501090,Wisconsin,St Croix,1920,3290.0,83.0,12444.0,,0.025227963525835867,3.782370820668693
G5501110,Wisconsin,Sauk,1920,3697.0,122.0,6894.0,,0.03299972951041385,1.8647552069245334
G5501130,Wisconsin,Sawyer,1920,823.0,11.0,2106.0,,0.013365735115431349,2.5589307411907654
G5501150,Wisconsin,Shawano,1920,3977.0,91.0,4218.0,,0.022881569021875787,1.0605984410359568
G5501170,Wisconsin,Sheboygan,1920,3664.0,79.0,6750.0,,0.02156113537117904,1.8422489082969433
G5501190,Wisconsin,Taylor,1920,2260.0,69.0,1996.0,,0.030530973451327433,0.8831858407079646
G5501210,Wisconsin,Trempealeau,1920,3138.0,46.0,4927.0,,0.014659018483110261,1.5701083492670491
G5501230,Wisconsin,Vernon,1920,4101.0,78.0,6883.0,,0.019019751280175568,1.6783711289929286
G5501250,Wisconsin,Vilas,1920,417.0,19.0,863.0,,0.045563549160671464,2.0695443645083933
G5501270,Wisconsin,Walworth,1920,2779.0,149.0,15293.0,,0.05361640878013674,5.503058654192156
G5501290,Wisconsin,Washburn,1920,1380.0,20.0,3854.0,,0.014492753623188406,2.7927536231884056
G5501310,Wisconsin,Washington,1920,2799.0,44.0,3567.0,,0.015719899964272956,1.2743837084673098
G5501330,Wisconsin,Waukesha,1920,3406.0,139.0,21868.0,,0.04081033470346448,6.4204345273047565
G5501350,Wisconsin,Waupaca,1920,3770.0,100.0,5741.0,,0.026525198938992044,1.5228116710875332
G5501370,Wisconsin,Waushara,1920,2468.0,56.0,7404.0,,0.022690437601296597,3.0
G5501390,Wisconsin,Winnebago,1920,2711.0,83.0,13311.0,,0.030616008852821838,4.909996311324234
G5501410,Wisconsin,Wood,1920,3066.0,67.0,6987.0,,0.021852576647097194,2.2788649706457926
G5600010,Wyoming,Albany,1920,441.0,1.0,180.0,,0.0022675736961451248,0.40816326530612246
G5600030,Wyoming,Big Horn,1920,998.0,6.0,158.0,,0.006012024048096192,0.15831663326653306
G5600050,Wyoming,Campbell,1920,1072.0,1.0,35.0,,0.0009328358208955224,0.03264925373134328
G5600070,Wyoming,Carbon,1920,413.0,22.0,5226.0,,0.053268765133171914,12.653753026634382
G5600090,Wyoming,Converse,1920,864.0,3.0,185.0,,0.003472222222222222,0.21412037037037038
G5600110,Wyoming,Crook,1920,1093.0,2.0,25.0,,0.0018298261665141812,0.022872827081427266
G5600130,Wyoming,Fremont,1920,969.0,2.0,50.0,,0.0020639834881320948,0.05159958720330237
G5600150,Wyoming,Goshen,1920,1511.0,8.0,651.0,,0.005294506949040371,0.4308405029781602
G5600170,Wyoming,Hot Springs,1920,197.0,0.0,0.0,,0.0,0.0
G5600190,Wyoming,Johnson,1920,624.0,1.0,75.0,,0.0016025641025641025,0.1201923076923077
G5600210,Wyoming,Laramie,1920,1178.0,0.0,0.0,,0.0,0.0
G5600230,Wyoming,Lincoln,1920,923.0,2.0,335.0,,0.0021668472372697724,0.3629469122426869
G5600250,Wyoming,Natrona,1920,183.0,1.0,160.0,,0.00546448087431694,0.8743169398907104
G5600270,Wyoming,Niobrara,1920,739.0,0.0,0.0,,0.0,0.0
G5600290,Wyoming,Park,1920,839.0,4.0,709.0,,0.004767580452920143,0.8450536352800954
G5600310,Wyoming,Platte,1920,1146.0,0.0,0.0,,0.0,0.0
G5600330,Wyoming,Sheridan,1920,972.0,1.0,500.0,,0.00102880658436214,0.51440329218107
G5600370,Wyoming,Sweetwater,1920,139.0,0.0,0.0,,0.0,0.0
G5600410,Wyoming,Uinta,1920,408.0,1.0,200.0,,0.0024509803921568627,0.49019607843137253
G5600430,Wyoming,Washakie,1920,318.0,0.0,0.0,,0.0,0.0
G5600450,Wyoming,Weston,1920,721.0,0.0,0.0,,0.0,0.0
G5600470,Wyoming,Yellowstone National Park,1920,0.0,,,,,
G0100010,Alabama,Autauga,1930,2981.0,2606.0,328657.0,9618.0,0.8742032874874204,110.25058705132506
G0100030,Alabama,Baldwin,1930,2454.0,1947.0,451316.0,13180.0,0.793398533007335,183.91035044824775
G0100050,Alabama,Barbour,1930,3855.0,3495.0,392328.0,12116.0,0.9066147859922179,101.77120622568093
G0100070,Alabama,Bibb,1930,1950.0,1516.0,105205.0,3445.0,0.7774358974358975,53.95128205128205
G0100090,Alabama,Blount,1930,4373.0,3882.0,400562.0,10885.0,0.8877201006174251,91.59890235536245
G0100110,Alabama,Bullock,1930,2921.0,2032.0,163570.0,5596.0,0.6956521739130435,55.99794590893529
G0100130,Alabama,Butler,1930,3601.0,3325.0,376784.0,11076.0,0.9233546237156346,104.63315745626215
G0100150,Alabama,Calhoun,1930,3070.0,2797.0,220930.0,6940.0,0.9110749185667752,71.9641693811075
G0100170,Alabama,Chambers,1930,4123.0,3844.0,538868.0,15416.0,0.9323308270676691,130.6980354111084
G0100190,Alabama,Cherokee,1930,3513.0,3294.0,377444.0,10799.0,0.9376601195559351,107.44207230287503
G0100210,Alabama,Chilton,1930,3920.0,3482.0,375256.0,10502.0,0.888265306122449,95.72857142857143
G0100230,Alabama,Choctaw,1930,2743.0,1838.0,134653.0,4043.0,0.6700692672256653,49.089682829019324
G0100250,Alabama,Clarke,1930,3105.0,2070.0,114694.0,3474.0,0.6666666666666666,36.938486312399355
G0100270,Alabama,Clay,1930,3032.0,2719.0,237761.0,6925.0,0.8967678100263852,78.41721635883906
G0100290,Alabama,Cleburne,1930,2030.0,1856.0,165583.0,4817.0,0.9142857142857143,81.5679802955665
G0100310,Alabama,Coffee,1930,4174.0,3917.0,610706.0,18438.0,0.9384283660757068,146.31193100143747
G0100330,Alabama,Colbert,1930,2904.0,2603.0,279690.0,7967.0,0.8963498622589532,96.31198347107438
G0100350,Alabama,Conecuh,1930,3473.0,3242.0,354281.0,10164.0,0.9334868989346387,102.01007774258566
G0100370,Alabama,Coosa,1930,1876.0,1651.0,109584.0,3354.0,0.8800639658848614,58.4136460554371
G0100390,Alabama,Covington,1930,4426.0,4182.0,600796.0,18649.0,0.9448712155445097,135.74243108901942
G0100410,Alabama,Crenshaw,1930,3595.0,3376.0,408405.0,12315.0,0.9390820584144646,113.60361613351877
G0100430,Alabama,Cullman,1930,7060.0,6325.0,788763.0,20238.0,0.8958923512747875,111.72280453257791
G0100450,Alabama,Dale,1930,2906.0,2617.0,354619.0,10492.0,0.9005505849965588,122.02993805918788
G0100470,Alabama,Dallas,1930,7096.0,3514.0,319304.0,9847.0,0.4952085682074408,44.997745208568205
G0100490,Alabama,DeKalb,1930,6586.0,6238.0,698803.0,20332.0,0.9471606437898573,106.10431217734589
G0100510,Alabama,Elmore,1930,4250.0,3585.0,448871.0,13453.0,0.8435294117647059,105.61670588235295
G0100530,Alabama,Escambia,1930,2163.0,1992.0,289608.0,9188.0,0.9209431345353676,133.89181692094314
G0100550,Alabama,Etowah,1930,3773.0,3328.0,351730.0,10309.0,0.8820567187914127,93.22289954943017
G0100570,Alabama,Fayette,1930,2780.0,2417.0,167475.0,5135.0,0.8694244604316547,60.242805755395686
G0100590,Alabama,Franklin,1930,3429.0,3190.0,254113.0,7278.0,0.9303003791192768,74.10702828813065
G0100610,Alabama,Geneva,1930,3648.0,3424.0,537112.0,17252.0,0.9385964912280702,147.234649122807
G0100630,Alabama,Greene,1930,3553.0,2279.0,148839.0,4057.0,0.6414297776526878,41.891077962285394
G0100650,Alabama,Hale,1930,4833.0,2595.0,172657.0,5015.0,0.5369335816263191,35.724601696668735
G0100670,Alabama,Henry,1930,3071.0,2931.0,444544.0,13447.0,0.9544122435688701,144.75545424943016
G0100690,Alabama,Houston,1930,4720.0,4376.0,610307.0,19639.0,0.9271186440677966,129.30233050847457
G0100710,Alabama,Jackson,1930,5337.0,4378.0,334238.0,10069.0,0.8203110361626382,62.626569233651864
G0100730,Alabama,Jefferson,1930,3349.0,2056.0,124663.0,3677.0,0.6139146013735444,37.223947446999105
G0100750,Alabama,Lamar,1930,3075.0,2719.0,222877.0,6600.0,0.8842276422764228,72.48032520325204
G0100770,Alabama,Lauderdale,1930,5246.0,4537.0,293389.0,9024.0,0.8648494090735799,55.92622950819672
G0100790,Alabama,Lawrence,1930,5119.0,4435.0,433933.0,12641.0,0.8663801523735104,84.76909552647001
G0100810,Alabama,Lee,1930,2970.0,2611.0,354464.0,10522.0,0.8791245791245791,119.34814814814816
G0100830,Alabama,Limestone,1930,6349.0,5667.0,429829.0,13044.0,0.8925815088990392,67.70026775870215
G0100850,Alabama,Lowndes,1930,3993.0,1965.0,193434.0,5765.0,0.49211119459053343,48.44327573253193
G0100870,Alabama,Macon,1930,3714.0,2980.0,387374.0,12228.0,0.8023694130317717,104.30102315562736
G0100890,Alabama,Madison,1930,7178.0,6525.0,661225.0,19248.0,0.9090275842853163,92.11827807188632
G0100910,Alabama,Marengo,1930,6503.0,2580.0,174700.0,5167.0,0.3967399661694602,26.86452406581578
G0100930,Alabama,Marion,1930,3746.0,3399.0,258391.0,7788.0,0.907367859049653,68.97784303256807
G0100950,Alabama,Marshall,1930,6279.0,5771.0,756305.0,21200.0,0.9190953973562669,120.44991240643415
G0100970,Alabama,Mobile,1930,1557.0,1245.0,349159.0,9869.0,0.7996146435452793,224.25112395632627
G0100990,Alabama,Monroe,1930,3894.0,3571.0,388044.0,11432.0,0.9170518746789933,99.6517719568567
G0101010,Alabama,Montgomery,1930,4069.0,1541.0,205037.0,6328.0,0.37871712951585157,50.39002211845662
G0101030,Alabama,Morgan,1930,5079.0,4449.0,401669.0,11546.0,0.8759598346131128,79.08426855680251
G0101050,Alabama,Perry,1930,4347.0,2185.0,179045.0,5388.0,0.5026455026455027,41.188175753393146
G0101070,Alabama,Pickens,1930,4127.0,3118.0,211604.0,6663.0,0.7555124787981584,51.27307971892416
G0101090,Alabama,Pike,1930,3669.0,3425.0,503354.0,15622.0,0.9334968656309621,137.1910602343963
G0101110,Alabama,Randolph,1930,4069.0,3793.0,474375.0,13343.0,0.9321700663553699,116.58269845170804
G0101130,Alabama,Russell,1930,2657.0,2114.0,242417.0,7298.0,0.7956341738803161,91.2371095220173
G0101150,Alabama,St Clair,1930,2424.0,2071.0,126885.0,3851.0,0.8543729372937293,52.34529702970297
G0101170,Alabama,Shelby,1930,2241.0,1689.0,138780.0,4454.0,0.7536813922356091,61.9277108433735
G0101190,Alabama,Sumter,1930,4404.0,2253.0,179763.0,4916.0,0.5115803814713896,40.81811989100817
G0101210,Alabama,Talladega,1930,4003.0,3613.0,281433.0,8588.0,0.902573070197352,70.30552085935548
G0101230,Alabama,Tallapoosa,1930,3340.0,3036.0,319927.0,9485.0,0.9089820359281438,95.78652694610778
G0101250,Alabama,Tuscaloosa,1930,4752.0,3646.0,296385.0,8751.0,0.7672558922558923,62.37058080808081
G0101270,Alabama,Walker,1930,3636.0,2806.0,164788.0,4639.0,0.7717271727172718,45.32123212321232
G0101290,Alabama,Washington,1930,1761.0,1150.0,82895.0,2443.0,0.653038046564452,47.07268597387848
G0101310,Alabama,Wilcox,1930,4344.0,2290.0,154787.0,4904.0,0.5271639042357275,35.6323664825046
G0101330,Alabama,Winston,1930,2177.0,1955.0,170972.0,4813.0,0.8980248047772164,78.53559944878273
G0109999,Alabama,All Other Counties,1930,0.0,,,,,
G0250015,Alaska Territory,First Judicial Dist,1930,202.0,,,,,
G0250035,Alaska Territory,Fourth Judicial Dist,1930,1.0,,,,,
G0250075,Alaska Territory,Second Judicial Dist,1930,187.0,,,,,
G0250115,Alaska Territory,Third Judicial Dist,1930,110.0,,,,,
G0400010,Arizona,Apache,1930,1444.0,2.0,590.0,2.0,0.0013850415512465374,0.4085872576177285
G0400030,Arizona,Cochise,1930,927.0,17.0,592.0,11.0,0.018338727076591153,0.6386192017259978
G0400050,Arizona,Coconino,1930,789.0,4.0,141.0,3.0,0.005069708491761723,0.17870722433460076
G0400070,Arizona,Gila,1930,306.0,2.0,270.0,0.0,0.006535947712418301,0.8823529411764706
G0400090,Arizona,Graham,1930,749.0,6.0,694.0,18.0,0.00801068090787717,0.9265687583444593
G0400110,Arizona,Greenlee,1930,257.0,0.0,0.0,0.0,0.0,0.0
G0400130,Arizona,Maricopa,1930,4597.0,381.0,136498.0,3261.0,0.08288013922123123,29.692843158581685
G0400150,Arizona,Mohave,1930,384.0,1.0,140.0,3.0,0.0026041666666666665,0.3645833333333333
G0400170,Arizona,Navajo,1930,1287.0,2.0,170.0,4.0,0.001554001554001554,0.1320901320901321
G0400190,Arizona,Pima,1930,757.0,9.0,1048.0,5.0,0.011889035667107,1.3844121532364597
G0400210,Arizona,Pinal,1930,1008.0,8.0,1518.0,59.0,0.007936507936507936,1.505952380952381
G0400230,Arizona,Santa Cruz,1930,220.0,0.0,0.0,0.0,0.0,0.0
G0400250,Arizona,Yavapai,1930,675.0,12.0,1126.0,6.0,0.017777777777777778,1.6681481481481482
G0400270,Arizona,Yuma,1930,773.0,80.0,33234.0,332.0,0.1034928848641656,42.99353169469599
G0409999,Arizona,All Other Counties,1930,0.0,,,,,
G0500010,Arkansas,Arkansas,1930,2301.0,74.0,5931.0,140.0,0.03215993046501521,2.577574967405476
G0500030,Arkansas,Ashley,1930,3841.0,1532.0,96517.0,2662.0,0.3988544649830773,25.128091642801355
G0500050,Arkansas,Baxter,1930,1447.0,347.0,9625.0,282.0,0.2398064961990325,6.651693158258466
G0500070,Arkansas,Benton,1930,5005.0,1398.0,51468.0,1545.0,0.27932067932067933,10.283316683316682
G0500090,Arkansas,Boone,1930,1923.0,418.0,8134.0,229.0,0.21736869474778991,4.229849193967759
G0500110,Arkansas,Bradley,1930,2000.0,1555.0,138854.0,3807.0,0.7775,69.427
G0500130,Arkansas,Calhoun,1930,1497.0,1211.0,113037.0,3072.0,0.8089512358049432,75.50901803607215
G0500150,Arkansas,Carroll,1930,2351.0,741.0,15549.0,410.0,0.3151850276478094,6.613781369629945
G0500170,Arkansas,Chicot,1930,4143.0,157.0,14798.0,276.0,0.037895244991552016,3.571807868694183
G0500190,Arkansas,Clark,1930,3114.0,1398.0,87306.0,2375.0,0.4489402697495183,28.03660886319846
G0500210,Arkansas,Clay,1930,3435.0,213.0,7093.0,191.0,0.06200873362445415,2.064919941775837
G0500230,Arkansas,Cleburne,1930,1778.0,1455.0,77060.0,2372.0,0.8183352080989876,43.34083239595051
G0500250,Arkansas,Cleveland,1930,2346.0,1884.0,125019.0,3480.0,0.80306905370844,53.290281329923275
G0500270,Arkansas,Columbia,1930,4800.0,3982.0,366469.0,9967.0,0.8295833333333333,76.34770833333333
G0500290,Arkansas,Conway,1930,3336.0,1791.0,108169.0,2970.0,0.5368705035971223,32.424760191846524
G0500310,Arkansas,Craighead,1930,4757.0,400.0,14981.0,443.0,0.0840866092074837,3.1492537313432836
G0500330,Arkansas,Crawford,1930,2429.0,580.0,32070.0,780.0,0.23878139151914368,13.202964182791272
G0500350,Arkansas,Crittenden,1930,8044.0,309.0,27050.0,535.0,0.038413724515166586,3.3627548483341623
G0500370,Arkansas,Cross,1930,4398.0,58.0,3274.0,75.0,0.01318781264211005,0.7444292860391087
G0500390,Arkansas,Dallas,1930,1631.0,1127.0,77523.0,2168.0,0.6909871244635193,47.530962599632126
G0500410,Arkansas,Desha,1930,3516.0,145.0,5941.0,130.0,0.04124004550625711,1.6897042093287826
G0500430,Arkansas,Drew,1930,3408.0,1514.0,79524.0,2470.0,0.4442488262910798,23.33450704225352
G0500450,Arkansas,Faulkner,1930,4204.0,3055.0,233457.0,6886.0,0.7266888677450047,55.53211227402474
G0500470,Arkansas,Franklin,1930,2239.0,513.0,16962.0,550.0,0.22912014292094685,7.5757034390352835
G0500490,Arkansas,Fulton,1930,1853.0,948.0,31681.0,962.0,0.5116028062601188,17.09713977334053
G0500510,Arkansas,Garland,1930,1505.0,532.0,20982.0,510.0,0.35348837209302325,13.941528239202658
G0500530,Arkansas,Grant,1930,1349.0,991.0,77759.0,2020.0,0.7346182357301705,57.64195700518903
G0500550,Arkansas,Greene,1930,3388.0,457.0,15999.0,488.0,0.13488783943329397,4.722255017709563
G0500570,Arkansas,Hempstead,1930,4781.0,2226.0,185377.0,4994.0,0.465592972181552,38.77368751307258
G0500590,Arkansas,Hot Spring,1930,1882.0,1253.0,70921.0,2039.0,0.6657810839532412,37.68384697130712
G0500610,Arkansas,Howard,1930,2681.0,1306.0,91350.0,2477.0,0.48713166728832524,34.07310704960835
G0500630,Arkansas,Independence,1930,3182.0,1288.0,49380.0,1561.0,0.404776869893149,15.518541797611565
G0500650,Arkansas,Izard,1930,2377.0,1516.0,62714.0,2009.0,0.6377787126630207,26.383676903660074
G0500670,Arkansas,Jackson,1930,3768.0,860.0,76531.0,1873.0,0.22823779193205945,20.310774946921445
G0500690,Arkansas,Jefferson,1930,8099.0,1272.0,102741.0,2189.0,0.15705642671934808,12.685640202494135
G0500710,Arkansas,Johnson,1930,2387.0,507.0,20595.0,553.0,0.21240050272308336,8.627984918307499
G0500730,Arkansas,Lafayette,1930,2954.0,967.0,74405.0,2175.0,0.3273527420446852,25.187880839539606
G0500750,Arkansas,Lawrence,1930,2851.0,756.0,30810.0,938.0,0.26517011574886007,10.80673447913013
G0500770,Arkansas,Lee,1930,5569.0,137.0,13218.0,278.0,0.024600466870174177,2.3734961393427905
G0500790,Arkansas,Lincoln,1930,4720.0,729.0,53554.0,1466.0,0.15444915254237288,11.346186440677966
G0500810,Arkansas,Little River,1930,2625.0,361.0,21297.0,539.0,0.13752380952380952,8.113142857142858
G0500830,Arkansas,Logan,1930,3074.0,1285.0,60978.0,1649.0,0.4180221210149642,19.83669486011711
G0500850,Arkansas,Lonoke,1930,6189.0,2050.0,171441.0,4851.0,0.3312328324446599,27.700920988851188
G0500870,Arkansas,Madison,1930,2484.0,604.0,14473.0,368.0,0.2431561996779388,5.826489533011272
G0500890,Arkansas,Marion,1930,1474.0,252.0,6817.0,177.0,0.17096336499321574,4.62483039348711
G0500910,Arkansas,Miller,1930,3616.0,960.0,65384.0,1797.0,0.26548672566371684,18.081858407079647
G0500930,Arkansas,Mississippi,1930,10583.0,76.0,10505.0,243.0,0.00718132854578097,0.9926296891240669
G0500950,Arkansas,Monroe,1930,3415.0,521.0,45157.0,847.0,0.15256222547584186,13.223133235724744
G0500970,Arkansas,Montgomery,1930,1479.0,591.0,29032.0,754.0,0.3995943204868154,19.62947937795808
G0500990,Arkansas,Nevada,1930,3313.0,2345.0,190645.0,5200.0,0.7078176878961666,57.544521581648056
G0501010,Arkansas,Newton,1930,1864.0,142.0,2562.0,81.0,0.07618025751072961,1.3744635193133048
G0501030,Arkansas,Ouachita,1930,2322.0,1419.0,106034.0,2785.0,0.6111111111111112,45.66494401378122
G0501050,Arkansas,Perry,1930,1218.0,476.0,25125.0,690.0,0.39080459770114945,20.62807881773399
G0501070,Arkansas,Phillips,1930,5878.0,335.0,29653.0,614.0,0.056992174208914594,5.044743109901327
G0501090,Arkansas,Pike,1930,1654.0,1038.0,63404.0,1748.0,0.6275695284159613,38.33373639661427
G0501110,Arkansas,Poinsett,1930,3676.0,69.0,4160.0,118.0,0.018770402611534277,1.131664853101197
G0501130,Arkansas,Polk,1930,1824.0,767.0,27158.0,791.0,0.4205043859649123,14.889254385964913
G0501150,Arkansas,Pope,1930,3246.0,1586.0,90020.0,2679.0,0.48860135551447936,27.732593961799136
G0501170,Arkansas,Prairie,1930,2131.0,345.0,17943.0,557.0,0.16189582355701548,8.419990614734866
G0501190,Arkansas,Pulaski,1930,4290.0,859.0,88755.0,2081.0,0.20023310023310023,20.68881118881119
G0501210,Arkansas,Randolph,1930,2682.0,880.0,25561.0,845.0,0.32811334824757643,9.530574198359433
G0501230,Arkansas,St Francis,1930,6507.0,42.0,4386.0,94.0,0.006454587367450438,0.6740433379437529
G0501250,Arkansas,Saline,1930,1570.0,904.0,44779.0,1108.0,0.575796178343949,28.521656050955414
G0501270,Arkansas,Scott,1930,1630.0,539.0,22331.0,636.0,0.33067484662576685,13.7
G0501290,Arkansas,Searcy,1930,1880.0,219.0,4218.0,116.0,0.11648936170212766,2.2436170212765956
G0501310,Arkansas,Sebastian,1930,2694.0,641.0,35177.0,911.0,0.23793615441722346,13.057535263548626
G0501330,Arkansas,Sevier,1930,2216.0,799.0,40088.0,1029.0,0.3605595667870036,18.09025270758123
G0501350,Arkansas,Sharp,1930,1964.0,1274.0,50638.0,1748.0,0.6486761710794298,25.783095723014256
G0501370,Arkansas,Stone,1930,1385.0,404.0,11493.0,303.0,0.29169675090252706,8.298194945848376
G0501390,Arkansas,Union,1930,3464.0,2562.0,179901.0,4807.0,0.7396073903002309,51.9344688221709
G0501410,Arkansas,Van Buren,1930,2184.0,1534.0,85035.0,2419.0,0.7023809523809523,38.93543956043956
G0501430,Arkansas,Washington,1930,4836.0,1411.0,55034.0,1419.0,0.29177005789909016,11.380066170388751
G0501450,Arkansas,White,1930,5113.0,3428.0,208488.0,6794.0,0.6704478779581459,40.776061020927045
G0501470,Arkansas,Woodruff,1930,3432.0,174.0,9372.0,267.0,0.050699300699300696,2.730769230769231
G0501490,Arkansas,Yell,1930,3133.0,1192.0,65765.0,1881.0,0.3804660070220236,20.991062879029684
G0509999,Arkansas,All Other Counties,1930,0.0,,,,,
G0600010,California,Alameda,1930,2627.0,158.0,41757.0,361.0,0.06014465169394747,15.895317853064332
G0600030,California,Alpine,1930,19.0,0.0,0.0,0.0,0.0,0.0
G0600050,California,Amador,1930,371.0,5.0,723.0,0.0,0.013477088948787063,1.9487870619946093
G0600070,California,Butte,1930,2603.0,365.0,119220.0,1208.0,0.14022281982328083,45.800998847483676
G0600090,California,Calaveras,1930,481.0,6.0,352.0,0.0,0.012474012474012475,0.7318087318087318
G0600110,California,Colusa,1930,894.0,8.0,655.0,6.0,0.008948545861297539,0.732662192393736
G0600130,California,Contra Costa,1930,1890.0,82.0,37778.0,657.0,0.04338624338624339,19.988359788359787
G0600150,California,Del Norte,1930,150.0,27.0,969.0,19.0,0.18,6.46
G0600170,California,El Dorado,1930,886.0,154.0,18667.0,203.0,0.17381489841986456,21.068848758465013
G0600190,California,Fresno,1930,10334.0,776.0,166428.0,1850.0,0.07509192955293206,16.104896458293013
G0600210,California,Glenn,1930,1463.0,41.0,39662.0,64.0,0.028024606971975393,27.11004784688995
G0600230,California,Humboldt,1930,2045.0,253.0,18464.0,506.0,0.12371638141809291,9.028850855745722
G0600250,California,Imperial,1930,3176.0,418.0,304055.0,4481.0,0.13161209068010077,95.735201511335
G0600270,California,Inyo,1930,218.0,1.0,40.0,2.0,0.0045871559633027525,0.1834862385321101
G0600290,California,Kern,1930,2397.0,205.0,72475.0,1076.0,0.08552357113057989,30.235711305798915
G0600310,California,Kings,1930,2156.0,33.0,5962.0,16.0,0.015306122448979591,2.7653061224489797
G0600330,California,Lake,1930,1057.0,51.0,2228.0,31.0,0.048249763481551564,2.107852412488174
G0600350,California,Lassen,1930,472.0,35.0,1360.0,27.0,0.07415254237288135,2.8813559322033897
G0600370,California,Los Angeles,1930,12653.0,4360.0,3209628.0,32452.0,0.34458231249506044,253.66537580020548
G0600390,California,Madera,1930,1529.0,65.0,12050.0,160.0,0.04251144538914323,7.880967952910399
G0600410,California,Marin,1930,690.0,47.0,5273.0,59.0,0.06811594202898551,7.642028985507246
G0600430,California,Mariposa,1930,285.0,2.0,38.0,0.0,0.007017543859649123,0.13333333333333333
G0600450,California,Mendocino,1930,1672.0,109.0,6128.0,114.0,0.0651913875598086,3.665071770334928
G0600470,California,Merced,1930,3830.0,582.0,65751.0,1132.0,0.15195822454308094,17.167362924281985
G0600490,California,Modoc,1930,621.0,25.0,1338.0,26.0,0.040257648953301126,2.154589371980676
G0600510,California,Mono,1930,76.0,2.0,148.0,2.0,0.02631578947368421,1.9473684210526316
G0600530,California,Monterey,1930,1891.0,190.0,136484.0,2879.0,0.10047593865679534,72.1755684822845
G0600550,California,Napa,1930,1686.0,78.0,7395.0,30.0,0.046263345195729534,4.3861209964412815
G0600570,California,Nevada,1930,539.0,78.0,6726.0,59.0,0.14471243042671614,12.478664192949907
G0600590,California,Orange,1930,4960.0,3006.0,2308241.0,12080.0,0.6060483870967742,465.3711693548387
G0600610,California,Placer,1930,1628.0,442.0,79316.0,864.0,0.2714987714987715,48.71990171990172
G0600630,California,Plumas,1930,178.0,5.0,362.0,2.0,0.028089887640449437,2.033707865168539
G0600650,California,Riverside,1930,4746.0,1088.0,1033915.0,10413.0,0.2292456805731142,217.8497682258744
G0600670,California,Sacramento,1930,3882.0,427.0,91648.0,1445.0,0.10999484801648635,23.60844925296239
G0600690,California,San Benito,1930,1077.0,31.0,6717.0,110.0,0.028783658310120707,6.236768802228412
G0600710,California,San Bernardino,1930,7062.0,3110.0,2610761.0,27024.0,0.4403851600113282,369.6914471821014
G0600730,California,San Diego,1930,3902.0,1205.0,431126.0,4794.0,0.30881599179907737,110.48846745258841
G0600750,California,San Francisco,1930,112.0,54.0,32131.0,31.0,0.48214285714285715,286.88392857142856
G0600770,California,San Joaquin,1930,5730.0,490.0,333151.0,6199.0,0.08551483420593368,58.14153577661431
G0600790,California,San Luis Obispo,1930,1923.0,101.0,75298.0,1144.0,0.05252210088403536,39.156526261050445
G0600810,California,San Mateo,1930,841.0,270.0,144724.0,977.0,0.3210463733650416,172.0856123662307
G0600830,California,Santa Barbara,1930,1408.0,198.0,272387.0,3665.0,0.140625,193.45667613636363
G0600850,California,Santa Clara,1930,6237.0,997.0,212365.0,5077.0,0.15985249318582653,34.04922238255572
G0600870,California,Santa Cruz,1930,1855.0,269.0,96549.0,729.0,0.1450134770889488,52.04797843665768
G0600890,California,Shasta,1930,1213.0,67.0,4535.0,138.0,0.055234954657873044,3.7386644682605112
G0600910,California,Sierra,1930,92.0,2.0,83.0,1.0,0.021739130434782608,0.9021739130434783
G0600930,California,Siskiyou,1930,1155.0,46.0,5984.0,64.0,0.03982683982683983,5.180952380952381
G0600950,California,Solano,1930,1479.0,70.0,13184.0,119.0,0.04732927653820149,8.914131169709263
G0600970,California,Sonoma,1930,6562.0,627.0,88808.0,1493.0,0.09555013715330692,13.533678756476684
G0600990,California,Stanislaus,1930,5743.0,1081.0,82881.0,3181.0,0.18822914852864356,14.43165592895699
G0601010,California,Sutter,1930,1758.0,144.0,42113.0,471.0,0.08191126279863481,23.955062571103525
G0601030,California,Tehama,1930,1805.0,58.0,3792.0,37.0,0.03213296398891967,2.100831024930748
G0601050,California,Trinity,1930,325.0,8.0,168.0,1.0,0.024615384615384615,0.5169230769230769
G0601070,California,Tulare,1930,7154.0,1287.0,1378096.0,10319.0,0.17989935700307522,192.63293262510484
G0601090,California,Tuolumne,1930,293.0,11.0,1045.0,9.0,0.03754266211604096,3.5665529010238908
G0601110,California,Ventura,1930,1656.0,513.0,480570.0,4440.0,0.30978260869565216,290.1992753623188
G0601130,California,Yolo,1930,1641.0,54.0,18430.0,310.0,0.03290676416819013,11.230956733698964
G0601150,California,Yuba,1930,548.0,38.0,11387.0,53.0,0.06934306569343066,20.779197080291972
G0609999,California,All Other Counties,1930,0.0,,,,,
G0800010,Colorado,Adams,1930,1912.0,46.0,9409.0,52.0,0.02405857740585774,4.921025104602511
G0800030,Colorado,Alamosa,1930,531.0,11.0,843.0,8.0,0.02071563088512241,1.5875706214689265
G0800050,Colorado,Arapahoe,1930,1225.0,33.0,4792.0,54.0,0.026938775510204082,3.9118367346938774
G0800070,Colorado,Archuleta,1930,389.0,1.0,42.0,0.0,0.002570694087403599,0.10796915167095116
G0800090,Colorado,Baca,1930,1750.0,0.0,0.0,0.0,0.0,0.0
G0800110,Colorado,Bent,1930,882.0,18.0,1232.0,22.0,0.02040816326530612,1.3968253968253967
G0800130,Colorado,Boulder,1930,1473.0,35.0,3688.0,23.0,0.02376103190767142,2.503733876442634
G0800150,Colorado,Chaffee,1930,307.0,6.0,216.0,4.0,0.019543973941368076,0.7035830618892508
G0800170,Colorado,Cheyenne,1930,625.0,0.0,0.0,0.0,0.0,0.0
G0800190,Colorado,Clear Creek,1930,34.0,0.0,0.0,0.0,0.0,0.0
G0800210,Colorado,Conejos,1930,1467.0,3.0,104.0,0.0,0.002044989775051125,0.070892978868439
G0800230,Colorado,Costilla,1930,648.0,6.0,1651.0,1.0,0.009259259259259259,2.5478395061728394
G0800250,Colorado,Crowley,1930,626.0,19.0,1033.0,29.0,0.03035143769968051,1.6501597444089458
G0800270,Colorado,Custer,1930,406.0,4.0,645.0,16.0,0.009852216748768473,1.5886699507389161
G0800290,Colorado,Delta,1930,1744.0,61.0,2586.0,36.0,0.034977064220183485,1.4827981651376148
G0800310,Colorado,Denver,1930,257.0,89.0,14706.0,81.0,0.3463035019455253,57.221789883268485
G0800330,Colorado,Dolores,1930,194.0,0.0,0.0,0.0,0.0,0.0
G0800350,Colorado,Douglas,1930,438.0,1.0,75.0,2.0,0.00228310502283105,0.17123287671232876
G0800370,Colorado,Eagle,1930,374.0,5.0,131.0,1.0,0.013368983957219251,0.3502673796791444
G0800390,Colorado,Elbert,1930,1241.0,2.0,150.0,0.0,0.0016116035455278,0.12087026591458501
G0800410,Colorado,El Paso,1930,1463.0,27.0,4144.0,67.0,0.01845522898154477,2.8325358851674642
G0800430,Colorado,Fremont,1930,1270.0,92.0,12039.0,31.0,0.07244094488188976,9.479527559055118
G0800450,Colorado,Garfield,1930,1015.0,17.0,790.0,10.0,0.016748768472906402,0.7783251231527094
G0800470,Colorado,Gilpin,1930,34.0,1.0,3.0,0.0,0.029411764705882353,0.08823529411764706
G0800490,Colorado,Grand,1930,229.0,1.0,200.0,3.0,0.004366812227074236,0.8733624454148472
G0800510,Colorado,Gunnison,1930,370.0,0.0,0.0,0.0,0.0,0.0
G0800530,Colorado,Hinsdale,1930,44.0,0.0,0.0,0.0,0.0,0.0
G0800550,Colorado,Huerfano,1930,760.0,0.0,0.0,0.0,0.0,0.0
G0800570,Colorado,Jackson,1930,203.0,0.0,0.0,0.0,0.0,0.0
G0800590,Colorado,Jefferson,1930,1817.0,198.0,11531.0,85.0,0.10897083104017612,6.346175013758943
G0800610,Colorado,Kiowa,1930,579.0,0.0,0.0,0.0,0.0,0.0
G0800630,Colorado,Kit Carson,1930,1630.0,4.0,175.0,0.0,0.00245398773006135,0.10736196319018405
G0800650,Colorado,Lake,1930,44.0,2.0,315.0,0.0,0.045454545454545456,7.159090909090909
G0800670,Colorado,La Plata,1930,1161.0,9.0,263.0,1.0,0.007751937984496124,0.22652885443583118
G0800690,Colorado,Larimer,1930,1838.0,94.0,7897.0,112.0,0.051142546245919476,4.29651795429815
G0800710,Colorado,Las Animas,1930,1758.0,25.0,2426.0,39.0,0.01422070534698521,1.3799772468714449
G0800730,Colorado,Lincoln,1930,1232.0,0.0,0.0,0.0,0.0,0.0
G0800750,Colorado,Logan,1930,1845.0,24.0,1712.0,18.0,0.013008130081300813,0.9279132791327913
G0800770,Colorado,Mesa,1930,2665.0,282.0,46847.0,182.0,0.10581613508442776,17.578611632270167
G0800790,Colorado,Mineral,1930,50.0,0.0,0.0,0.0,0.0,0.0
G0800810,Colorado,Moffat,1930,797.0,2.0,125.0,4.0,0.002509410288582183,0.15683814303638646
G0800830,Colorado,Montezuma,1930,978.0,1.0,25.0,0.0,0.0010224948875255625,0.02556237218813906
G0800850,Colorado,Montrose,1930,1318.0,48.0,2227.0,12.0,0.036418816388467376,1.689681335356601
G0800870,Colorado,Morgan,1930,1569.0,18.0,1604.0,3.0,0.011472275334608031,1.0223072020395156
G0800890,Colorado,Otero,1930,1298.0,86.0,8952.0,52.0,0.0662557781201849,6.896764252696456
G0800910,Colorado,Ouray,1930,178.0,0.0,0.0,0.0,0.0,0.0
G0800930,Colorado,Park,1930,394.0,2.0,405.0,10.0,0.005076142131979695,1.0279187817258884
G0800950,Colorado,Phillips,1930,766.0,2.0,190.0,5.0,0.0026109660574412533,0.24804177545691905
G0800970,Colorado,Pitkin,1930,180.0,0.0,0.0,0.0,0.0,0.0
G0800990,Colorado,Prowers,1930,1382.0,26.0,1560.0,29.0,0.01881331403762663,1.1287988422575976
G0801010,Colorado,Pueblo,1930,1473.0,80.0,7544.0,49.0,0.05431093007467753,5.121520706042091
G0801030,Colorado,Rio Blanco,1930,433.0,0.0,0.0,0.0,0.0,0.0
G0801050,Colorado,Rio Grande,1930,730.0,12.0,1623.0,9.0,0.01643835616438356,2.223287671232877
G0801070,Colorado,Routt,1930,928.0,3.0,19.0,0.0,0.003232758620689655,0.020474137931034482
G0801090,Colorado,Saguache,1930,557.0,1.0,15.0,0.0,0.0017953321364452424,0.026929982046678635
G0801110,Colorado,San Juan,1930,0.0,,,,,
G0801130,Colorado,San Miguel,1930,263.0,0.0,0.0,0.0,0.0,0.0
G0801150,Colorado,Sedgwick,1930,560.0,5.0,840.0,7.0,0.008928571428571428,1.5
G0801170,Colorado,Summit,1930,61.0,0.0,0.0,0.0,0.0,0.0
G0801190,Colorado,Teller,1930,238.0,0.0,0.0,0.0,0.0,0.0
G0801210,Colorado,Washington,1930,1753.0,0.0,0.0,0.0,0.0,0.0
G0801230,Colorado,Weld,1930,5457.0,81.0,10409.0,118.0,0.014843320505772403,1.9074583104269744
G0801250,Colorado,Yuma,1930,2113.0,1.0,5.0,0.0,0.000473260766682442,0.00236630383341221
G0809999,Colorado,All Other Counties,1930,0.0,,,,,
G0900010,Connecticut,Fairfield,1930,2081.0,768.0,111759.0,3527.0,0.36905333974050936,53.70446900528592
G0900030,Connecticut,Hartford,1930,3743.0,2598.0,2482583.0,41116.0,0.6940956452043815,663.2602190756078
G0900050,Connecticut,Litchfield,1930,2174.0,978.0,129116.0,3752.0,0.44986200551977923,59.39098436062557
G0900070,Connecticut,Middlesex,1930,1262.0,700.0,121767.0,2413.0,0.554675118858954,96.48732171156894
G0900090,Connecticut,New Haven,1930,2155.0,1237.0,308734.0,7728.0,0.5740139211136891,143.26403712296982
G0900110,Connecticut,New London,1930,2327.0,1368.0,120611.0,3093.0,0.587881392350666,51.831113021057156
G0900130,Connecticut,Tolland,1930,1553.0,892.0,309653.0,5497.0,0.5743721828718609,199.39021249195108
G0900150,Connecticut,Windham,1930,1900.0,959.0,69164.0,1764.0,0.5047368421052632,36.40210526315789
G0909999,Connecticut,All Other Counties,1930,0.0,,,,,
G1000010,Delaware,Kent,1930,2874.0,2250.0,389460.0,14109.0,0.7828810020876826,135.51148225469728
G1000030,Delaware,New Castle,1930,1839.0,1332.0,279222.0,10377.0,0.7243066884176182,151.83360522022838
G1000050,Delaware,Sussex,1930,4994.0,3968.0,631889.0,18250.0,0.7945534641569884,126.52963556267521
G1100010,District Of Columbia,District Of Columbia,1930,104.0,73.0,18159.0,305.0,0.7019230769230769,174.60576923076923
G1200010,Florida,Alachua,1930,2264.0,1133.0,253599.0,6730.0,0.5004416961130742,112.0136925795053
G1200030,Florida,Baker,1930,461.0,304.0,23495.0,756.0,0.6594360086767896,50.96529284164859
G1200050,Florida,Bay,1930,216.0,149.0,26984.0,830.0,0.6898148148148148,124.92592592592592
G1200070,Florida,Bradford,1930,921.0,748.0,85116.0,2423.0,0.8121606948968513,92.41693811074919
G1200090,Florida,Brevard,1930,633.0,546.0,283749.0,6584.0,0.8625592417061612,448.26066350710903
G1200110,Florida,Broward,1930,938.0,878.0,541657.0,12172.0,0.9360341151385928,577.4594882729211
G1200130,Florida,Calhoun,1930,579.0,354.0,33115.0,1239.0,0.6113989637305699,57.19343696027634
G1200150,Florida,Charlotte,1930,93.0,73.0,29857.0,654.0,0.7849462365591398,321.0430107526882
G1200170,Florida,Citrus,1930,257.0,107.0,15807.0,464.0,0.4163424124513619,61.505836575875485
G1200190,Florida,Clay,1930,452.0,315.0,96349.0,2454.0,0.6969026548672567,213.16150442477877
G1200210,Florida,Collier,1930,32.0,11.0,24982.0,544.0,0.34375,780.6875
G1200230,Florida,Columbia,1930,1193.0,488.0,25590.0,992.0,0.4090528080469405,21.450125733445095
G1200250,Florida,Dade,1930,1160.0,1021.0,1208393.0,25763.0,0.8801724137931034,1041.7181034482758
G1200270,Florida,DeSoto,1930,520.0,356.0,199695.0,4765.0,0.6846153846153846,384.02884615384613
G1200290,Florida,Dixie,1930,145.0,24.0,1266.0,31.0,0.16551724137931034,8.73103448275862
G1200310,Florida,Duval,1930,1001.0,443.0,70203.0,1886.0,0.44255744255744256,70.13286713286713
G1200330,Florida,Escambia,1930,1214.0,910.0,100816.0,3023.0,0.7495881383855024,83.04448105436573
G1200350,Florida,Flagler,1930,144.0,102.0,112068.0,2432.0,0.7083333333333334,778.25
G1200370,Florida,Franklin,1930,5.0,2.0,57.0,3.0,0.4,11.4
G1200390,Florida,Gadsden,1930,1372.0,965.0,369856.0,13007.0,0.7033527696793003,269.5743440233236
G1200410,Florida,Gilchrist,1930,476.0,193.0,54572.0,1319.0,0.4054621848739496,114.6470588235294
G1200430,Florida,Glades,1930,131.0,18.0,3449.0,74.0,0.13740458015267176,26.328244274809162
G1200450,Florida,Gulf,1930,85.0,44.0,3135.0,91.0,0.5176470588235295,36.88235294117647
G1200470,Florida,Hamilton,1930,794.0,516.0,49083.0,1596.0,0.6498740554156172,61.81738035264484
G1200490,Florida,Hardee,1930,1063.0,834.0,223984.0,5300.0,0.7845719661335842,210.70931326434618
G1200510,Florida,Hendry,1930,145.0,86.0,261280.0,3049.0,0.593103448275862,1801.9310344827586
G1200530,Florida,Hernando,1930,561.0,227.0,37235.0,922.0,0.40463458110516937,66.37254901960785
G1200550,Florida,Highlands,1930,348.0,279.0,342093.0,8551.0,0.8017241379310345,983.0258620689655
G1200570,Florida,Hillsborough,1930,2409.0,1775.0,432347.0,10400.0,0.7368202573682026,179.47156496471564
G1200590,Florida,Holmes,1930,1569.0,1255.0,137488.0,4586.0,0.7998725302740599,87.62778840025494
G1200610,Florida,Indian River,1930,425.0,395.0,284166.0,6257.0,0.9294117647058824,668.6258823529412
G1200630,Florida,Jackson,1930,3802.0,2691.0,278517.0,9528.0,0.7077853761178328,73.25539189900053
G1200650,Florida,Jefferson,1930,1294.0,691.0,43870.0,1395.0,0.5340030911901081,33.902627511591966
G1200670,Florida,Lafayette,1930,460.0,184.0,8840.0,315.0,0.4,19.217391304347824
G1200690,Florida,Lake,1930,1981.0,1673.0,901691.0,22613.0,0.8445229681978799,455.1696113074205
G1200710,Florida,Lee,1930,382.0,326.0,263628.0,6055.0,0.8534031413612565,690.1256544502618
G1200730,Florida,Leon,1930,1576.0,458.0,29327.0,836.0,0.2906091370558376,18.608502538071065
G1200750,Florida,Levy,1930,900.0,260.0,69589.0,1698.0,0.28888888888888886,77.32111111111111
G1200770,Florida,Liberty,1930,272.0,118.0,7733.0,253.0,0.4338235294117647,28.43014705882353
G1200790,Florida,Madison,1930,1428.0,914.0,111082.0,2510.0,0.6400560224089635,77.78851540616246
G1200810,Florida,Manatee,1930,911.0,679.0,506451.0,11945.0,0.7453347969264544,555.9286498353458
G1200830,Florida,Marion,1930,2175.0,1135.0,378131.0,9611.0,0.5218390804597701,173.85333333333332
G1200850,Florida,Martin,1930,180.0,152.0,84406.0,1860.0,0.8444444444444444,468.9222222222222
G1200870,Florida,Monroe,1930,43.0,2.0,244.0,6.0,0.046511627906976744,5.674418604651163
G1200890,Florida,Nassau,1930,403.0,196.0,11692.0,360.0,0.48635235732009924,29.01240694789082
G1200910,Florida,Okaloosa,1930,981.0,729.0,82297.0,2559.0,0.7431192660550459,83.89092762487257
G1200930,Florida,Okeechobee,1930,289.0,144.0,25746.0,693.0,0.4982698961937716,89.08650519031141
G1200950,Florida,Orange,1930,1608.0,1249.0,810722.0,20128.0,0.7767412935323383,504.1803482587065
G1200970,Florida,Osceola,1930,497.0,289.0,79778.0,1895.0,0.5814889336016097,160.51911468812878
G1200990,Florida,Palm Beach,1930,874.0,624.0,304357.0,6774.0,0.7139588100686499,348.23455377574373
G1201010,Florida,Pasco,1930,753.0,484.0,104319.0,2637.0,0.6427622841965471,138.5378486055777
G1201030,Florida,Pinellas,1930,745.0,585.0,445405.0,11153.0,0.785234899328859,597.8590604026846
G1201050,Florida,Polk,1930,4667.0,4187.0,2187177.0,53555.0,0.8971502035568888,468.6473109063638
G1201070,Florida,Putnam,1930,1000.0,681.0,317253.0,7783.0,0.681,317.253
G1201090,Florida,St Johns,1930,348.0,276.0,446058.0,10119.0,0.7931034482758621,1281.7758620689656
G1201110,Florida,St Lucie,1930,394.0,359.0,272119.0,6336.0,0.9111675126903553,690.6573604060914
G1201130,Florida,Santa Rosa,1930,1151.0,959.0,124260.0,4024.0,0.8331885317115552,107.95829713292788
G1201150,Florida,Sarasota,1930,254.0,203.0,191454.0,4755.0,0.7992125984251969,753.7559055118111
G1201170,Florida,Seminole,1930,780.0,702.0,1017138.0,22245.0,0.9,1304.0230769230768
G1201190,Florida,Sumter,1930,799.0,531.0,142952.0,3600.0,0.6645807259073843,178.9136420525657
G1201210,Florida,Suwannee,1930,1774.0,675.0,64308.0,1999.0,0.3804960541149944,36.25028184892897
G1201230,Florida,Taylor,1930,423.0,172.0,6607.0,226.0,0.4066193853427896,15.619385342789599
G1201250,Florida,Union,1930,607.0,273.0,41623.0,1082.0,0.4497528830313015,68.57166392092257
G1201270,Florida,Volusia,1930,1013.0,810.0,308280.0,7690.0,0.7996051332675223,304.3237907206318
G1201290,Florida,Wakulla,1930,348.0,127.0,4148.0,126.0,0.3649425287356322,11.919540229885058
G1201310,Florida,Walton,1930,1129.0,881.0,78373.0,2636.0,0.7803365810451727,69.41806908768822
G1201330,Florida,Washington,1930,1119.0,835.0,71586.0,2576.0,0.7462019660411081,63.97319034852547
G1209999,Florida,All Other Counties,1930,0.0,,,,,
G1300010,Georgia,Appling,1930,1448.0,1088.0,160796.0,4939.0,0.7513812154696132,111.04696132596685
G1300030,Georgia,Atkinson,1930,720.0,557.0,82352.0,2791.0,0.7736111111111111,114.37777777777778
G1300050,Georgia,Bacon,1930,850.0,736.0,109942.0,3589.0,0.8658823529411764,129.3435294117647
G1300070,Georgia,Baker,1930,1289.0,1116.0,107450.0,3464.0,0.8657874321179209,83.35919317300232
G1300090,Georgia,Baldwin,1930,994.0,826.0,82717.0,2633.0,0.8309859154929577,83.21629778672032
G1300110,Georgia,Banks,1930,1667.0,1581.0,153481.0,4781.0,0.9484103179364127,92.07018596280744
G1300130,Georgia,Barrow,1930,1861.0,1780.0,228367.0,7103.0,0.9564750134336378,122.71198280494357
G1300150,Georgia,Bartow,1930,2692.0,2448.0,241950.0,7854.0,0.9093610698365527,89.8774145616642
G1300170,Georgia,Ben Hill,1930,995.0,822.0,113961.0,3827.0,0.8261306532663316,114.53366834170855
G1300190,Georgia,Berrien,1930,1892.0,1626.0,272666.0,8151.0,0.8594080338266384,144.115221987315
G1300210,Georgia,Bibb,1930,1012.0,514.0,74731.0,2318.0,0.5079051383399209,73.84486166007905
G1300230,Georgia,Bleckley,1930,1022.0,963.0,132198.0,4406.0,0.9422700587084148,129.35225048923678
G1300250,Georgia,Brantley,1930,689.0,479.0,47293.0,1437.0,0.6952104499274311,68.6400580551524
G1300270,Georgia,Brooks,1930,2447.0,1929.0,269815.0,8866.0,0.7883122190437271,110.26358806702085
G1300290,Georgia,Bryan,1930,522.0,395.0,34328.0,1220.0,0.7567049808429118,65.7624521072797
G1300310,Georgia,Bulloch,1930,3180.0,2754.0,521722.0,18057.0,0.8660377358490566,164.06352201257863
G1300330,Georgia,Burke,1930,3673.0,3233.0,682882.0,19671.0,0.8802069153280697,185.91941192485706
G1300350,Georgia,Butts,1930,1241.0,1117.0,114403.0,3712.0,0.9000805801772764,92.18614020950847
G1300370,Georgia,Calhoun,1930,1634.0,1500.0,192107.0,5813.0,0.9179926560587516,117.56854345165239
G1300390,Georgia,Camden,1930,366.0,212.0,6608.0,219.0,0.5792349726775956,18.05464480874317
G1300395,Georgia,Campbell,1930,1314.0,1140.0,85969.0,2677.0,0.867579908675799,65.42541856925419
G1300430,Georgia,Candler,1930,1180.0,962.0,198551.0,6267.0,0.8152542372881356,168.2635593220339
G1300450,Georgia,Carroll,1930,5286.0,5095.0,761612.0,21133.0,0.9638668180098373,144.08096859629208
G1300470,Georgia,Catoosa,1930,974.0,798.0,51170.0,1636.0,0.8193018480492813,52.53593429158111
G1300490,Georgia,Charlton,1930,305.0,215.0,15159.0,568.0,0.7049180327868853,49.7016393442623
G1300510,Georgia,Chatham,1930,281.0,150.0,35287.0,1066.0,0.5338078291814946,125.57651245551601
G1300530,Georgia,Chattahoochee,1930,299.0,239.0,21839.0,670.0,0.7993311036789298,73.04013377926421
G1300550,Georgia,Chattooga,1930,1587.0,1449.0,115521.0,3968.0,0.9130434782608695,72.79206049149339
G1300570,Georgia,Cherokee,1930,2452.0,2154.0,159160.0,4502.0,0.8784665579119086,64.91027732463296
G1300590,Georgia,Clarke,1930,1041.0,913.0,113589.0,3318.0,0.8770413064361191,109.11527377521614
G1300610,Georgia,Clay,1930,957.0,921.0,123481.0,3719.0,0.9623824451410659,129.0292580982236
G1300630,Georgia,Clayton,1930,1210.0,954.0,97456.0,3249.0,0.7884297520661157,80.54214876033058
G1300650,Georgia,Clinch,1930,340.0,197.0,14173.0,482.0,0.5794117647058824,41.68529411764706
G1300670,Georgia,Cobb,1930,3413.0,3034.0,254759.0,7854.0,0.8889539994140053,74.64371520656314
G1300690,Georgia,Coffee,1930,2046.0,1833.0,310841.0,10254.0,0.8958944281524927,151.92619745845553
G1300710,Georgia,Colquitt,1930,3088.0,2733.0,486952.0,15650.0,0.885038860103627,157.6917098445596
G1300730,Georgia,Columbia,1930,1253.0,972.0,95329.0,2937.0,0.7757382282521947,76.0806065442937
G1300750,Georgia,Cook,1930,1295.0,1149.0,156106.0,4824.0,0.8872586872586873,120.54517374517374
G1300770,Georgia,Coweta,1930,2280.0,2072.0,285188.0,8135.0,0.9087719298245615,125.08245614035087
G1300790,Georgia,Crawford,1930,959.0,788.0,91542.0,2774.0,0.821689259645464,95.45568300312826
G1300810,Georgia,Crisp,1930,1544.0,1383.0,262867.0,8233.0,0.8957253886010362,170.25064766839378
G1300830,Georgia,Dade,1930,486.0,273.0,13890.0,371.0,0.5617283950617284,28.580246913580247
G1300850,Georgia,Dawson,1930,685.0,600.0,29557.0,975.0,0.8759124087591241,43.14890510948905
G1300870,Georgia,Decatur,1930,1744.0,1267.0,207930.0,8841.0,0.7264908256880734,119.22591743119266
G1300890,Georgia,DeKalb,1930,2398.0,1474.0,96796.0,3154.0,0.6146788990825688,40.36530442035029
G1300910,Georgia,Dodge,1930,2619.0,2306.0,333694.0,10970.0,0.8804887361588393,127.41275295914471
G1300930,Georgia,Dooly,1930,2523.0,2309.0,357479.0,10894.0,0.9151803408640508,141.68806975822434
G1300950,Georgia,Dougherty,1930,696.0,353.0,76245.0,2483.0,0.507183908045977,109.54741379310344
G1300970,Georgia,Douglas,1930,1396.0,1296.0,130393.0,3692.0,0.9283667621776505,93.40472779369628
G1300990,Georgia,Early,1930,2919.0,2670.0,305720.0,9687.0,0.9146968139773896,104.73449811579307
G1301010,Georgia,Echols,1930,246.0,140.0,11072.0,389.0,0.5691056910569106,45.00813008130081
G1301030,Georgia,Effingham,1930,979.0,745.0,115160.0,3691.0,0.7609805924412666,117.63023493360572
G1301050,Georgia,Elbert,1930,2427.0,2276.0,199901.0,6322.0,0.9377832715286362,82.36547177585497
G1301070,Georgia,Emanuel,1930,3096.0,2750.0,523619.0,15148.0,0.8882428940568475,169.12758397932816
G1301090,Georgia,Evans,1930,697.0,538.0,97022.0,3249.0,0.7718794835007173,139.19942611190817
G1301110,Georgia,Fannin,1930,1472.0,756.0,18013.0,685.0,0.5135869565217391,12.237092391304348
G1301130,Georgia,Fayette,1930,1630.0,1496.0,129085.0,4319.0,0.9177914110429448,79.19325153374233
G1301150,Georgia,Floyd,1930,2847.0,2428.0,227885.0,7240.0,0.8528275377590446,80.04390586582367
G1301170,Georgia,Forsyth,1930,2169.0,2064.0,196028.0,5688.0,0.9515905947441217,90.37713231904104
G1301190,Georgia,Franklin,1930,2631.0,2419.0,278670.0,8761.0,0.919422272900038,105.91790193842645
G1301210,Georgia,Fulton,1930,1132.0,485.0,48152.0,1248.0,0.4284452296819788,42.53710247349823
G1301230,Georgia,Gilmer,1930,1234.0,740.0,19863.0,761.0,0.5996758508914101,16.09643435980551
G1301250,Georgia,Glascock,1930,702.0,661.0,99630.0,3320.0,0.9415954415954416,141.92307692307693
G1301270,Georgia,Glynn,1930,169.0,95.0,12860.0,271.0,0.5621301775147929,76.09467455621302
G1301290,Georgia,Gordon,1930,2409.0,2146.0,157025.0,5186.0,0.8908260689082607,65.18264840182648
G1301310,Georgia,Grady,1930,2181.0,1828.0,278152.0,8786.0,0.838147638697845,127.5341586428244
G1301330,Georgia,Greene,1930,1557.0,1408.0,90298.0,2909.0,0.9043031470777135,57.99486191393706
G1301350,Georgia,Gwinnett,1930,3925.0,3581.0,355492.0,11125.0,0.9123566878980892,90.5712101910828
G1301370,Georgia,Habersham,1930,1216.0,984.0,83962.0,2461.0,0.8092105263157895,69.04769736842105
G1301390,Georgia,Hall,1930,2832.0,2499.0,202467.0,6839.0,0.8824152542372882,71.49258474576271
G1301410,Georgia,Hancock,1930,1748.0,1494.0,107229.0,3303.0,0.8546910755148741,61.34382151029748
G1301430,Georgia,Haralson,1930,1841.0,1500.0,149627.0,4515.0,0.8147745790331342,81.27485062466052
G1301450,Georgia,Harris,1930,1463.0,1003.0,85768.0,2617.0,0.6855775803144224,58.62474367737526
G1301470,Georgia,Hart,1930,2593.0,2448.0,272880.0,8910.0,0.9440802159660625,105.23717701504049
G1301490,Georgia,Heard,1930,1748.0,1642.0,194352.0,5484.0,0.9393592677345538,111.18535469107552
G1301510,Georgia,Henry,1930,2554.0,2251.0,303698.0,9691.0,0.8813625685199686,118.91072826938137
G1301530,Georgia,Houston,1930,1241.0,1036.0,174140.0,5405.0,0.8348106365834005,140.32232070910555
G1301550,Georgia,Irwin,1930,1608.0,1474.0,274538.0,9842.0,0.9166666666666666,170.7325870646766
G1301570,Georgia,Jackson,1930,2979.0,2807.0,346486.0,11190.0,0.942262504196039,116.30949983215844
G1301590,Georgia,Jasper,1930,1140.0,851.0,80818.0,2637.0,0.7464912280701754,70.89298245614034
G1301610,Georgia,Jeff Davis,1930,977.0,832.0,127250.0,3833.0,0.8515864892528148,130.24564994882292
G1301630,Georgia,Jefferson,1930,2580.0,2364.0,387461.0,11614.0,0.9162790697674419,150.17868217054263
G1301650,Georgia,Jenkins,1930,1667.0,1517.0,322191.0,9450.0,0.9100179964007199,193.2759448110378
G1301670,Georgia,Johnson,1930,1742.0,1542.0,212310.0,6780.0,0.8851894374282434,121.87715269804822
G1301690,Georgia,Jones,1930,921.0,589.0,65630.0,2151.0,0.6395222584147665,71.25950054288816
G1301710,Georgia,Lamar,1930,920.0,769.0,96309.0,3035.0,0.8358695652173913,104.68369565217391
G1301730,Georgia,Lanier,1930,569.0,489.0,74500.0,2050.0,0.859402460456942,130.93145869947276
G1301750,Georgia,Laurens,1930,4166.0,3714.0,477482.0,15450.0,0.8915026404224676,114.61401824291887
G1301770,Georgia,Lee,1930,1169.0,809.0,115574.0,3154.0,0.6920444824636441,98.86569717707442
G1301790,Georgia,Liberty,1930,1107.0,413.0,28129.0,958.0,0.37308039747064137,25.41011743450768
G1301810,Georgia,Lincoln,1930,1481.0,1270.0,79575.0,2583.0,0.8575286968264686,53.7305874409183
G1301830,Georgia,Long,1930,468.0,290.0,29172.0,978.0,0.6196581196581197,62.333333333333336
G1301850,Georgia,Lowndes,1930,1925.0,1574.0,246991.0,7217.0,0.8176623376623376,128.307012987013
G1301870,Georgia,Lumpkin,1930,817.0,598.0,21044.0,790.0,0.7319461444308446,25.75764993880049
G1301890,Georgia,McDuffie,1930,1193.0,1041.0,138723.0,4677.0,0.8725901089689857,116.28080469404861
G1301910,Georgia,McIntosh,1930,268.0,58.0,3836.0,84.0,0.21641791044776118,14.313432835820896
G1301930,Georgia,Macon,1930,1917.0,1787.0,374193.0,10913.0,0.9321857068335941,195.19718309859155
G1301950,Georgia,Madison,1930,2601.0,2436.0,286234.0,8943.0,0.936562860438293,110.0476739715494
G1301970,Georgia,Marion,1930,1094.0,898.0,91451.0,3037.0,0.8208409506398537,83.59323583180988
G1301990,Georgia,Meriwether,1930,2430.0,2250.0,333419.0,9061.0,0.9259259259259259,137.20946502057612
G1302010,Georgia,Miller,1930,1474.0,1193.0,119240.0,4357.0,0.8093622795115333,80.8955223880597
G1302015,Georgia,Milton,1930,1313.0,1156.0,120323.0,3604.0,0.8804265041888805,91.63975628332064
G1302050,Georgia,Mitchell,1930,2879.0,2365.0,353994.0,10885.0,0.8214657867315039,122.95727683223342
G1302070,Georgia,Monroe,1930,1277.0,982.0,72517.0,2475.0,0.7689898198903681,56.787000783085354
G1302090,Georgia,Montgomery,1930,1288.0,1145.0,162494.0,5101.0,0.8889751552795031,126.15993788819875
G1302110,Georgia,Morgan,1930,1791.0,1548.0,205459.0,6444.0,0.864321608040201,114.71747627024008
G1302130,Georgia,Murray,1930,1498.0,1335.0,70935.0,2275.0,0.8911882510013351,47.35313751668892
G1302150,Georgia,Muscogee,1930,609.0,421.0,44464.0,1416.0,0.6912972085385879,73.01149425287356
G1302170,Georgia,Newton,1930,1786.0,1445.0,164491.0,5016.0,0.8090705487122061,92.10022396416574
G1302190,Georgia,Oconee,1930,1348.0,1251.0,185400.0,5564.0,0.9280415430267063,137.53709198813056
G1302210,Georgia,Oglethorpe,1930,2115.0,1801.0,230264.0,6735.0,0.8515366430260047,108.87186761229314
G1302230,Georgia,Paulding,1930,2254.0,2092.0,196311.0,5716.0,0.9281277728482697,87.09449866903283
G1302250,Georgia,Peach,1930,785.0,617.0,154059.0,4504.0,0.7859872611464969,196.25350318471337
G1302270,Georgia,Pickens,1930,1073.0,750.0,36813.0,1127.0,0.6989748369058714,34.30848089468779
G1302290,Georgia,Pierce,1930,1248.0,1176.0,215668.0,7137.0,0.9423076923076923,172.81089743589743
G1302310,Georgia,Pike,1930,1561.0,1386.0,243988.0,6885.0,0.8878923766816144,156.30237027546445
G1302330,Georgia,Polk,1930,1936.0,1730.0,155396.0,5056.0,0.893595041322314,80.26652892561984
G1302350,Georgia,Pulaski,1930,980.0,875.0,127695.0,4208.0,0.8928571428571429,130.30102040816325
G1302370,Georgia,Putnam,1930,984.0,718.0,41649.0,1352.0,0.7296747967479674,42.326219512195124
G1302390,Georgia,Quitman,1930,490.0,378.0,50783.0,1535.0,0.7714285714285715,103.63877551020408
G1302410,Georgia,Rabun,1930,769.0,566.0,25059.0,1128.0,0.7360208062418726,32.58647594278283
G1302430,Georgia,Randolph,1930,2227.0,1885.0,292639.0,8984.0,0.8464301751234845,131.4050291872474
G1302450,Georgia,Richmond,1930,967.0,799.0,113875.0,3397.0,0.8262668045501551,117.76111685625646
G1302470,Georgia,Rockdale,1930,985.0,863.0,80610.0,2489.0,0.8761421319796955,81.83756345177665
G1302490,Georgia,Schley,1930,758.0,714.0,112469.0,3536.0,0.941952506596306,148.37598944591028
G1302510,Georgia,Screven,1930,2752.0,2500.0,399528.0,11431.0,0.9084302325581395,145.17732558139534
G1302530,Georgia,Seminole,1930,952.0,682.0,93284.0,3189.0,0.7163865546218487,97.9873949579832
G1302550,Georgia,Spalding,1930,1128.0,969.0,156040.0,5045.0,0.8590425531914894,138.33333333333334
G1302570,Georgia,Stephens,1930,1230.0,1090.0,90475.0,2877.0,0.8861788617886179,73.5569105691057
G1302590,Georgia,Stewart,1930,1194.0,974.0,121209.0,3554.0,0.8157453936348409,101.51507537688443
G1302610,Georgia,Sumter,1930,2204.0,1985.0,411760.0,11999.0,0.9006352087114338,186.82395644283122
G1302630,Georgia,Talbot,1930,1002.0,814.0,66710.0,2047.0,0.812375249500998,66.57684630738522
G1302650,Georgia,Taliaferro,1930,925.0,854.0,62566.0,2018.0,0.9232432432432433,67.63891891891892
G1302670,Georgia,Tattnall,1930,1914.0,1678.0,271599.0,8730.0,0.8766980146290491,141.90125391849529
G1302690,Georgia,Taylor,1930,1386.0,1265.0,206091.0,5971.0,0.9126984126984127,148.69480519480518
G1302710,Georgia,Telfair,1930,1693.0,1541.0,172264.0,6109.0,0.9102185469580626,101.75073833431777
G1302730,Georgia,Terrell,1930,2328.0,2095.0,389037.0,11755.0,0.8999140893470791,167.11211340206185
G1302750,Georgia,Thomas,1930,2415.0,1951.0,279314.0,9389.0,0.8078674948240165,115.65797101449276
G1302770,Georgia,Tift,1930,1398.0,1274.0,244423.0,7674.0,0.9113018597997139,174.8376251788269
G1302790,Georgia,Toombs,1930,1931.0,1757.0,268548.0,8696.0,0.909891248058001,139.0719834282755
G1302810,Georgia,Towns,1930,663.0,458.0,8708.0,388.0,0.6907993966817496,13.134238310708898
G1302830,Georgia,Treutlen,1930,1064.0,974.0,164404.0,5186.0,0.9154135338345865,154.51503759398497
G1302850,Georgia,Troup,1930,1820.0,1560.0,166414.0,5097.0,0.8571428571428571,91.43626373626374
G1302870,Georgia,Turner,1930,1331.0,1141.0,171051.0,5707.0,0.8572501878287002,128.51314800901577
G1302890,Georgia,Twiggs,1930,947.0,680.0,54429.0,1952.0,0.7180570221752904,57.47518479408659
G1302910,Georgia,Union,1930,1117.0,717.0,16122.0,667.0,0.6418979409131602,14.433303491495076
G1302930,Georgia,Upson,1930,1100.0,923.0,133981.0,3984.0,0.8390909090909091,121.80090909090909
G1302950,Georgia,Walker,1930,2370.0,1795.0,89915.0,2932.0,0.7573839662447257,37.938818565400844
G1302970,Georgia,Walton,1930,3025.0,2900.0,427133.0,13244.0,0.9586776859504132,141.2009917355372
G1302990,Georgia,Ware,1930,911.0,704.0,88265.0,2865.0,0.7727771679473107,96.88803512623491
G1303010,Georgia,Warren,1930,1560.0,1349.0,241925.0,6954.0,0.8647435897435898,155.0801282051282
G1303030,Georgia,Washington,1930,3288.0,2632.0,272926.0,8933.0,0.8004866180048662,83.0066909975669
G1303050,Georgia,Wayne,1930,1069.0,847.0,127515.0,4397.0,0.7923292797006548,119.2843779232928
G1303070,Georgia,Webster,1930,727.0,571.0,63133.0,1891.0,0.7854195323246217,86.84044016506189
G1303090,Georgia,Wheeler,1930,1264.0,1126.0,146627.0,5092.0,0.8908227848101266,116.00237341772151
G1303110,Georgia,White,1930,921.0,573.0,32479.0,1288.0,0.6221498371335505,35.26492942453854
G1303130,Georgia,Whitfield,1930,1811.0,1478.0,77476.0,2548.0,0.816123688569851,42.780784097183876
G1303150,Georgia,Wilcox,1930,1861.0,1624.0,235407.0,7495.0,0.8726491133799033,126.49489521762493
G1303170,Georgia,Wilkes,1930,2374.0,2082.0,171918.0,5030.0,0.8770008424599831,72.41701769165965
G1303190,Georgia,Wilkinson,1930,1308.0,890.0,69989.0,2329.0,0.6804281345565749,53.50840978593272
G1303210,Georgia,Worth,1930,2978.0,2652.0,400413.0,12629.0,0.890530557421088,134.45701813297515
G1309999,Georgia,All Other Counties,1930,0.0,,,,,
G1550015,Hawaii Territory,Hawaii,1930,3405.0,2639.0,3148465.0,,0.7750367107195301,924.6593245227607
G1550035,Hawaii Territory,Honolulu,1930,1206.0,647.0,2280301.0,,0.5364842454394693,1890.7968490878939
G1550075,Hawaii Territory,Kauai,1930,481.0,371.0,1482738.0,,0.7713097713097713,3082.6153846153848
G1550095,Hawaii Territory,Maui,1930,863.0,611.0,1769460.0,,0.7079953650057937,2050.3592120509848
G1600010,Idaho,Ada,1930,2305.0,66.0,6654.0,290.0,0.02863340563991323,2.886767895878525
G1600030,Idaho,Adams,1930,462.0,43.0,2999.0,52.0,0.09307359307359307,6.491341991341991
G1600050,Idaho,Bannock,1930,1748.0,17.0,3133.0,18.0,0.009725400457665904,1.7923340961098397
G1600070,Idaho,Bear Lake,1930,915.0,2.0,46.0,0.0,0.002185792349726776,0.05027322404371585
G1600090,Idaho,Benewah,1930,534.0,12.0,174.0,7.0,0.02247191011235955,0.3258426966292135
G1600110,Idaho,Bingham,1930,2311.0,33.0,2830.0,32.0,0.014279532669839896,1.224578104716573
G1600130,Idaho,Blaine,1930,382.0,3.0,79.0,2.0,0.007853403141361256,0.20680628272251309
G1600150,Idaho,Boise,1930,214.0,1.0,122.0,4.0,0.004672897196261682,0.5700934579439252
G1600170,Idaho,Bonner,1930,1010.0,128.0,2855.0,114.0,0.12673267326732673,2.8267326732673266
G1600190,Idaho,Bonneville,1930,1577.0,45.0,2133.0,11.0,0.028535193405199746,1.352568167406468
G1600210,Idaho,Boundary,1930,426.0,65.0,1632.0,96.0,0.15258215962441316,3.8309859154929575
G1600230,Idaho,Butte,1930,235.0,0.0,0.0,0.0,0.0,0.0
G1600250,Idaho,Camas,1930,261.0,0.0,0.0,0.0,0.0,0.0
G1600270,Idaho,Canyon,1930,3279.0,162.0,9707.0,323.0,0.04940530649588289,2.960353766392193
G1600290,Idaho,Caribou,1930,357.0,1.0,80.0,2.0,0.0028011204481792717,0.22408963585434175
G1600310,Idaho,Cassia,1930,1407.0,9.0,1366.0,0.0,0.006396588486140725,0.9708599857853589
G1600330,Idaho,Clark,1930,124.0,0.0,0.0,0.0,0.0,0.0
G1600350,Idaho,Clearwater,1930,493.0,61.0,1395.0,51.0,0.12373225152129817,2.8296146044624746
G1600370,Idaho,Custer,1930,368.0,1.0,30.0,1.0,0.002717391304347826,0.08152173913043478
G1600390,Idaho,Elmore,1930,333.0,2.0,350.0,5.0,0.006006006006006006,1.0510510510510511
G1600410,Idaho,Franklin,1930,1131.0,5.0,367.0,4.0,0.004420866489832007,0.3244916003536693
G1600430,Idaho,Fremont,1930,1056.0,3.0,96.0,3.0,0.002840909090909091,0.09090909090909091
G1600450,Idaho,Gem,1930,768.0,60.0,7061.0,114.0,0.078125,9.194010416666666
G1600470,Idaho,Gooding,1930,931.0,17.0,573.0,14.0,0.018259935553168637,0.6154672395273899
G1600490,Idaho,Idaho,1930,1371.0,134.0,3399.0,61.0,0.09773887673231219,2.4792122538293215
G1600510,Idaho,Jefferson,1930,1090.0,35.0,855.0,10.0,0.03211009174311927,0.7844036697247706
G1600530,Idaho,Jerome,1930,989.0,6.0,212.0,0.0,0.006066734074823054,0.21435793731041455
G1600550,Idaho,Kootenai,1930,1348.0,103.0,3514.0,34.0,0.07640949554896143,2.606824925816024
G1600570,Idaho,Latah,1930,1688.0,310.0,10069.0,426.0,0.18364928909952608,5.965047393364929
G1600590,Idaho,Lemhi,1930,541.0,5.0,337.0,4.0,0.009242144177449169,0.6229205175600739
G1600610,Idaho,Lewis,1930,609.0,6.0,603.0,3.0,0.009852216748768473,0.9901477832512315
G1600630,Idaho,Lincoln,1930,321.0,0.0,0.0,0.0,0.0,0.0
G1600650,Idaho,Madison,1930,1079.0,19.0,807.0,0.0,0.017608897126969416,0.7479147358665431
G1600670,Idaho,Minidoka,1930,1025.0,6.0,458.0,0.0,0.005853658536585366,0.44682926829268294
G1600690,Idaho,Nez Perce,1930,1309.0,118.0,5330.0,73.0,0.09014514896867838,4.071810542398778
G1600710,Idaho,Oneida,1930,756.0,3.0,103.0,0.0,0.003968253968253968,0.13624338624338625
G1600730,Idaho,Owyhee,1930,729.0,6.0,977.0,4.0,0.00823045267489712,1.3401920438957475
G1600750,Idaho,Payette,1930,820.0,61.0,3268.0,96.0,0.07439024390243902,3.9853658536585366
G1600770,Idaho,Power,1930,573.0,0.0,0.0,0.0,0.0,0.0
G1600790,Idaho,Shoshone,1930,173.0,6.0,172.0,0.0,0.03468208092485549,0.9942196531791907
G1600810,Idaho,Teton,1930,470.0,1.0,16.0,0.0,0.002127659574468085,0.03404255319148936
G1600830,Idaho,Twin Falls,1930,2785.0,29.0,2582.0,86.0,0.010412926391382405,0.9271095152603231
G1600850,Idaho,Valley,1930,307.0,31.0,1011.0,43.0,0.10097719869706841,3.2931596091205213
G1600870,Idaho,Washington,1930,1064.0,79.0,3299.0,108.0,0.07424812030075188,3.100563909774436
G1600875,Idaho,Yellowstone National Park,1930,0.0,,,,,
G1609999,Idaho,All Other Counties,1930,0.0,,,,,
G1700010,Illinois,Adams,1930,3559.0,532.0,57651.0,554.0,0.14948019106490587,16.198651306546783
G1700030,Illinois,Alexander,1930,719.0,23.0,1409.0,4.0,0.031988873435326845,1.9596662030598053
G1700050,Illinois,Bond,1930,1583.0,319.0,37948.0,147.0,0.20151610865445357,23.97220467466835
G1700070,Illinois,Boone,1930,1159.0,323.0,36674.0,1216.0,0.2786885245901639,31.6427955133736
G1700090,Illinois,Brown,1930,1211.0,73.0,8211.0,46.0,0.06028075970272502,6.780346820809249
G1700110,Illinois,Bureau,1930,3058.0,452.0,48707.0,1045.0,0.14780902550686723,15.927730542838457
G1700130,Illinois,Calhoun,1930,1054.0,261.0,23725.0,383.0,0.2476280834914611,22.509487666034154
G1700150,Illinois,Carroll,1930,1697.0,235.0,21066.0,299.0,0.13847967000589276,12.413671184443135
G1700170,Illinois,Cass,1930,1070.0,105.0,16185.0,43.0,0.09813084112149532,15.126168224299066
G1700190,Illinois,Champaign,1930,3315.0,358.0,51386.0,1100.0,0.10799396681749623,15.50105580693816
G1700210,Illinois,Christian,1930,2507.0,147.0,22451.0,326.0,0.05863581970482649,8.955325089748703
G1700230,Illinois,Clark,1930,2481.0,233.0,21171.0,180.0,0.09391374445787988,8.533252720677146
G1700250,Illinois,Clay,1930,2084.0,144.0,15902.0,214.0,0.0690978886756238,7.630518234165067
G1700270,Illinois,Clinton,1930,1747.0,786.0,90920.0,335.0,0.44991413852318257,52.04350314825415
G1700290,Illinois,Coles,1930,2179.0,147.0,14504.0,587.0,0.06746213859568609,6.656264341441028
G1700310,Illinois,Cook,1930,3348.0,1348.0,337873.0,4983.0,0.4026284348864994,100.9178614097969
G1700330,Illinois,Crawford,1930,1814.0,186.0,20149.0,257.0,0.10253583241455347,11.107497243660418
G1700350,Illinois,Cumberland,1930,1608.0,84.0,16288.0,85.0,0.05223880597014925,10.129353233830846
G1700370,Illinois,DeKalb,1930,2317.0,281.0,38465.0,842.0,0.12127751402675874,16.6012084592145
G1700390,Illinois,De Witt,1930,1439.0,102.0,9839.0,78.0,0.07088255733148019,6.837387074357192
G1700410,Illinois,Douglas,1930,1456.0,95.0,13710.0,130.0,0.06524725274725275,9.416208791208792
G1700430,Illinois,Dupage,1930,1296.0,239.0,41438.0,1188.0,0.18441358024691357,31.973765432098766
G1700450,Illinois,Edgar,1930,2325.0,260.0,44312.0,1324.0,0.11182795698924732,19.058924731182795
G1700470,Illinois,Edwards,1930,1030.0,460.0,28217.0,718.0,0.44660194174757284,27.39514563106796
G1700490,Illinois,Effingham,1930,2029.0,451.0,41585.0,287.0,0.22227698373583046,20.495317890586495
G1700510,Illinois,Fayette,1930,3122.0,430.0,34729.0,411.0,0.13773222293401666,11.123959000640616
G1700530,Illinois,Ford,1930,1549.0,206.0,39048.0,1556.0,0.1329890251775339,25.208521626856037
G1700550,Illinois,Franklin,1930,2071.0,148.0,13750.0,49.0,0.07146306132303235,6.6393046837276675
G1700570,Illinois,Fulton,1930,3343.0,181.0,16500.0,166.0,0.05414298534250673,4.935686509123542
G1700590,Illinois,Gallatin,1930,1104.0,88.0,12043.0,182.0,0.07971014492753623,10.908514492753623
G1700610,Illinois,Greene,1930,1816.0,164.0,28898.0,51.0,0.09030837004405286,15.912995594713657
G1700630,Illinois,Grundy,1930,1376.0,186.0,23495.0,702.0,0.13517441860465115,17.07485465116279
G1700650,Illinois,Hamilton,1930,2180.0,215.0,13870.0,217.0,0.09862385321100918,6.362385321100917
G1700670,Illinois,Hancock,1930,3314.0,178.0,18574.0,173.0,0.05371152685576343,5.604707302353651
G1700690,Illinois,Hardin,1930,698.0,25.0,1645.0,32.0,0.03581661891117478,2.3567335243553007
G1700710,Illinois,Henderson,1930,1073.0,60.0,8631.0,56.0,0.05591798695246971,8.043802423112767
G1700730,Illinois,Henry,1930,3176.0,544.0,56101.0,897.0,0.1712846347607053,17.66404282115869
G1700750,Illinois,Iroquois,1930,3821.0,890.0,115324.0,3430.0,0.23292331850300968,30.18162784611358
G1700770,Illinois,Jackson,1930,2252.0,340.0,37745.0,319.0,0.15097690941385436,16.760657193605685
G1700790,Illinois,Jasper,1930,2177.0,152.0,15080.0,176.0,0.06982085438677078,6.926963711529628
G1700810,Illinois,Jefferson,1930,3334.0,248.0,26415.0,265.0,0.07438512297540492,7.9229154169166165
G1700830,Illinois,Jersey,1930,1346.0,238.0,32758.0,106.0,0.17682020802377416,24.337295690936106
G1700850,Illinois,Jo Daviess,1930,2023.0,168.0,11435.0,79.0,0.08304498269896193,5.652496292634701
G1700870,Illinois,Johnson,1930,1471.0,104.0,22004.0,360.0,0.07070020394289599,14.958531611148878
G1700890,Illinois,Kane,1930,1964.0,264.0,47380.0,684.0,0.13441955193482688,24.124236252545824
G1700910,Illinois,Kankakee,1930,2210.0,990.0,141710.0,3489.0,0.4479638009049774,64.12217194570135
G1700930,Illinois,Kendall,1930,1140.0,193.0,36461.0,975.0,0.1692982456140351,31.983333333333334
G1700950,Illinois,Knox,1930,2560.0,207.0,21426.0,477.0,0.080859375,8.36953125
G1700970,Illinois,Lake,1930,1566.0,234.0,34452.0,787.0,0.14942528735632185,22.0
G1700990,Illinois,La Salle,1930,4019.0,364.0,53414.0,1002.0,0.09056979348096542,13.290370738989798
G1701010,Illinois,Lawrence,1930,1215.0,122.0,10866.0,208.0,0.10041152263374485,8.943209876543209
G1701030,Illinois,Lee,1930,2459.0,628.0,68302.0,1701.0,0.25538836925579506,27.776331842212283
G1701050,Illinois,Livingston,1930,3570.0,335.0,47031.0,970.0,0.0938375350140056,13.173949579831932
G1701070,Illinois,Logan,1930,2025.0,119.0,16460.0,494.0,0.05876543209876543,8.128395061728394
G1701090,Illinois,McDonough,1930,2433.0,155.0,17977.0,307.0,0.06370735717221537,7.388820386354295
G1701110,Illinois,McHenry,1930,2607.0,459.0,38998.0,884.0,0.1760644418872267,14.958956655159186
G1701130,Illinois,McLean,1930,4060.0,403.0,60003.0,487.0,0.09926108374384236,14.779064039408867
G1701150,Illinois,Macon,1930,2422.0,89.0,11701.0,227.0,0.03674649050371594,4.8311312964492155
G1701170,Illinois,Macoupin,1930,3290.0,379.0,37286.0,165.0,0.11519756838905774,11.333130699088146
G1701190,Illinois,Madison,1930,3325.0,891.0,71088.0,494.0,0.2679699248120301,21.37984962406015
G1701210,Illinois,Marion,1930,2974.0,320.0,42534.0,320.0,0.10759919300605246,14.301950235373235
G1701230,Illinois,Marshall,1930,1164.0,146.0,18199.0,279.0,0.1254295532646048,15.634879725085911
G1701250,Illinois,Mason,1930,1371.0,285.0,38921.0,193.0,0.20787746170678337,28.388767323121808
G1701270,Illinois,Massac,1930,1130.0,87.0,6225.0,31.0,0.07699115044247788,5.508849557522124
G1701290,Illinois,Menard,1930,1034.0,54.0,7122.0,76.0,0.05222437137330754,6.887814313346229
G1701310,Illinois,Mercer,1930,1841.0,120.0,11054.0,57.0,0.06518196632265073,6.00434546442151
G1701330,Illinois,Monroe,1930,1310.0,481.0,47432.0,383.0,0.36717557251908395,36.20763358778626
G1701350,Illinois,Montgomery,1930,2881.0,329.0,30013.0,149.0,0.11419645956265186,10.417563346060396
G1701370,Illinois,Morgan,1930,2136.0,131.0,15116.0,76.0,0.06132958801498127,7.0767790262172285
G1701390,Illinois,Moultrie,1930,1446.0,35.0,5287.0,6.0,0.024204702627939143,3.656293222683264
G1701410,Illinois,Ogle,1930,2688.0,282.0,29999.0,399.0,0.10491071428571429,11.160342261904763
G1701430,Illinois,Peoria,1930,2372.0,320.0,35232.0,458.0,0.13490725126475547,14.853288364249579
G1701450,Illinois,Perry,1930,1774.0,250.0,19819.0,53.0,0.14092446448703494,11.171927846674183
G1701470,Illinois,Piatt,1930,1295.0,67.0,6633.0,52.0,0.051737451737451735,5.122007722007722
G1701490,Illinois,Pike,1930,2879.0,319.0,44159.0,106.0,0.11080236193122613,15.338311913858979
G1701510,Illinois,Pope,1930,1250.0,71.0,6501.0,81.0,0.0568,5.2008
G1701530,Illinois,Pulaski,1930,1047.0,112.0,13153.0,105.0,0.1069723018147087,12.562559694364852
G1701550,Illinois,Putnam,1930,483.0,46.0,6341.0,38.0,0.09523809523809523,13.128364389233955
G1701570,Illinois,Randolph,1930,2199.0,722.0,58750.0,290.0,0.32833105957253295,26.71668940427467
G1701590,Illinois,Richland,1930,1632.0,360.0,28991.0,440.0,0.22058823529411764,17.764093137254903
G1701610,Illinois,Rock Island,1930,1729.0,291.0,24649.0,185.0,0.1683053788316946,14.256217466743783
G1701630,Illinois,St Clair,1930,2898.0,1079.0,88466.0,731.0,0.3723257418909593,30.52657004830918
G1701650,Illinois,Saline,1930,2175.0,144.0,9675.0,148.0,0.06620689655172414,4.448275862068965
G1701670,Illinois,Sangamon,1930,3284.0,133.0,19868.0,147.0,0.040499390986601706,6.049939098660171
G1701690,Illinois,Schuyler,1930,1635.0,69.0,7302.0,7.0,0.04220183486238532,4.46605504587156
G1701710,Illinois,Scott,1930,934.0,84.0,13243.0,6.0,0.08993576017130621,14.17880085653105
G1701730,Illinois,Shelby,1930,3462.0,214.0,21057.0,261.0,0.06181398035817447,6.0823223570190645
G1701750,Illinois,Stark,1930,976.0,76.0,5768.0,27.0,0.0778688524590164,5.909836065573771
G1701770,Illinois,Stephenson,1930,2631.0,319.0,24033.0,270.0,0.12124667426833903,9.1345496009122
G1701790,Illinois,Tazewell,1930,2162.0,270.0,30414.0,201.0,0.12488436632747456,14.067530064754857
G1701810,Illinois,Union,1930,1752.0,584.0,58808.0,731.0,0.3333333333333333,33.5662100456621
G1701830,Illinois,Vermilion,1930,3630.0,369.0,63089.0,1682.0,0.10165289256198347,17.379889807162535
G1701850,Illinois,Wabash,1930,953.0,263.0,19821.0,455.0,0.2759706190975866,20.79853095487933
G1701870,Illinois,Warren,1930,1870.0,102.0,16063.0,246.0,0.05454545454545454,8.589839572192513
G1701890,Illinois,Washington,1930,2114.0,871.0,82930.0,1149.0,0.4120151371807001,39.22894985808893
G1701910,Illinois,Wayne,1930,3110.0,442.0,21467.0,403.0,0.14212218649517686,6.902572347266881
G1701930,Illinois,White,1930,2015.0,302.0,26289.0,518.0,0.1498759305210918,13.04665012406948
G1701950,Illinois,Whiteside,1930,2754.0,1029.0,115675.0,2415.0,0.37363834422657954,42.002541757443716
G1701970,Illinois,Will,1930,2969.0,594.0,84383.0,902.0,0.20006736274840015,28.421353991242842
G1701990,Illinois,Williamson,1930,2500.0,149.0,11621.0,125.0,0.0596,4.6484
G1702010,Illinois,Winnebago,1930,1928.0,366.0,36936.0,331.0,0.18983402489626555,19.157676348547717
G1702030,Illinois,Woodford,1930,1914.0,311.0,38401.0,319.0,0.16248693834900732,20.063218390804597
G1709999,Illinois,All Other Counties,1930,0.0,,,,,
G1800010,Indiana,Adams,1930,2140.0,587.0,31614.0,1025.0,0.27429906542056076,14.772897196261683
G1800030,Indiana,Allen,1930,3477.0,1423.0,83037.0,2612.0,0.4092608570606845,23.881794650560828
G1800050,Indiana,Bartholomew,1930,1938.0,1080.0,100714.0,3036.0,0.5572755417956656,51.96800825593395
G1800070,Indiana,Benton,1930,1195.0,468.0,56446.0,1736.0,0.3916317991631799,47.235146443514644
G1800090,Indiana,Blackford,1930,975.0,205.0,13682.0,392.0,0.21025641025641026,14.032820512820512
G1800110,Indiana,Boone,1930,2623.0,899.0,61218.0,1779.0,0.3427373236751811,23.338924895158215
G1800130,Indiana,Brown,1930,874.0,476.0,15960.0,471.0,0.5446224256292906,18.26086956521739
G1800150,Indiana,Carroll,1930,1813.0,795.0,67375.0,2077.0,0.43849972421400996,37.16216216216216
G1800170,Indiana,Cass,1930,2230.0,966.0,76415.0,2242.0,0.43318385650224217,34.266816143497756
G1800190,Indiana,Clark,1930,2104.0,1260.0,102353.0,2898.0,0.5988593155893536,48.64686311787072
G1800210,Indiana,Clay,1930,2079.0,612.0,34878.0,968.0,0.2943722943722944,16.776334776334778
G1800230,Indiana,Clinton,1930,2199.0,1138.0,112476.0,3338.0,0.5175079581628013,51.148703956343795
G1800250,Indiana,Crawford,1930,1543.0,1049.0,47017.0,1529.0,0.6798444588464031,30.471160077770577
G1800270,Indiana,Daviess,1930,2421.0,890.0,57877.0,1576.0,0.36761668731928954,23.906237092110697
G1800290,Indiana,Dearborn,1930,2016.0,798.0,49514.0,1419.0,0.3958333333333333,24.560515873015873
G1800310,Indiana,Decatur,1930,1667.0,1359.0,168474.0,5271.0,0.8152369526094781,101.06418716256749
G1800330,Indiana,DeKalb,1930,2222.0,1418.0,90856.0,2779.0,0.6381638163816382,40.88928892889289
G1800350,Indiana,Delaware,1930,2639.0,697.0,55773.0,1676.0,0.2641151951496779,21.134141720348616
G1800370,Indiana,Dubois,1930,1947.0,1598.0,163061.0,4412.0,0.8207498715973293,83.74987159732922
G1800390,Indiana,Elkhart,1930,2900.0,1433.0,100143.0,2731.0,0.4941379310344828,34.53206896551724
G1800410,Indiana,Fayette,1930,1017.0,756.0,91633.0,2807.0,0.7433628318584071,90.10127826941986
G1800430,Indiana,Floyd,1930,1134.0,753.0,52697.0,1482.0,0.6640211640211641,46.470017636684304
G1800450,Indiana,Fountain,1930,1739.0,502.0,49512.0,1448.0,0.288671650373778,28.471535365152388
G1800470,Indiana,Franklin,1930,1915.0,1259.0,129579.0,3875.0,0.6574412532637076,67.66527415143604
G1800490,Indiana,Fulton,1930,2010.0,944.0,74112.0,2054.0,0.4696517412935323,36.87164179104477
G1800510,Indiana,Gibson,1930,2140.0,723.0,64869.0,1777.0,0.3378504672897196,30.312616822429906
G1800530,Indiana,Grant,1930,2541.0,944.0,67965.0,2108.0,0.3715072805981897,26.747343565525384
G1800550,Indiana,Greene,1930,3022.0,759.0,36717.0,1182.0,0.2511581733951026,12.149900727994705
G1800570,Indiana,Hamilton,1930,2623.0,1139.0,92454.0,2795.0,0.43423560808234846,35.24742661075105
G1800590,Indiana,Hancock,1930,1895.0,1006.0,85007.0,2671.0,0.5308707124010554,44.85857519788918
G1800610,Indiana,Harrison,1930,2603.0,1836.0,136147.0,3855.0,0.7053399923165579,52.303880138301956
G1800630,Indiana,Hendricks,1930,2306.0,1058.0,102077.0,2986.0,0.4588031222896791,44.26582827406765
G1800650,Indiana,Henry,1930,2471.0,1423.0,127648.0,3813.0,0.5758802104411169,51.65843787940105
G1800670,Indiana,Howard,1930,1946.0,798.0,71108.0,1954.0,0.41007194244604317,36.54059609455293
G1800690,Indiana,Huntington,1930,2353.0,908.0,53259.0,1769.0,0.3858903527411815,22.634509137271568
G1800710,Indiana,Jackson,1930,2070.0,1240.0,92156.0,2452.0,0.5990338164251208,44.519806763285025
G1800730,Indiana,Jasper,1930,1672.0,1230.0,167098.0,4794.0,0.7356459330143541,99.93899521531101
G1800750,Indiana,Jay,1930,2341.0,603.0,34915.0,1147.0,0.2575822298163178,14.91456642460487
G1800770,Indiana,Jefferson,1930,2234.0,1251.0,89574.0,2586.0,0.5599820948970456,40.095792300805726
G1800790,Indiana,Jennings,1930,1566.0,876.0,68825.0,1789.0,0.5593869731800766,43.94955300127714
G1800810,Indiana,Johnson,1930,1876.0,1225.0,137198.0,4253.0,0.6529850746268657,73.13326226012794
G1800830,Indiana,Knox,1930,2359.0,757.0,104108.0,2254.0,0.32089868588384907,44.132259431962694
G1800850,Indiana,Kosciusko,1930,3143.0,1163.0,87241.0,2444.0,0.37002863506204264,27.757238307349667
G1800870,Indiana,Lagrange,1930,1857.0,765.0,54144.0,1595.0,0.41195476575121165,29.15670436187399
G1800890,Indiana,Lake,1930,1531.0,752.0,106965.0,2804.0,0.49118223383409537,69.86610058785108
G1800910,Indiana,LaPorte,1930,2135.0,1051.0,121319.0,3279.0,0.49227166276346607,56.823887587822014
G1800930,Indiana,Lawrence,1930,2261.0,931.0,59716.0,1789.0,0.4117647058823529,26.411322423706324
G1800950,Indiana,Madison,1930,3060.0,1067.0,97805.0,2916.0,0.3486928104575163,31.962418300653596
G1800970,Indiana,Marion,1930,2263.0,979.0,93346.0,2615.0,0.4326115775519222,41.24878479893946
G1800990,Indiana,Marshall,1930,2451.0,1158.0,88677.0,2383.0,0.4724602203182375,36.17992656058752
G1801010,Indiana,Martin,1930,1150.0,570.0,29930.0,870.0,0.4956521739130435,26.026086956521738
G1801030,Indiana,Miami,1930,2095.0,969.0,78623.0,2369.0,0.4625298329355609,37.52887828162291
G1801050,Indiana,Monroe,1930,1959.0,764.0,37609.0,1176.0,0.38999489535477283,19.19806023481368
G1801070,Indiana,Montgomery,1930,2349.0,796.0,69574.0,2217.0,0.3388676032354193,29.61856108982546
G1801090,Indiana,Morgan,1930,1972.0,796.0,62964.0,1736.0,0.40365111561866124,31.929006085192697
G1801110,Indiana,Newton,1930,989.0,698.0,94356.0,2915.0,0.7057633973710818,95.40546006066734
G1801130,Indiana,Noble,1930,2259.0,1092.0,85542.0,2451.0,0.48339973439575035,37.867197875166
G1801150,Indiana,Ohio,1930,584.0,120.0,8009.0,224.0,0.2054794520547945,13.71404109589041
G1801170,Indiana,Orange,1930,1685.0,1251.0,81000.0,2447.0,0.742433234421365,48.07121661721068
G1801190,Indiana,Owen,1930,1587.0,678.0,33939.0,1028.0,0.42722117202268434,21.38563327032136
G1801210,Indiana,Parke,1930,1858.0,455.0,33557.0,1031.0,0.2448869752421959,18.060818083961248
G1801230,Indiana,Perry,1930,1528.0,973.0,64564.0,1922.0,0.6367801047120419,42.253926701570684
G1801250,Indiana,Pike,1930,1794.0,411.0,24337.0,706.0,0.22909698996655517,13.56577480490524
G1801270,Indiana,Porter,1930,1677.0,768.0,77828.0,2447.0,0.45796064400715564,46.40906380441264
G1801290,Indiana,Posey,1930,1733.0,478.0,40564.0,903.0,0.27582227351413735,23.4068090017311
G1801310,Indiana,Pulaski,1930,1499.0,1089.0,123632.0,3245.0,0.7264843228819213,82.47631754503001
G1801330,Indiana,Putnam,1930,2429.0,744.0,61605.0,1785.0,0.30629888843145325,25.36228900782215
G1801350,Indiana,Randolph,1930,2815.0,1147.0,79392.0,2630.0,0.4074600355239787,28.203197158081704
G1801370,Indiana,Ripley,1930,2570.0,2000.0,154409.0,4724.0,0.7782101167315175,60.081322957198445
G1801390,Indiana,Rush,1930,1875.0,1496.0,191006.0,6210.0,0.7978666666666666,101.86986666666667
G1801410,Indiana,St Joseph,1930,2039.0,958.0,89211.0,2291.0,0.46983815595880335,43.75232957332025
G1801430,Indiana,Scott,1930,1034.0,612.0,41479.0,1194.0,0.5918762088974855,40.11508704061895
G1801450,Indiana,Shelby,1930,2324.0,1280.0,120400.0,4044.0,0.5507745266781411,51.80722891566265
G1801470,Indiana,Spencer,1930,2211.0,980.0,76498.0,2049.0,0.44323835368611486,34.598824061510626
G1801490,Indiana,Starke,1930,1212.0,706.0,73423.0,1870.0,0.5825082508250825,60.58003300330033
G1801510,Indiana,Steuben,1930,1688.0,792.0,59570.0,1831.0,0.46919431279620855,35.290284360189574
G1801530,Indiana,Sullivan,1930,2671.0,367.0,36806.0,1046.0,0.1374017222014227,13.779857731186821
G1801550,Indiana,Switzerland,1930,1612.0,564.0,27729.0,818.0,0.34987593052109184,17.201612903225808
G1801570,Indiana,Tippecanoe,1930,2145.0,633.0,64560.0,2186.0,0.2951048951048951,30.097902097902097
G1801590,Indiana,Tipton,1930,1696.0,710.0,62785.0,1883.0,0.4186320754716981,37.019457547169814
G1801610,Indiana,Union,1930,718.0,610.0,95556.0,2885.0,0.8495821727019499,133.08635097493035
G1801630,Indiana,Vanderburgh,1930,1302.0,535.0,42357.0,1038.0,0.4109062980030722,32.53225806451613
G1801650,Indiana,Vermillion,1930,972.0,136.0,15086.0,408.0,0.13991769547325103,15.520576131687243
G1801670,Indiana,Vigo,1930,2176.0,269.0,20894.0,456.0,0.12362132352941177,9.602022058823529
G1801690,Indiana,Wabash,1930,2229.0,1065.0,82491.0,2497.0,0.477792732166891,37.008075370121134
G1801710,Indiana,Warren,1930,1207.0,272.0,32875.0,1050.0,0.22535211267605634,27.23695111847556
G1801730,Indiana,Warrick,1930,2026.0,750.0,52120.0,1350.0,0.37018756169792694,25.725567620927936
G1801750,Indiana,Washington,1930,2181.0,1602.0,135159.0,3998.0,0.734525447042641,61.97111416781293
G1801770,Indiana,Wayne,1930,2183.0,1368.0,151664.0,4611.0,0.6266605588639487,69.47503435639028
G1801790,Indiana,Wells,1930,2257.0,527.0,34169.0,1002.0,0.23349579087284006,15.139122729286663
G1801810,Indiana,White,1930,1718.0,1067.0,117616.0,3094.0,0.6210710128055879,68.46100116414435
G1801830,Indiana,Whitley,1930,2026.0,901.0,62677.0,1864.0,0.44471865745310957,30.936327739387956
G1809999,Indiana,All Other Counties,1930,0.0,,,,,
G1900010,Iowa,Adair,1930,2108.0,98.0,6368.0,211.0,0.046489563567362426,3.0208728652751424
G1900030,Iowa,Adams,1930,1630.0,39.0,1746.0,51.0,0.02392638036809816,1.0711656441717792
G1900050,Iowa,Allamakee,1930,2108.0,86.0,4837.0,174.0,0.04079696394686907,2.294592030360531
G1900070,Iowa,Appanoose,1930,2128.0,184.0,13245.0,399.0,0.08646616541353383,6.224154135338346
G1900090,Iowa,Audubon,1930,1823.0,78.0,5984.0,85.0,0.04278661546900713,3.2825013713658806
G1900110,Iowa,Benton,1930,2595.0,219.0,19575.0,348.0,0.08439306358381503,7.543352601156069
G1900130,Iowa,Black Hawk,1930,2384.0,346.0,30008.0,769.0,0.14513422818791946,12.587248322147651
G1900150,Iowa,Boone,1930,2546.0,127.0,7221.0,111.0,0.04988216810683425,2.836213668499607
G1900170,Iowa,Bremer,1930,2021.0,333.0,16812.0,171.0,0.16476991588322612,8.318654131618011
G1900190,Iowa,Buchanan,1930,2295.0,447.0,31994.0,781.0,0.19477124183006536,13.940740740740742
G1900210,Iowa,Buena Vista,1930,2092.0,63.0,4107.0,79.0,0.03011472275334608,1.9631931166347993
G1900230,Iowa,Butler,1930,2282.0,221.0,17504.0,105.0,0.09684487291849254,7.670464504820333
G1900250,Iowa,Calhoun,1930,2174.0,53.0,3608.0,109.0,0.02437902483900644,1.6596136154553818
G1900270,Iowa,Carroll,1930,2224.0,92.0,9657.0,267.0,0.04136690647482014,4.342176258992806
G1900290,Iowa,Cass,1930,2198.0,88.0,4890.0,119.0,0.040036396724294813,2.224749772520473
G1900310,Iowa,Cedar,1930,2207.0,246.0,18812.0,201.0,0.11146352514725873,8.523787947439963
G1900330,Iowa,Cerro Gordo,1930,2004.0,274.0,23868.0,541.0,0.13672654690618763,11.910179640718562
G1900350,Iowa,Cherokee,1930,1834.0,28.0,3218.0,69.0,0.015267175572519083,1.7546346782988005
G1900370,Iowa,Chickasaw,1930,1979.0,252.0,16820.0,332.0,0.12733703890853967,8.499242041435068
G1900390,Iowa,Clarke,1930,1515.0,56.0,2327.0,17.0,0.036963696369636964,1.535973597359736
G1900410,Iowa,Clay,1930,1800.0,50.0,5269.0,100.0,0.027777777777777776,2.9272222222222224
G1900430,Iowa,Clayton,1930,2992.0,253.0,15194.0,462.0,0.08455882352941177,5.0782085561497325
G1900450,Iowa,Clinton,1930,2748.0,398.0,29789.0,414.0,0.14483260553129548,10.840247452692868
G1900470,Iowa,Crawford,1930,2556.0,24.0,2176.0,3.0,0.009389671361502348,0.8513302034428795
G1900490,Iowa,Dallas,1930,2386.0,110.0,9808.0,82.0,0.04610226320201174,4.110645431684828
G1900510,Iowa,Davis,1930,1952.0,81.0,4054.0,68.0,0.04149590163934426,2.076844262295082
G1900530,Iowa,Decatur,1930,1969.0,76.0,5265.0,128.0,0.038598273235144746,2.6739461655662775
G1900550,Iowa,Delaware,1930,2254.0,437.0,30584.0,665.0,0.19387755102040816,13.568766637089618
G1900570,Iowa,Des Moines,1930,1730.0,130.0,9365.0,191.0,0.07514450867052024,5.413294797687861
G1900590,Iowa,Dickinson,1930,1224.0,35.0,2100.0,34.0,0.028594771241830064,1.7156862745098038
G1900610,Iowa,Dubuque,1930,2276.0,283.0,16130.0,268.0,0.12434094903339192,7.086994727592267
G1900630,Iowa,Emmet,1930,1285.0,48.0,3288.0,96.0,0.03735408560311284,2.5587548638132294
G1900650,Iowa,Fayette,1930,3038.0,542.0,50898.0,1028.0,0.1784068466096116,16.75378538512179
G1900670,Iowa,Floyd,1930,1858.0,285.0,22360.0,359.0,0.1533907427341227,12.034445640473628
G1900690,Iowa,Franklin,1930,2082.0,248.0,17236.0,332.0,0.11911623439000961,8.278578290105667
G1900710,Iowa,Fremont,1930,1921.0,15.0,1902.0,1.0,0.007808433107756377,0.9901093180635085
G1900730,Iowa,Greene,1930,2062.0,71.0,3059.0,59.0,0.03443258971871969,1.4835111542192048
G1900750,Iowa,Grundy,1930,1786.0,117.0,7576.0,102.0,0.06550951847704367,4.241881298992161
G1900770,Iowa,Guthrie,1930,2379.0,77.0,3699.0,123.0,0.032366540563261874,1.5548549810844894
G1900790,Iowa,Hamilton,1930,2213.0,64.0,3335.0,98.0,0.028920018075011298,1.5070040668775417
G1900810,Iowa,Hancock,1930,1936.0,328.0,37565.0,916.0,0.16942148760330578,19.40340909090909
G1900830,Iowa,Hardin,1930,2179.0,135.0,10395.0,215.0,0.06195502524093621,4.770536943552088
G1900850,Iowa,Harrison,1930,2960.0,25.0,1927.0,47.0,0.008445945945945946,0.6510135135135136
G1900870,Iowa,Henry,1930,1975.0,82.0,7270.0,126.0,0.04151898734177215,3.681012658227848
G1900890,Iowa,Howard,1930,1717.0,202.0,13184.0,255.0,0.11764705882352941,7.678509027373326
G1900910,Iowa,Humboldt,1930,1475.0,54.0,3243.0,55.0,0.03661016949152542,2.1986440677966104
G1900930,Iowa,Ida,1930,1425.0,30.0,3943.0,82.0,0.021052631578947368,2.767017543859649
G1900950,Iowa,Iowa,1930,2152.0,101.0,6927.0,53.0,0.046933085501858735,3.2188661710037176
G1900970,Iowa,Jackson,1930,2207.0,306.0,22706.0,323.0,0.13864975079293157,10.288173991844133
G1900990,Iowa,Jasper,1930,3054.0,282.0,20101.0,264.0,0.09233791748526522,6.581859855926654
G1901010,Iowa,Jefferson,1930,1887.0,80.0,4575.0,97.0,0.04239533651298357,2.424483306836248
G1901030,Iowa,Johnson,1930,2561.0,234.0,16391.0,279.0,0.09137055837563451,6.400234283483014
G1901050,Iowa,Jones,1930,2124.0,385.0,29870.0,554.0,0.1812617702448211,14.063088512241055
G1901070,Iowa,Keokuk,1930,2665.0,100.0,11000.0,185.0,0.0375234521575985,4.127579737335835
G1901090,Iowa,Kossuth,1930,3053.0,282.0,19440.0,579.0,0.092368162463151,6.3675073698001965
G1901110,Iowa,Lee,1930,2031.0,151.0,8441.0,163.0,0.07434761201378631,4.156080748399803
G1901130,Iowa,Linn,1930,3615.0,544.0,44510.0,684.0,0.15048409405255878,12.312586445366529
G1901150,Iowa,Louisa,1930,1361.0,112.0,7546.0,110.0,0.08229243203526819,5.544452608376194
G1901170,Iowa,Lucas,1930,1594.0,58.0,5438.0,66.0,0.03638644918444166,3.4115432873274782
G1901190,Iowa,Lyon,1930,1820.0,25.0,2338.0,47.0,0.013736263736263736,1.2846153846153847
G1901210,Iowa,Madison,1930,2152.0,118.0,8565.0,147.0,0.05483271375464684,3.9800185873605947
G1901230,Iowa,Mahaska,1930,2762.0,247.0,17577.0,145.0,0.0894279507603186,6.363866763215062
G1901250,Iowa,Marion,1930,2413.0,191.0,13758.0,197.0,0.07915457936179031,5.701616245337754
G1901270,Iowa,Marshall,1930,2352.0,218.0,16395.0,157.0,0.09268707482993198,6.970663265306122
G1901290,Iowa,Mills,1930,1640.0,18.0,1262.0,7.0,0.01097560975609756,0.7695121951219512
G1901310,Iowa,Mitchell,1930,1717.0,369.0,33280.0,597.0,0.21490972626674432,19.382644146767618
G1901330,Iowa,Monona,1930,2170.0,15.0,1305.0,6.0,0.0069124423963133645,0.6013824884792627
G1901350,Iowa,Monroe,1930,1695.0,96.0,5175.0,108.0,0.05663716814159292,3.0530973451327434
G1901370,Iowa,Montgomery,1930,1615.0,33.0,3483.0,54.0,0.02043343653250774,2.156656346749226
G1901390,Iowa,Muscatine,1930,1843.0,349.0,41987.0,734.0,0.1893651654910472,22.78187737384699
G1901410,Iowa,O Brien,1930,1965.0,54.0,3983.0,75.0,0.02748091603053435,2.0269720101781172
G1901430,Iowa,Osceola,1930,1278.0,58.0,10063.0,204.0,0.04538341158059468,7.874021909233177
G1901450,Iowa,Page,1930,2181.0,61.0,5210.0,19.0,0.027968821641448878,2.3888124713434205
G1901470,Iowa,Palo Alto,1930,1883.0,78.0,6208.0,142.0,0.04142326075411577,3.296866702071163
G1901490,Iowa,Plymouth,1930,2779.0,19.0,1847.0,17.0,0.006836991723641598,0.6646275638718964
G1901510,Iowa,Pocahontas,1930,2086.0,115.0,6594.0,141.0,0.055129434324065196,3.161073825503356
G1901530,Iowa,Polk,1930,3132.0,245.0,15284.0,227.0,0.07822477650063857,4.879948914431673
G1901550,Iowa,Pottawattamie,1930,4073.0,55.0,5501.0,79.0,0.013503560029462312,1.3506015222194943
G1901570,Iowa,Poweshiek,1930,2236.0,139.0,9218.0,121.0,0.06216457960644007,4.122540250447227
G1901590,Iowa,Ringgold,1930,1940.0,144.0,6419.0,113.0,0.07422680412371134,3.308762886597938
G1901610,Iowa,Sac,1930,1874.0,67.0,6675.0,90.0,0.03575240128068303,3.561899679829242
G1901630,Iowa,Scott,1930,2263.0,423.0,28322.0,263.0,0.18692001767565178,12.515245249668581
G1901650,Iowa,Shelby,1930,2188.0,55.0,2660.0,11.0,0.025137111517367458,1.2157221206581352
G1901670,Iowa,Sioux,1930,2940.0,79.0,4817.0,96.0,0.02687074829931973,1.6384353741496598
G1901690,Iowa,Story,1930,2348.0,155.0,9587.0,156.0,0.06601362862010221,4.083049403747871
G1901710,Iowa,Tama,1930,2700.0,175.0,14439.0,349.0,0.06481481481481481,5.347777777777778
G1901730,Iowa,Taylor,1930,2178.0,77.0,5179.0,59.0,0.03535353535353535,2.3778696051423323
G1901750,Iowa,Union,1930,1626.0,77.0,3838.0,35.0,0.047355473554735544,2.360393603936039
G1901770,Iowa,Van Buren,1930,1893.0,122.0,5957.0,107.0,0.06444796619123085,3.1468568409931326
G1901790,Iowa,Wapello,1930,2013.0,173.0,10675.0,131.0,0.08594138102334824,5.303030303030303
G1901810,Iowa,Warren,1930,2521.0,138.0,7672.0,117.0,0.05474018246727489,3.0432368107893693
G1901830,Iowa,Washington,1930,2337.0,139.0,12326.0,132.0,0.05947796320068464,5.274283269148481
G1901850,Iowa,Wayne,1930,1863.0,190.0,11928.0,275.0,0.10198604401502952,6.402576489533011
G1901870,Iowa,Webster,1930,2637.0,67.0,4481.0,84.0,0.02540766021994691,1.6992794842624195
G1901890,Iowa,Winnebago,1930,1641.0,192.0,14518.0,348.0,0.1170018281535649,8.847044485070079
G1901910,Iowa,Winneshiek,1930,2863.0,338.0,19311.0,268.0,0.11805798113866574,6.745022703457911
G1901930,Iowa,Woodbury,1930,3227.0,77.0,5326.0,57.0,0.02386117136659436,1.6504493337465138
G1901950,Iowa,Worth,1930,1472.0,237.0,16579.0,384.0,0.1610054347826087,11.262907608695652
G1901970,Iowa,Wright,1930,1983.0,174.0,11491.0,273.0,0.08774583963691376,5.794755421079173
G1909999,Iowa,All Other Counties,1930,0.0,,,,,
G2000010,Kansas,Allen,1930,1958.0,264.0,14514.0,472.0,0.1348314606741573,7.412665985699694
G2000030,Kansas,Anderson,1930,1915.0,185.0,9924.0,269.0,0.09660574412532637,5.1822454308094
G2000050,Kansas,Atchison,1930,1755.0,48.0,3808.0,61.0,0.02735042735042735,2.16980056980057
G2000070,Kansas,Barber,1930,1057.0,3.0,404.0,2.0,0.002838221381267739,0.38221381267738885
G2000090,Kansas,Barton,1930,1693.0,6.0,274.0,2.0,0.0035440047253396337,0.16184288245717662
G2000110,Kansas,Bourbon,1930,2181.0,105.0,6773.0,170.0,0.048143053645116916,3.1054562127464465
G2000130,Kansas,Brown,1930,2204.0,30.0,1991.0,12.0,0.013611615245009074,0.9033575317604355
G2000150,Kansas,Butler,1930,2657.0,25.0,4183.0,75.0,0.00940910801656003,1.5743319533308242
G2000170,Kansas,Chase,1930,839.0,4.0,527.0,10.0,0.004767580452920143,0.6281287246722288
G2000190,Kansas,Chautauqua,1930,1231.0,9.0,469.0,5.0,0.007311129163281885,0.3809910641754671
G2000210,Kansas,Cherokee,1930,2174.0,847.0,78121.0,2654.0,0.3896044158233671,35.934222631094755
G2000230,Kansas,Cheyenne,1930,1091.0,3.0,81.0,0.0,0.002749770852428964,0.07424381301558204
G2000250,Kansas,Clark,1930,568.0,0.0,0.0,0.0,0.0,0.0
G2000270,Kansas,Clay,1930,1925.0,12.0,1555.0,23.0,0.006233766233766234,0.8077922077922078
G2000290,Kansas,Cloud,1930,2076.0,7.0,439.0,0.0,0.003371868978805395,0.21146435452793835
G2000310,Kansas,Coffey,1930,2170.0,147.0,6296.0,106.0,0.06774193548387097,2.9013824884792627
G2000330,Kansas,Comanche,1930,512.0,3.0,100.0,3.0,0.005859375,0.1953125
G2000350,Kansas,Cowley,1930,2894.0,44.0,2654.0,29.0,0.01520387007601935,0.917069799585349
G2000370,Kansas,Crawford,1930,2588.0,627.0,44900.0,1298.0,0.24227202472952086,17.34930448222566
G2000390,Kansas,Decatur,1930,1340.0,4.0,250.0,0.0,0.0029850746268656717,0.1865671641791045
G2000410,Kansas,Dickinson,1930,2541.0,12.0,2909.0,107.0,0.004722550177095631,1.1448248720975993
G2000430,Kansas,Doniphan,1930,1707.0,51.0,8935.0,98.0,0.029876977152899824,5.234329232571763
G2000450,Kansas,Douglas,1930,1852.0,122.0,8345.0,183.0,0.06587473002159827,4.505939524838013
G2000470,Kansas,Edwards,1930,823.0,3.0,430.0,0.0,0.0036452004860267314,0.5224787363304981
G2000490,Kansas,Elk,1930,1243.0,12.0,1077.0,6.0,0.009654062751407884,0.8664521319388576
G2000510,Kansas,Ellis,1930,1314.0,2.0,75.0,4.0,0.0015220700152207,0.05707762557077625
G2000530,Kansas,Ellsworth,1930,1159.0,2.0,154.0,0.0,0.001725625539257981,0.13287316652286454
G2000550,Kansas,Finney,1930,971.0,0.0,0.0,0.0,0.0,0.0
G2000570,Kansas,Ford,1930,1338.0,2.0,16.0,1.0,0.0014947683109118087,0.01195814648729447
G2000590,Kansas,Franklin,1930,2388.0,121.0,6915.0,119.0,0.05067001675041876,2.8957286432160805
G2000610,Kansas,Geary,1930,769.0,7.0,345.0,2.0,0.009102730819245773,0.4486345903771131
G2000630,Kansas,Gove,1930,890.0,2.0,68.0,2.0,0.0022471910112359553,0.07640449438202247
G2000650,Kansas,Graham,1930,1286.0,5.0,315.0,1.0,0.0038880248833592537,0.24494556765163297
G2000670,Kansas,Grant,1930,533.0,4.0,237.0,0.0,0.0075046904315197,0.4446529080675422
G2000690,Kansas,Gray,1930,828.0,5.0,769.0,0.0,0.006038647342995169,0.928743961352657
G2000710,Kansas,Greeley,1930,282.0,0.0,0.0,0.0,0.0,0.0
G2000730,Kansas,Greenwood,1930,1905.0,54.0,3308.0,53.0,0.028346456692913385,1.7364829396325459
G2000750,Kansas,Hamilton,1930,440.0,0.0,0.0,0.0,0.0,0.0
G2000770,Kansas,Harper,1930,1562.0,15.0,9688.0,6.0,0.009603072983354673,6.202304737516005
G2000790,Kansas,Harvey,1930,1746.0,13.0,424.0,5.0,0.0074455899198167235,0.24284077892325315
G2000810,Kansas,Haskell,1930,461.0,0.0,0.0,0.0,0.0,0.0
G2000830,Kansas,Hodgeman,1930,732.0,2.0,44.0,0.0,0.00273224043715847,0.060109289617486336
G2000850,Kansas,Jackson,1930,2446.0,39.0,3461.0,60.0,0.015944399018806215,1.4149632052330334
G2000870,Kansas,Jefferson,1930,2166.0,98.0,6030.0,80.0,0.04524469067405355,2.78393351800554
G2000890,Kansas,Jewell,1930,2573.0,3.0,68.0,0.0,0.001165954139137194,0.026428293820443063
G2000910,Kansas,Johnson,1930,2376.0,187.0,17583.0,204.0,0.0787037037037037,7.400252525252525
G2000930,Kansas,Kearny,1930,462.0,0.0,0.0,0.0,0.0,0.0
G2000950,Kansas,Kingman,1930,1547.0,24.0,1989.0,0.0,0.015513897866839044,1.2857142857142858
G2000970,Kansas,Kiowa,1930,772.0,2.0,20.0,0.0,0.0025906735751295338,0.025906735751295335
G2000990,Kansas,Labette,1930,2499.0,523.0,37846.0,1261.0,0.20928371348539415,15.144457783113245
G2001010,Kansas,Lane,1930,489.0,1.0,3.0,0.0,0.002044989775051125,0.006134969325153374
G2001030,Kansas,Leavenworth,1930,2001.0,98.0,11660.0,192.0,0.04897551224387806,5.827086456771614
G2001050,Kansas,Lincoln,1930,1435.0,9.0,1272.0,0.0,0.0062717770034843206,0.886411149825784
G2001070,Kansas,Linn,1930,2216.0,184.0,11347.0,258.0,0.08303249097472924,5.120487364620939
G2001090,Kansas,Logan,1930,541.0,1.0,65.0,0.0,0.0018484288354898336,0.12014787430683918
G2001110,Kansas,Lyon,1930,2609.0,63.0,4212.0,57.0,0.02414718282866999,1.6144116519739364
G2001130,Kansas,McPherson,1930,2689.0,8.0,1205.0,5.0,0.0029750836742283376,0.4481219784306434
G2001150,Kansas,Marion,1930,2460.0,14.0,482.0,0.0,0.005691056910569106,0.19593495934959348
G2001170,Kansas,Marshall,1930,2852.0,21.0,1226.0,1.0,0.007363253856942496,0.42987377279102384
G2001190,Kansas,Meade,1930,933.0,2.0,60.0,0.0,0.0021436227224008574,0.06430868167202572
G2001210,Kansas,Miami,1930,2282.0,158.0,12282.0,304.0,0.06923751095530237,5.382120946538125
G2001230,Kansas,Mitchell,1930,1709.0,2.0,200.0,0.0,0.0011702750146284377,0.11702750146284377
G2001250,Kansas,Montgomery,1930,2522.0,108.0,7210.0,152.0,0.04282315622521808,2.858842188739096
G2001270,Kansas,Morris,1930,1572.0,13.0,1369.0,6.0,0.00826972010178117,0.8708651399491094
G2001290,Kansas,Morton,1930,393.0,1.0,50.0,1.0,0.002544529262086514,0.1272264631043257
G2001310,Kansas,Nemaha,1930,2471.0,41.0,2977.0,88.0,0.01659247268312424,1.2047753945770943
G2001330,Kansas,Neosho,1930,2155.0,350.0,26438.0,846.0,0.16241299303944315,12.268213457076566
G2001350,Kansas,Ness,1930,1108.0,4.0,393.0,0.0,0.0036101083032490976,0.3546931407942238
G2001370,Kansas,Norton,1930,1705.0,4.0,655.0,13.0,0.002346041055718475,0.3841642228739003
G2001390,Kansas,Osage,1930,2605.0,21.0,1581.0,0.0,0.008061420345489444,0.6069097888675624
G2001410,Kansas,Osborne,1930,1652.0,5.0,525.0,0.0,0.003026634382566586,0.3177966101694915
G2001430,Kansas,Ottawa,1930,1616.0,3.0,305.0,0.0,0.0018564356435643563,0.18873762376237624
G2001450,Kansas,Pawnee,1930,1192.0,5.0,2343.0,1.0,0.0041946308724832215,1.9656040268456376
G2001470,Kansas,Phillips,1930,1979.0,2.0,38.0,0.0,0.001010611419909045,0.019201616978271854
G2001490,Kansas,Pottawatomie,1930,2143.0,5.0,330.0,1.0,0.0023331777881474567,0.15398973401773214
G2001510,Kansas,Pratt,1930,1148.0,3.0,96.0,2.0,0.002613240418118467,0.08362369337979095
G2001530,Kansas,Rawlins,1930,1176.0,3.0,65.0,0.0,0.002551020408163265,0.055272108843537414
G2001550,Kansas,Reno,1930,3137.0,11.0,387.0,0.0,0.0035065349059611095,0.12336627350972267
G2001570,Kansas,Republic,1930,2292.0,2.0,70.0,0.0,0.0008726003490401396,0.030541012216404886
G2001590,Kansas,Rice,1930,1427.0,11.0,1490.0,36.0,0.007708479327259986,1.0441485634197618
G2001610,Kansas,Riley,1930,1568.0,16.0,1236.0,0.0,0.01020408163265306,0.7882653061224489
G2001630,Kansas,Rooks,1930,1391.0,7.0,970.0,5.0,0.0050323508267433505,0.6973400431344356
G2001650,Kansas,Rush,1930,1174.0,2.0,96.0,1.0,0.0017035775127768314,0.0817717206132879
G2001670,Kansas,Russell,1930,1344.0,2.0,100.0,1.0,0.001488095238095238,0.0744047619047619
G2001690,Kansas,Saline,1930,1839.0,16.0,1169.0,16.0,0.008700380641653072,0.6356715606307776
G2001710,Kansas,Scott,1930,479.0,0.0,0.0,0.0,0.0,0.0
G2001730,Kansas,Sedgwick,1930,3520.0,45.0,6087.0,44.0,0.01278409090909091,1.7292613636363636
G2001750,Kansas,Seward,1930,538.0,1.0,65.0,4.0,0.0018587360594795538,0.120817843866171
G2001770,Kansas,Shawnee,1930,2173.0,40.0,7928.0,66.0,0.01840773124712379,3.6484123331799356
G2001790,Kansas,Sheridan,1930,1049.0,2.0,60.0,0.0,0.0019065776930409914,0.057197330791229746
G2001810,Kansas,Sherman,1930,804.0,2.0,187.0,0.0,0.0024875621890547263,0.2325870646766169
G2001830,Kansas,Smith,1930,2299.0,15.0,1353.0,20.0,0.006524575902566333,0.5885167464114832
G2001850,Kansas,Stafford,1930,1359.0,7.0,213.0,4.0,0.0051508462104488595,0.15673289183222958
G2001870,Kansas,Stanton,1930,315.0,0.0,0.0,0.0,0.0,0.0
G2001890,Kansas,Stevens,1930,634.0,8.0,634.0,3.0,0.012618296529968454,1.0
G2001910,Kansas,Sumner,1930,2952.0,18.0,2043.0,35.0,0.006097560975609756,0.6920731707317073
G2001930,Kansas,Thomas,1930,940.0,3.0,225.0,0.0,0.0031914893617021275,0.2393617021276596
G2001950,Kansas,Trego,1930,980.0,3.0,112.0,0.0,0.003061224489795918,0.11428571428571428
G2001970,Kansas,Wabaunsee,1930,1629.0,19.0,1106.0,3.0,0.011663597298956415,0.6789441375076735
G2001990,Kansas,Wallace,1930,410.0,2.0,50.0,0.0,0.004878048780487805,0.12195121951219512
G2002010,Kansas,Washington,1930,2793.0,13.0,974.0,11.0,0.004654493376297888,0.34872896527031866
G2002030,Kansas,Wichita,1930,373.0,0.0,0.0,0.0,0.0,0.0
G2002050,Kansas,Wilson,1930,1845.0,103.0,6340.0,108.0,0.05582655826558266,3.4363143631436315
G2002070,Kansas,Woodson,1930,1190.0,182.0,9880.0,327.0,0.15294117647058825,8.302521008403362
G2002090,Kansas,Wyandotte,1930,1496.0,129.0,9144.0,103.0,0.08622994652406417,6.112299465240642
G2009999,Kansas,All Other Counties,1930,0.0,,,,,
G2100010,Kentucky,Adair,1930,2782.0,1704.0,38817.0,1633.0,0.612508986340762,13.952911574406901
G2100030,Kentucky,Allen,1930,2809.0,1501.0,32141.0,1338.0,0.5343538625845496,11.442150231399074
G2100050,Kentucky,Anderson,1930,1408.0,60.0,1084.0,35.0,0.04261363636363636,0.7698863636363636
G2100070,Kentucky,Ballard,1930,1394.0,38.0,1081.0,28.0,0.027259684361549498,0.7754662840746055
G2100090,Kentucky,Barren,1930,4260.0,2732.0,87127.0,3735.0,0.6413145539906103,20.452347417840375
G2100110,Kentucky,Bath,1930,1901.0,307.0,12497.0,398.0,0.16149395055234086,6.573908469226723
G2100130,Kentucky,Bell,1930,1302.0,146.0,2208.0,70.0,0.11213517665130568,1.695852534562212
G2100150,Kentucky,Boone,1930,1563.0,363.0,15726.0,462.0,0.23224568138195778,10.061420345489443
G2100170,Kentucky,Bourbon,1930,1896.0,321.0,36278.0,839.0,0.16930379746835442,19.133966244725737
G2100190,Kentucky,Boyd,1930,782.0,50.0,1962.0,50.0,0.0639386189258312,2.5089514066496164
G2100210,Kentucky,Boyle,1930,1251.0,279.0,10683.0,279.0,0.22302158273381295,8.53956834532374
G2100230,Kentucky,Bracken,1930,1796.0,231.0,6388.0,191.0,0.12861915367483295,3.556792873051225
G2100250,Kentucky,Breathitt,1930,3118.0,27.0,527.0,13.0,0.008659397049390635,0.16901860166773572
G2100270,Kentucky,Breckinridge,1930,2763.0,1768.0,70012.0,2676.0,0.6398841838581252,25.33912414042707
G2100290,Kentucky,Bullitt,1930,1229.0,449.0,22869.0,652.0,0.3653376729048006,18.60781122864117
G2100310,Kentucky,Butler,1930,2150.0,579.0,12409.0,532.0,0.26930232558139533,5.771627906976744
G2100330,Kentucky,Caldwell,1930,1708.0,731.0,22597.0,783.0,0.42798594847775173,13.230093676814988
G2100350,Kentucky,Calloway,1930,2990.0,1752.0,34261.0,1254.0,0.585953177257525,11.458528428093645
G2100370,Kentucky,Campbell,1930,1389.0,153.0,4932.0,158.0,0.1101511879049676,3.550755939524838
G2100390,Kentucky,Carlisle,1930,1153.0,47.0,1131.0,31.0,0.040763226366001735,0.9809193408499567
G2100410,Kentucky,Carroll,1930,1188.0,75.0,3237.0,105.0,0.06313131313131314,2.724747474747475
G2100430,Kentucky,Carter,1930,2394.0,806.0,23860.0,910.0,0.3366750208855472,9.96658312447786
G2100450,Kentucky,Casey,1930,3205.0,1484.0,40926.0,1427.0,0.4630265210608424,12.769422776911076
G2100470,Kentucky,Christian,1930,3215.0,1956.0,89455.0,2923.0,0.608398133748056,27.82426127527216
G2100490,Kentucky,Clark,1930,1578.0,226.0,14789.0,766.0,0.1432192648922687,9.371989860583016
G2100510,Kentucky,Clay,1930,2815.0,350.0,6849.0,278.0,0.12433392539964476,2.4330373001776198
G2100530,Kentucky,Clinton,1930,1554.0,816.0,26188.0,960.0,0.525096525096525,16.851994851994853
G2100550,Kentucky,Crittenden,1930,1665.0,346.0,9660.0,403.0,0.2078078078078078,5.801801801801802
G2100570,Kentucky,Cumberland,1930,1892.0,213.0,5343.0,174.0,0.11257928118393234,2.8239957716701904
G2100590,Kentucky,Daviess,1930,3728.0,1306.0,42625.0,1307.0,0.35032188841201717,11.433744635193133
G2100610,Kentucky,Edmonson,1930,2041.0,796.0,24052.0,971.0,0.39000489955903966,11.784419402253798
G2100630,Kentucky,Elliott,1930,1324.0,474.0,13671.0,454.0,0.3580060422960725,10.325528700906345
G2100650,Kentucky,Estill,1930,1804.0,104.0,2261.0,93.0,0.057649667405764965,1.2533259423503327
G2100670,Kentucky,Fayette,1930,1704.0,186.0,28595.0,786.0,0.10915492957746478,16.781103286384976
G2100690,Kentucky,Fleming,1930,2642.0,895.0,41749.0,1571.0,0.3387585162755488,15.802043906131718
G2100710,Kentucky,Floyd,1930,2773.0,31.0,582.0,19.0,0.011179228272628922,0.20988099531193652
G2100730,Kentucky,Franklin,1930,1598.0,98.0,5230.0,132.0,0.06132665832290363,3.272841051314143
G2100750,Kentucky,Fulton,1930,1197.0,49.0,5048.0,160.0,0.04093567251461988,4.217209690893902
G2100770,Kentucky,Gallatin,1930,866.0,74.0,2321.0,62.0,0.08545034642032333,2.68013856812933
G2100790,Kentucky,Garrard,1930,2188.0,102.0,7965.0,249.0,0.04661791590493602,3.640310786106033
G2100810,Kentucky,Grant,1930,1941.0,245.0,7283.0,185.0,0.12622359608449252,3.7521895929933025
G2100830,Kentucky,Graves,1930,4638.0,1045.0,28256.0,1016.0,0.2253126347563605,6.092281155670547
G2100850,Kentucky,Grayson,1930,2864.0,1803.0,54415.0,2202.0,0.6295391061452514,18.999650837988828
G2100870,Kentucky,Green,1930,2761.0,1665.0,44298.0,1770.0,0.6030423759507425,16.044186888808404
G2100890,Kentucky,Greenup,1930,2133.0,597.0,13894.0,550.0,0.279887482419128,6.513830285982185
G2100910,Kentucky,Hancock,1930,1075.0,427.0,9065.0,305.0,0.3972093023255814,8.432558139534883
G2100930,Kentucky,Hardin,1930,2752.0,1649.0,64921.0,2442.0,0.5992005813953488,23.59047965116279
G2100950,Kentucky,Harlan,1930,786.0,181.0,2864.0,109.0,0.23027989821882952,3.643765903307888
G2100970,Kentucky,Harrison,1930,2614.0,157.0,8502.0,168.0,0.06006120887528692,3.252486610558531
G2100990,Kentucky,Hart,1930,3075.0,2156.0,53893.0,2073.0,0.7011382113821139,17.52617886178862
G2101010,Kentucky,Henderson,1930,2625.0,333.0,12593.0,377.0,0.12685714285714286,4.7973333333333334
G2101030,Kentucky,Henry,1930,2186.0,429.0,19470.0,502.0,0.19624885635864592,8.906678865507777
G2101050,Kentucky,Hickman,1930,1434.0,63.0,5048.0,152.0,0.043933054393305436,3.5202231520223153
G2101070,Kentucky,Hopkins,1930,2653.0,736.0,14972.0,590.0,0.27742178665661515,5.643422540520166
G2101090,Kentucky,Jackson,1930,1865.0,922.0,22419.0,871.0,0.49436997319034853,12.020911528150133
G2101110,Kentucky,Jefferson,1930,2616.0,1080.0,168470.0,4651.0,0.41284403669724773,64.39984709480122
G2101130,Kentucky,Jessamine,1930,1315.0,98.0,6656.0,153.0,0.07452471482889733,5.0615969581749045
G2101150,Kentucky,Johnson,1930,2281.0,171.0,3697.0,106.0,0.07496711968434897,1.6207803594914512
G2101170,Kentucky,Kenton,1930,1290.0,225.0,10829.0,299.0,0.1744186046511628,8.394573643410853
G2101190,Kentucky,Knott,1930,1951.0,24.0,296.0,10.0,0.01230138390568939,0.15171706817016914
G2101210,Kentucky,Knox,1930,2850.0,672.0,14513.0,508.0,0.23578947368421052,5.092280701754386
G2101230,Kentucky,Larue,1930,1531.0,902.0,41525.0,1533.0,0.589157413455258,27.122795558458524
G2101250,Kentucky,Laurel,1930,2892.0,1756.0,46005.0,1776.0,0.607192254495159,15.907676348547717
G2101270,Kentucky,Lawrence,1930,2409.0,170.0,3276.0,105.0,0.070568700705687,1.3599003735990038
G2101290,Kentucky,Lee,1930,1288.0,147.0,2490.0,98.0,0.11413043478260869,1.9332298136645962
G2101310,Kentucky,Leslie,1930,1627.0,28.0,532.0,16.0,0.017209588199139522,0.3269821757836509
G2101330,Kentucky,Letcher,1930,1674.0,113.0,1352.0,42.0,0.06750298685782556,0.8076463560334528
G2101350,Kentucky,Lewis,1930,2196.0,1225.0,43205.0,1596.0,0.557832422586521,19.67440801457195
G2101370,Kentucky,Lincoln,1930,2692.0,948.0,42625.0,1605.0,0.3521545319465082,15.833952451708766
G2101390,Kentucky,Livingston,1930,1339.0,139.0,3388.0,129.0,0.10380881254667662,2.5302464525765496
G2101410,Kentucky,Logan,1930,3379.0,2235.0,98623.0,3397.0,0.661438295353655,29.187037585084344
G2101430,Kentucky,Lyon,1930,1210.0,419.0,12064.0,510.0,0.34628099173553717,9.970247933884297
G2101450,Kentucky,McCracken,1930,1979.0,190.0,10184.0,276.0,0.09600808489135927,5.146033350176857
G2101470,Kentucky,McCreary,1930,1058.0,417.0,7525.0,226.0,0.3941398865784499,7.112476370510397
G2101490,Kentucky,McLean,1930,1576.0,468.0,10427.0,394.0,0.2969543147208122,6.616116751269035
G2101510,Kentucky,Madison,1930,3814.0,497.0,25509.0,1053.0,0.1303093864708967,6.688253801782905
G2101530,Kentucky,Magoffin,1930,2427.0,106.0,3192.0,102.0,0.043675319324268644,1.315203955500618
G2101550,Kentucky,Marion,1930,1946.0,393.0,13950.0,469.0,0.20195272353545735,7.168550873586844
G2101570,Kentucky,Marshall,1930,2417.0,947.0,15620.0,533.0,0.39180802647910634,6.462556888705006
G2101590,Kentucky,Martin,1930,993.0,15.0,150.0,2.0,0.015105740181268883,0.1510574018126888
G2101610,Kentucky,Mason,1930,1548.0,381.0,18987.0,569.0,0.24612403100775193,12.265503875968992
G2101630,Kentucky,Meade,1930,1236.0,614.0,23774.0,920.0,0.4967637540453074,19.234627831715212
G2101650,Kentucky,Menifee,1930,879.0,347.0,7457.0,270.0,0.39476678043230945,8.483503981797497
G2101670,Kentucky,Mercer,1930,1850.0,56.0,3012.0,84.0,0.03027027027027027,1.6281081081081081
G2101690,Kentucky,Metcalfe,1930,2154.0,1181.0,30365.0,1335.0,0.5482822655524605,14.09702878365831
G2101710,Kentucky,Monroe,1930,2399.0,1062.0,22868.0,925.0,0.44268445185493954,9.532305127136306
G2101730,Kentucky,Montgomery,1930,1261.0,398.0,15982.0,460.0,0.3156225218080888,12.674068199841395
G2101750,Kentucky,Morgan,1930,2633.0,572.0,14223.0,459.0,0.2172426889479681,5.401823015571591
G2101770,Kentucky,Muhlenberg,1930,2469.0,712.0,15649.0,674.0,0.288375860672337,6.338193600648036
G2101790,Kentucky,Nelson,1930,2081.0,357.0,19271.0,714.0,0.1715521383950024,9.26045170591062
G2101810,Kentucky,Nicholas,1930,1871.0,110.0,4760.0,154.0,0.05879208979155532,2.5440940673436665
G2101830,Kentucky,Ohio,1930,3191.0,991.0,20218.0,806.0,0.31056095267941086,6.335944844876215
G2101850,Kentucky,Oldham,1930,783.0,446.0,61828.0,1874.0,0.5696040868454662,78.96296296296296
G2101870,Kentucky,Owen,1930,2263.0,254.0,8305.0,226.0,0.11224038886433937,3.6699072028281043
G2101890,Kentucky,Owsley,1930,1351.0,282.0,4539.0,170.0,0.20873427091043673,3.3597335307179867
G2101910,Kentucky,Pendleton,1930,2013.0,173.0,3489.0,127.0,0.08594138102334824,1.7332339791356184
G2101930,Kentucky,Perry,1930,2087.0,91.0,1734.0,47.0,0.043603258265452804,0.830857690464782
G2101950,Kentucky,Pike,1930,4205.0,298.0,5707.0,150.0,0.0708680142687277,1.3571938168846611
G2101970,Kentucky,Powell,1930,848.0,48.0,769.0,26.0,0.05660377358490566,0.9068396226415094
G2101990,Kentucky,Pulaski,1930,4731.0,2977.0,84363.0,3502.0,0.6292538575354047,17.831959416613824
G2102010,Kentucky,Robertson,1930,826.0,29.0,939.0,21.0,0.035108958837772396,1.1368038740920097
G2102030,Kentucky,Rockcastle,1930,2125.0,1145.0,28421.0,1181.0,0.5388235294117647,13.374588235294118
G2102050,Kentucky,Rowan,1930,1261.0,430.0,13278.0,471.0,0.34099920697858843,10.52973830293418
G2102070,Kentucky,Russell,1930,2059.0,1317.0,40816.0,1442.0,0.6396308887809616,19.823215152986887
G2102090,Kentucky,Scott,1930,1890.0,143.0,5454.0,147.0,0.07566137566137567,2.8857142857142857
G2102110,Kentucky,Shelby,1930,2337.0,1078.0,47345.0,1334.0,0.46127513906718015,20.25887890457852
G2102130,Kentucky,Simpson,1930,1797.0,1105.0,51870.0,1956.0,0.6149137451307735,28.864774624373958
G2102150,Kentucky,Spencer,1930,1208.0,102.0,2710.0,84.0,0.08443708609271523,2.243377483443709
G2102170,Kentucky,Taylor,1930,2021.0,1048.0,39832.0,1636.0,0.5185551707075705,19.709054923305295
G2102190,Kentucky,Todd,1930,2199.0,1157.0,35145.0,1276.0,0.5261482492041837,15.982264665757162
G2102210,Kentucky,Trigg,1930,2050.0,984.0,23761.0,881.0,0.48,11.590731707317072
G2102230,Kentucky,Trimble,1930,1249.0,476.0,27255.0,976.0,0.3811048839071257,21.821457165732586
G2102250,Kentucky,Union,1930,1342.0,186.0,14777.0,719.0,0.13859910581222057,11.01117734724292
G2102270,Kentucky,Warren,1930,3683.0,1533.0,55366.0,2516.0,0.41623676350800975,15.0328536519142
G2102290,Kentucky,Washington,1930,2282.0,168.0,7421.0,239.0,0.0736196319018405,3.251971954425942
G2102310,Kentucky,Wayne,1930,2355.0,992.0,43469.0,1393.0,0.4212314225053079,18.458174097664543
G2102330,Kentucky,Webster,1930,1927.0,475.0,11696.0,431.0,0.24649714582252205,6.069538142189932
G2102350,Kentucky,Whitley,1930,2148.0,737.0,13677.0,554.0,0.3431098696461825,6.36731843575419
G2102370,Kentucky,Wolfe,1930,1348.0,179.0,3271.0,104.0,0.1327893175074184,2.4265578635014835
G2102390,Kentucky,Woodford,1930,1372.0,60.0,7657.0,162.0,0.043731778425655975,5.580903790087463
G2109999,Kentucky,All Other Counties,1930,0.0,,,,,
G2200010,Louisiana,Acadia,1930,3828.0,2394.0,127181.0,5324.0,0.6253918495297806,33.22387669801463
G2200030,Louisiana,Allen,1930,1068.0,790.0,56240.0,1861.0,0.7397003745318352,52.659176029962545
G2200050,Louisiana,Ascension,1930,1335.0,355.0,21149.0,523.0,0.26591760299625467,15.841947565543071
G2200070,Louisiana,Assumption,1930,416.0,130.0,62177.0,1282.0,0.3125,149.46394230769232
G2200090,Louisiana,Avoyelles,1930,5975.0,1368.0,45828.0,1142.0,0.22895397489539748,7.669958158995816
G2200110,Louisiana,Beauregard,1930,1374.0,1069.0,85550.0,2346.0,0.7780203784570596,62.26346433770014
G2200130,Louisiana,Bienville,1930,3885.0,3238.0,292276.0,7729.0,0.8334620334620335,75.23191763191763
G2200150,Louisiana,Bossier,1930,4820.0,949.0,68980.0,1671.0,0.19688796680497925,14.311203319502075
G2200170,Louisiana,Caddo,1930,7422.0,1616.0,121131.0,2876.0,0.21773106979250875,16.32053354890865
G2200190,Louisiana,Calcasieu,1930,1565.0,919.0,92493.0,3502.0,0.5872204472843451,59.100958466453676
G2200210,Louisiana,Caldwell,1930,1236.0,316.0,13321.0,403.0,0.255663430420712,10.777508090614887
G2200230,Louisiana,Cameron,1930,814.0,179.0,10321.0,452.0,0.2199017199017199,12.67936117936118
G2200250,Louisiana,Catahoula,1930,1957.0,191.0,13508.0,278.0,0.0975983648441492,6.902401635155851
G2200270,Louisiana,Claiborne,1930,4940.0,4079.0,408093.0,10530.0,0.8257085020242915,82.60991902834009
G2200290,Louisiana,Concordia,1930,1849.0,188.0,13485.0,305.0,0.10167658193618172,7.2931314223904815
G2200310,Louisiana,De Soto,1930,5098.0,3128.0,204626.0,5088.0,0.6135739505688506,40.13848568065908
G2200330,Louisiana,East Baton Rouge,1930,2366.0,896.0,35637.0,1378.0,0.378698224852071,15.062130177514794
G2200350,Louisiana,East Carroll,1930,3451.0,549.0,37592.0,678.0,0.15908432338452622,10.893074471167777
G2200370,Louisiana,East Feliciana,1930,2379.0,1749.0,75961.0,2677.0,0.7351828499369483,31.92980243799916
G2200390,Louisiana,Evangeline,1930,4610.0,2988.0,106077.0,4197.0,0.6481561822125813,23.010195227765728
G2200410,Louisiana,Franklin,1930,6239.0,540.0,38527.0,778.0,0.08655233210450393,6.175188331463375
G2200430,Louisiana,Grant,1930,1708.0,724.0,42592.0,1187.0,0.4238875878220141,24.936768149882905
G2200450,Louisiana,Iberia,1930,1297.0,178.0,33566.0,839.0,0.13723978411719354,25.879722436391674
G2200470,Louisiana,Iberville,1930,621.0,71.0,30564.0,676.0,0.1143317230273752,49.21739130434783
G2200490,Louisiana,Jackson,1930,1722.0,1168.0,87785.0,2460.0,0.6782810685249709,50.97851335656214
G2200510,Louisiana,Jefferson,1930,243.0,68.0,6538.0,163.0,0.27983539094650206,26.905349794238685
G2200530,Louisiana,Jefferson Davis,1930,1664.0,950.0,113105.0,4629.0,0.5709134615384616,67.9717548076923
G2200550,Louisiana,Lafayette,1930,3359.0,906.0,36880.0,1179.0,0.26972313188448943,10.979458172075022
G2200570,Louisiana,Lafourche,1930,1108.0,203.0,72769.0,1728.0,0.1832129963898917,65.6759927797834
G2200590,Louisiana,La Salle,1930,828.0,341.0,8082.0,207.0,0.41183574879227053,9.76086956521739
G2200610,Louisiana,Lincoln,1930,3396.0,2810.0,293786.0,7963.0,0.8274440518256773,86.50942285041225
G2200630,Louisiana,Livingston,1930,2193.0,1664.0,149836.0,4242.0,0.7587779297765618,68.32466940264477
G2200650,Louisiana,Madison,1930,2457.0,403.0,25757.0,479.0,0.164021164021164,10.483109483109484
G2200670,Louisiana,Morehouse,1930,3665.0,195.0,10536.0,284.0,0.05320600272851296,2.8747612551159616
G2200690,Louisiana,Natchitoches,1930,5726.0,1554.0,86368.0,1920.0,0.2713936430317848,15.083478868319943
G2200710,Louisiana,Orleans,1930,198.0,54.0,5313.0,74.0,0.2727272727272727,26.833333333333332
G2200730,Louisiana,Ouachita,1930,2823.0,1343.0,98310.0,2438.0,0.4757350336521431,34.82465462274176
G2200750,Louisiana,Plaquemines,1930,449.0,213.0,20005.0,463.0,0.47438752783964366,44.55456570155902
G2200770,Louisiana,Pointe Coupee,1930,2652.0,374.0,28111.0,609.0,0.14102564102564102,10.599924585218703
G2200790,Louisiana,Rapides,1930,4305.0,1454.0,93145.0,2430.0,0.337746806039489,21.636469221835075
G2200810,Louisiana,Red River,1930,3102.0,1351.0,144465.0,3535.0,0.4355254674403611,46.571566731141196
G2200830,Louisiana,Richland,1930,5103.0,614.0,29304.0,569.0,0.12032137958063883,5.742504409171076
G2200850,Louisiana,Sabine,1930,2936.0,1815.0,118984.0,2958.0,0.6181880108991825,40.525885558583106
G2200870,Louisiana,St Bernard,1930,186.0,95.0,10818.0,190.0,0.510752688172043,58.16129032258065
G2200890,Louisiana,St Charles,1930,175.0,33.0,2312.0,51.0,0.18857142857142858,13.211428571428572
G2200910,Louisiana,St Helena,1930,1581.0,1450.0,82252.0,2384.0,0.9171410499683744,52.02530044275775
G2200930,Louisiana,St James,1930,337.0,127.0,22445.0,475.0,0.3768545994065282,66.60237388724036
G2200950,Louisiana,St John The Baptist,1930,178.0,106.0,31684.0,658.0,0.5955056179775281,178.0
G2200970,Louisiana,St Landry,1930,7494.0,1237.0,52244.0,1878.0,0.1650653856418468,6.971443821724046
G2200990,Louisiana,St Martin,1930,2084.0,63.0,5832.0,146.0,0.030230326295585412,2.798464491362764
G2201010,Louisiana,St Mary,1930,520.0,77.0,52356.0,1406.0,0.14807692307692308,100.68461538461538
G2201030,Louisiana,St Tammany,1930,1179.0,849.0,54221.0,1395.0,0.7201017811704835,45.988973706530956
G2201050,Louisiana,Tangipahoa,1930,4336.0,3775.0,408240.0,11224.0,0.8706180811808119,94.15129151291512
G2201070,Louisiana,Tensas,1930,3139.0,957.0,74688.0,1386.0,0.30487416374641607,23.793564829563554
G2201090,Louisiana,Terrebonne,1930,662.0,202.0,72498.0,1664.0,0.30513595166163143,109.51359516616314
G2201110,Louisiana,Union,1930,3463.0,2618.0,220468.0,6151.0,0.7559919145249784,63.6638752526711
G2201130,Louisiana,Vermilion,1930,3951.0,940.0,39281.0,1379.0,0.23791445203745887,9.942039989875981
G2201150,Louisiana,Vernon,1930,1850.0,1336.0,87272.0,2346.0,0.7221621621621621,47.174054054054054
G2201170,Louisiana,Washington,1930,2592.0,2116.0,180803.0,5046.0,0.816358024691358,69.7542438271605
G2201190,Louisiana,Webster,1930,3516.0,2851.0,232912.0,6140.0,0.8108646188850968,66.2434584755404
G2201210,Louisiana,West Baton Rouge,1930,381.0,25.0,24679.0,487.0,0.06561679790026247,64.77427821522309
G2201230,Louisiana,West Carroll,1930,2602.0,108.0,5735.0,121.0,0.0415065334358186,2.204073789392775
G2201250,Louisiana,West Feliciana,1930,1368.0,419.0,16346.0,662.0,0.30628654970760233,11.948830409356725
G2201270,Louisiana,Winn,1930,1669.0,1073.0,85590.0,2416.0,0.6428999400838825,51.28220491312163
G2209999,Louisiana,All Other Counties,1930,0.0,,,,,
G2300010,Maine,Androscoggin,1930,2322.0,1263.0,80497.0,1982.0,0.5439276485788114,34.66709732988803
G2300030,Maine,Aroostook,1930,6459.0,5612.0,5433462.0,126488.0,0.8688651494039324,841.22340919647
G2300050,Maine,Cumberland,1930,2233.0,1338.0,105690.0,2564.0,0.5991939095387371,47.33094491715181
G2300070,Maine,Franklin,1930,1530.0,1094.0,64240.0,1703.0,0.7150326797385621,41.98692810457516
G2300090,Maine,Hancock,1930,1300.0,572.0,28478.0,645.0,0.44,21.906153846153845
G2300110,Maine,Kennebec,1930,3592.0,1969.0,155815.0,3991.0,0.548162583518931,43.378340757238306
G2300130,Maine,Knox,1930,1845.0,822.0,30030.0,735.0,0.44552845528455287,16.276422764227643
G2300150,Maine,Lincoln,1930,1870.0,557.0,20584.0,500.0,0.2978609625668449,11.007486631016043
G2300170,Maine,Oxford,1930,2806.0,1700.0,90243.0,2497.0,0.6058446186742694,32.160727013542406
G2300190,Maine,Penobscot,1930,4060.0,2444.0,590225.0,13018.0,0.6019704433497537,145.3756157635468
G2300210,Maine,Piscataquis,1930,918.0,583.0,135065.0,3206.0,0.6350762527233116,147.12962962962962
G2300230,Maine,Sagadahoc,1930,815.0,358.0,19761.0,490.0,0.4392638036809816,24.246625766871166
G2300250,Maine,Somerset,1930,2996.0,1850.0,215143.0,5269.0,0.6174899866488651,71.81008010680908
G2300270,Maine,Waldo,1930,2511.0,1393.0,158930.0,3943.0,0.5547590601354042,63.29350856232577
G2300290,Maine,Washington,1930,1591.0,1012.0,85652.0,2050.0,0.6360779384035198,53.83532369578881
G2300310,Maine,York,1930,2158.0,1386.0,74054.0,1869.0,0.6422613531047267,34.316033364226136
G2309999,Maine,All Other Counties,1930,0.0,,,,,
G2400010,Maryland,Allegany,1930,1020.0,416.0,25313.0,909.0,0.40784313725490196,24.816666666666666
G2400030,Maryland,Anne Arundel,1930,1555.0,1063.0,244944.0,5016.0,0.6836012861736335,157.5202572347267
G2400050,Maryland,Baltimore,1930,3413.0,2554.0,560347.0,16024.0,0.7483152651626135,164.1801933782596
G2400090,Maryland,Calvert,1930,1103.0,987.0,65859.0,1921.0,0.8948322756119673,59.70897552130553
G2400110,Maryland,Caroline,1930,1922.0,1420.0,210280.0,7839.0,0.7388137356919875,109.40686784599376
G2400130,Maryland,Carroll,1930,3149.0,2771.0,330000.0,13259.0,0.8799618926643379,104.79517307081613
G2400150,Maryland,Cecil,1930,1424.0,1126.0,217324.0,7653.0,0.7907303370786517,152.61516853932585
G2400170,Maryland,Charles,1930,1592.0,1310.0,121496.0,3543.0,0.8228643216080402,76.31658291457286
G2400190,Maryland,Dorchester,1930,1598.0,1352.0,257565.0,8638.0,0.8460575719649562,161.1795994993742
G2400210,Maryland,Frederick,1930,3434.0,2788.0,310463.0,12621.0,0.8118811881188119,90.40856144437973
G2400230,Maryland,Garrett,1930,1839.0,1325.0,74716.0,2579.0,0.720500271886895,40.62860250135943
G2400250,Maryland,Harford,1930,2260.0,1788.0,356925.0,10030.0,0.7911504424778761,157.93141592920355
G2400270,Maryland,Howard,1930,1098.0,863.0,171526.0,5670.0,0.7859744990892532,156.21675774134792
G2400290,Maryland,Kent,1930,971.0,800.0,223368.0,9071.0,0.82389289392379,230.03913491246138
G2400310,Maryland,Montgomery,1930,1971.0,1447.0,296935.0,9984.0,0.7341451040081177,150.6519533231862
G2400330,Maryland,Prince Georges,1930,2291.0,1557.0,206800.0,6100.0,0.6796158882584025,90.26625927542558
G2400350,Maryland,Queen Anne's,1930,1464.0,1126.0,231294.0,8851.0,0.7691256830601093,157.9877049180328
G2400370,Maryland,St Mary's,1930,1392.0,1219.0,147124.0,4638.0,0.8757183908045977,105.69252873563218
G2400390,Maryland,Somerset,1930,1561.0,1344.0,236343.0,6702.0,0.8609865470852018,151.40486867392698
G2400410,Maryland,Talbot,1930,1113.0,893.0,206517.0,8129.0,0.8023360287511231,185.5498652291105
G2400430,Maryland,Washington,1930,2552.0,1883.0,202478.0,7256.0,0.7378526645768025,79.3409090909091
G2400450,Maryland,Wicomico,1930,2193.0,1924.0,395684.0,10922.0,0.8773369813041496,180.43046055631555
G2400470,Maryland,Worcester,1930,2190.0,1672.0,418188.0,12714.0,0.7634703196347032,190.95342465753424
G2405100,Maryland,Baltimore City,1930,98.0,69.0,13590.0,294.0,0.7040816326530612,138.6734693877551
G2409999,Maryland,All Other Counties,1930,0.0,,,,,
G2500010,Massachusetts,Barnstable,1930,484.0,337.0,52205.0,1238.0,0.6962809917355371,107.86157024793388
G2500030,Massachusetts,Berkshire,1930,1604.0,723.0,58915.0,1483.0,0.45074812967581046,36.73004987531172
G2500050,Massachusetts,Bristol,1930,3042.0,1642.0,276526.0,6193.0,0.539776462853386,90.9026955950033
G2500070,Massachusetts,Dukes,1930,67.0,35.0,2583.0,61.0,0.5223880597014925,38.55223880597015
G2500090,Massachusetts,Essex,1930,2024.0,1182.0,185174.0,4610.0,0.58399209486166,91.48913043478261
G2500110,Massachusetts,Franklin,1930,2695.0,1615.0,454892.0,8618.0,0.5992578849721707,168.79109461966604
G2500130,Massachusetts,Hampden,1930,1786.0,996.0,270149.0,7812.0,0.5576707726763718,151.2592385218365
G2500150,Massachusetts,Hampshire,1930,2588.0,1667.0,721566.0,13290.0,0.6441267387944358,278.8122102009274
G2500170,Massachusetts,Middlesex,1930,3453.0,2035.0,485226.0,12703.0,0.5893426006371272,140.52302345786273
G2500190,Massachusetts,Nantucket,1930,23.0,16.0,2520.0,56.0,0.6956521739130435,109.56521739130434
G2500210,Massachusetts,Norfolk,1930,1128.0,536.0,80214.0,2220.0,0.475177304964539,71.11170212765957
G2500230,Massachusetts,Plymouth,1930,1734.0,920.0,127679.0,3614.0,0.5305651672433679,73.63264129181084
G2500250,Massachusetts,Suffolk,1930,27.0,14.0,15089.0,139.0,0.5185185185185185,558.8518518518518
G2500270,Massachusetts,Worcester,1930,4943.0,2571.0,281883.0,6574.0,0.5201294760267045,57.02670443050779
G2509999,Massachusetts,All Other Counties,1930,0.0,,,,,
G2600010,Michigan,Alcona,1930,789.0,45.0,1567.0,37.0,0.057034220532319393,1.9860583016476552
G2600030,Michigan,Alger,1930,511.0,28.0,958.0,26.0,0.0547945205479452,1.8747553816046967
G2600050,Michigan,Allegan,1930,5300.0,2352.0,210844.0,4707.0,0.4437735849056604,39.78188679245283
G2600070,Michigan,Alpena,1930,1033.0,134.0,7098.0,171.0,0.12971926427879962,6.8712487899322365
G2600090,Michigan,Antrim,1930,1141.0,440.0,35052.0,862.0,0.38562664329535495,30.720420683610868
G2600110,Michigan,Arenac,1930,1202.0,195.0,8695.0,239.0,0.1622296173044925,7.233777038269551
G2600130,Michigan,Baraga,1930,713.0,10.0,546.0,1.0,0.014025245441795231,0.7657784011220197
G2600150,Michigan,Barry,1930,2656.0,1124.0,88920.0,2541.0,0.42319277108433734,33.4789156626506
G2600170,Michigan,Bay,1930,2901.0,1455.0,113209.0,2928.0,0.5015511892450879,39.02412961047914
G2600190,Michigan,Benzie,1930,616.0,180.0,21208.0,329.0,0.2922077922077922,34.42857142857143
G2600210,Michigan,Berrien,1930,5390.0,2652.0,190628.0,3567.0,0.4920222634508349,35.366975881261595
G2600230,Michigan,Branch,1930,2750.0,1080.0,92501.0,2639.0,0.3927272727272727,33.63672727272727
G2600250,Michigan,Calhoun,1930,3205.0,914.0,71078.0,1243.0,0.28517940717628704,22.177223088923558
G2600270,Michigan,Cass,1930,2437.0,661.0,59801.0,821.0,0.2712351251538777,24.5387771850636
G2600290,Michigan,Charlevoix,1930,1029.0,287.0,14171.0,346.0,0.2789115646258503,13.77162293488824
G2600310,Michigan,Cheboygan,1930,1052.0,90.0,7630.0,96.0,0.08555133079847908,7.252851711026616
G2600330,Michigan,Chippewa,1930,1446.0,54.0,2254.0,37.0,0.03734439834024896,1.5587828492392808
G2600350,Michigan,Clare,1930,893.0,109.0,5317.0,96.0,0.12206047032474804,5.954087346024636
G2600370,Michigan,Clinton,1930,2964.0,1969.0,145109.0,4363.0,0.6643049932523617,48.95715249662618
G2600390,Michigan,Crawford,1930,116.0,11.0,418.0,4.0,0.09482758620689655,3.603448275862069
G2600410,Michigan,Delta,1930,1384.0,218.0,9829.0,230.0,0.157514450867052,7.101878612716763
G2600430,Michigan,Dickinson,1930,513.0,52.0,4112.0,95.0,0.10136452241715399,8.015594541910332
G2600450,Michigan,Eaton,1930,3385.0,2243.0,170047.0,4924.0,0.662629246676514,50.23545051698671
G2600470,Michigan,Emmet,1930,1023.0,195.0,10168.0,216.0,0.1906158357771261,9.93939393939394
G2600490,Michigan,Genesee,1930,2907.0,1866.0,139706.0,4130.0,0.6418988648090815,48.058479532163744
G2600510,Michigan,Gladwin,1930,1107.0,162.0,6372.0,184.0,0.14634146341463414,5.7560975609756095
G2600530,Michigan,Gogebic,1930,726.0,46.0,1430.0,31.0,0.06336088154269973,1.9696969696969697
G2600550,Michigan,Grand Traverse,1930,1332.0,419.0,26431.0,552.0,0.31456456456456455,19.843093093093092
G2600570,Michigan,Gratiot,1930,3315.0,1769.0,117772.0,3547.0,0.5336349924585219,35.526998491704376
G2600590,Michigan,Hillsdale,1930,3544.0,1653.0,102457.0,2862.0,0.46642212189616256,28.909988713318285
G2600610,Michigan,Houghton,1930,1840.0,114.0,3714.0,63.0,0.06195652173913044,2.018478260869565
G2600630,Michigan,Huron,1930,4155.0,2835.0,199711.0,6368.0,0.6823104693140795,48.06522262334537
G2600650,Michigan,Ingham,1930,2961.0,1509.0,124585.0,3368.0,0.5096251266464032,42.07531239446133
G2600670,Michigan,Ionia,1930,2833.0,1516.0,127589.0,3527.0,0.5351217790328274,45.036710201200144
G2600690,Michigan,Iosco,1930,632.0,87.0,4113.0,108.0,0.13765822784810128,6.507911392405063
G2600710,Michigan,Iron,1930,801.0,37.0,4552.0,33.0,0.046192259675405745,5.682896379525593
G2600730,Michigan,Isabella,1930,2507.0,964.0,53813.0,1491.0,0.38452333466294375,21.465097726366174
G2600750,Michigan,Jackson,1930,2908.0,948.0,83216.0,1963.0,0.32599724896836313,28.616231086657496
G2600770,Michigan,Kalamazoo,1930,2731.0,1056.0,136916.0,2129.0,0.386671548883193,50.13401684364702
G2600790,Michigan,Kalkaska,1930,490.0,147.0,11056.0,245.0,0.3,22.56326530612245
G2600810,Michigan,Kent,1930,4422.0,1662.0,155805.0,3022.0,0.3758480325644505,35.23405698778833
G2600830,Michigan,Keweenaw,1930,102.0,6.0,74.0,1.0,0.058823529411764705,0.7254901960784313
G2600850,Michigan,Lake,1930,551.0,89.0,3392.0,70.0,0.16152450090744103,6.1560798548094375
G2600870,Michigan,Lapeer,1930,3276.0,1558.0,104117.0,2956.0,0.47557997557997556,31.78174603174603
G2600890,Michigan,Leelanau,1930,1100.0,467.0,36464.0,852.0,0.42454545454545456,33.14909090909091
G2600910,Michigan,Lenawee,1930,4453.0,2780.0,227511.0,6538.0,0.6242982259151134,51.091623624522796
G2600930,Michigan,Livingston,1930,2122.0,893.0,69683.0,1736.0,0.42082940622054665,32.838360037700284
G2600950,Michigan,Luce,1930,178.0,33.0,6756.0,23.0,0.1853932584269663,37.95505617977528
G2600970,Michigan,Mackinac,1930,415.0,16.0,488.0,8.0,0.03855421686746988,1.1759036144578314
G2600990,Michigan,Macomb,1930,2951.0,2155.0,225620.0,5373.0,0.730260928498814,76.45543883429346
G2601010,Michigan,Manistee,1930,1172.0,258.0,14180.0,217.0,0.22013651877133106,12.098976109215018
G2601030,Michigan,Marquette,1930,1006.0,90.0,6567.0,177.0,0.08946322067594434,6.527833001988071
G2601050,Michigan,Mason,1930,1637.0,541.0,31031.0,482.0,0.3304825901038485,18.956017104459377
G2601070,Michigan,Mecosta,1930,2063.0,366.0,17730.0,320.0,0.17741153659718856,8.594280174503151
G2601090,Michigan,Menominee,1930,1961.0,499.0,20108.0,602.0,0.2544620091789903,10.25395206527282
G2601110,Michigan,Midland,1930,1784.0,551.0,32768.0,869.0,0.30885650224215244,18.367713004484305
G2601130,Michigan,Missaukee,1930,1072.0,222.0,12269.0,277.0,0.20708955223880596,11.444962686567164
G2601150,Michigan,Monroe,1930,3803.0,2715.0,247506.0,6910.0,0.7139100709965817,65.08177754404417
G2601170,Michigan,Montcalm,1930,3650.0,1069.0,68682.0,1437.0,0.2928767123287671,18.816986301369862
G2601190,Michigan,Montmorency,1930,397.0,23.0,1103.0,51.0,0.05793450881612091,2.7783375314861463
G2601210,Michigan,Muskegon,1930,1626.0,643.0,54155.0,1172.0,0.39544895448954487,33.30565805658057
G2601230,Michigan,Newaygo,1930,2335.0,610.0,32874.0,789.0,0.26124197002141325,14.07880085653105
G2601250,Michigan,Oakland,1930,2405.0,913.0,91998.0,2066.0,0.37962577962577965,38.252806652806655
G2601270,Michigan,Oceana,1930,2012.0,797.0,55728.0,1231.0,0.3961232604373757,27.697813121272365
G2601290,Michigan,Ogemaw,1930,985.0,93.0,3631.0,91.0,0.09441624365482233,3.686294416243655
G2601310,Michigan,Ontonagon,1930,1134.0,56.0,1061.0,5.0,0.04938271604938271,0.935626102292769
G2601330,Michigan,Osceola,1930,1831.0,295.0,14580.0,299.0,0.16111414527580556,7.962861824139814
G2601350,Michigan,Oscoda,1930,220.0,5.0,47.0,,0.022727272727272728,0.21363636363636362
G2601370,Michigan,Otsego,1930,440.0,84.0,6363.0,148.0,0.19090909090909092,14.461363636363636
G2601390,Michigan,Ottawa,1930,3896.0,2397.0,183163.0,5057.0,0.6152464065708418,47.01309034907597
G2601410,Michigan,Presque Isle,1930,921.0,401.0,16518.0,469.0,0.43539630836047777,17.93485342019544
G2601430,Michigan,Roscommon,1930,160.0,14.0,854.0,6.0,0.0875,5.3375
G2601450,Michigan,Saginaw,1930,4827.0,2536.0,160217.0,4540.0,0.5253780816241972,33.19183758027761
G2601470,Michigan,St Clair,1930,3627.0,2377.0,142972.0,4338.0,0.655362558588365,39.41880341880342
G2601490,Michigan,St Joseph,1930,2367.0,763.0,57927.0,698.0,0.32234896493451626,24.472750316856782
G2601510,Michigan,Sanilac,1930,4569.0,2881.0,172649.0,5664.0,0.6305537316699497,37.787043116655724
G2601530,Michigan,Schoolcraft,1930,357.0,82.0,5411.0,149.0,0.22969187675070027,15.156862745098039
G2601550,Michigan,Shiawassee,1930,3063.0,1898.0,135455.0,3964.0,0.6196539340515834,44.22298400261182
G2601570,Michigan,Tuscola,1930,4459.0,2770.0,194713.0,6096.0,0.6212155191747029,43.66741421843463
G2601590,Michigan,Van Buren,1930,4334.0,1631.0,161114.0,2987.0,0.37632671896631287,37.17443470235349
G2601610,Michigan,Washtenaw,1930,3259.0,1820.0,144933.0,4068.0,0.5584535133476527,44.47161706044799
G2601630,Michigan,Wayne,1930,2043.0,1274.0,134590.0,3079.0,0.6235927557513461,65.87860988742047
G2601650,Michigan,Wexford,1930,1149.0,169.0,6721.0,127.0,0.14708442123585727,5.8494342906875545
G2609999,Michigan,All Other Counties,1930,0.0,,,,,
G2700010,Minnesota,Aitkin,1930,2467.0,58.0,3141.0,68.0,0.023510336441021483,1.2732063234698014
G2700030,Minnesota,Anoka,1930,1457.0,344.0,23419.0,491.0,0.2361015785861359,16.07343857240906
G2700050,Minnesota,Becker,1930,2737.0,44.0,2446.0,63.0,0.01607599561563756,0.8936792108147606
G2700070,Minnesota,Beltrami,1930,2083.0,57.0,1919.0,43.0,0.027364378300528083,0.9212674027844455
G2700090,Minnesota,Benton,1930,1591.0,20.0,1579.0,9.0,0.01257071024512885,0.9924575738529227
G2700110,Minnesota,Big Stone,1930,1126.0,4.0,125.0,4.0,0.003552397868561279,0.11101243339253997
G2700130,Minnesota,Blue Earth,1930,3112.0,63.0,2989.0,84.0,0.02024421593830334,0.9604755784061697
G2700150,Minnesota,Brown,1930,2105.0,37.0,2436.0,53.0,0.017577197149643706,1.1572446555819478
G2700170,Minnesota,Carlton,1930,2070.0,114.0,3886.0,100.0,0.05507246376811594,1.877294685990338
G2700190,Minnesota,Carver,1930,2041.0,25.0,1594.0,56.0,0.01224889759921607,0.7809897109260167
G2700210,Minnesota,Cass,1930,2010.0,16.0,1352.0,36.0,0.007960199004975124,0.672636815920398
G2700230,Minnesota,Chippewa,1930,1730.0,70.0,3954.0,112.0,0.04046242774566474,2.2855491329479767
G2700250,Minnesota,Chisago,1930,2024.0,194.0,6669.0,157.0,0.0958498023715415,3.2949604743083003
G2700270,Minnesota,Clay,1930,2087.0,86.0,10650.0,299.0,0.041207474844274075,5.103018687110685
G2700290,Minnesota,Clearwater,1930,1500.0,28.0,1007.0,28.0,0.018666666666666668,0.6713333333333333
G2700310,Minnesota,Cook,1930,127.0,3.0,32.0,2.0,0.023622047244094488,0.25196850393700787
G2700330,Minnesota,Cottonwood,1930,1949.0,86.0,4162.0,99.0,0.044125192406362236,2.1354540790148793
G2700350,Minnesota,Crow Wing,1930,1696.0,19.0,1216.0,47.0,0.011202830188679245,0.7169811320754716
G2700370,Minnesota,Dakota,1930,2251.0,375.0,25028.0,450.0,0.16659262549977788,11.118613949355842
G2700390,Minnesota,Dodge,1930,1752.0,241.0,8738.0,272.0,0.1375570776255708,4.987442922374429
G2700410,Minnesota,Douglas,1930,2626.0,51.0,1740.0,45.0,0.01942117288651942,0.6626047220106626
G2700430,Minnesota,Faribault,1930,2480.0,287.0,16518.0,473.0,0.1157258064516129,6.660483870967742
G2700450,Minnesota,Fillmore,1930,3186.0,277.0,13471.0,188.0,0.0869428750784683,4.228185812931575
G2700470,Minnesota,Freeborn,1930,3089.0,546.0,136661.0,2634.0,0.17675623179022337,44.2411783748786
G2700490,Minnesota,Goodhue,1930,3044.0,151.0,7613.0,326.0,0.049605781865965835,2.5009855453350855
G2700510,Minnesota,Grant,1930,1377.0,81.0,6882.0,166.0,0.058823529411764705,4.9978213507625275
G2700530,Minnesota,Hennepin,1930,3981.0,540.0,77819.0,885.0,0.1356443104747551,19.54760110524994
G2700550,Minnesota,Houston,1930,1910.0,127.0,6568.0,172.0,0.06649214659685863,3.438743455497382
G2700570,Minnesota,Hubbard,1930,1304.0,15.0,466.0,12.0,0.011503067484662576,0.35736196319018404
G2700590,Minnesota,Isanti,1930,2030.0,206.0,10647.0,466.0,0.10147783251231528,5.244827586206896
G2700610,Minnesota,Itasca,1930,2278.0,20.0,600.0,15.0,0.00877963125548727,0.2633889376646181
G2700630,Minnesota,Jackson,1930,2244.0,223.0,14772.0,373.0,0.09937611408199644,6.5828877005347595
G2700650,Minnesota,Kanabec,1930,1535.0,27.0,1924.0,46.0,0.01758957654723127,1.2534201954397395
G2700670,Minnesota,Kandiyohi,1930,2544.0,106.0,6129.0,165.0,0.041666666666666664,2.4091981132075473
G2700690,Minnesota,Kittson,1930,1344.0,20.0,1156.0,31.0,0.01488095238095238,0.8601190476190477
G2700710,Minnesota,Koochiching,1930,1278.0,9.0,393.0,12.0,0.007042253521126761,0.3075117370892019
G2700730,Minnesota,Lac Qui Parle,1930,2109.0,25.0,1377.0,38.0,0.011853959222380275,0.6529160739687055
G2700750,Minnesota,Lake,1930,298.0,10.0,163.0,5.0,0.03355704697986577,0.5469798657718121
G2700770,Minnesota,Lake Of The Woods,1930,723.0,2.0,30.0,1.0,0.0027662517289073307,0.04149377593360996
G2700790,Minnesota,Le Sueur,1930,2139.0,25.0,1406.0,41.0,0.01168770453482936,0.6573165030388032
G2700810,Minnesota,Lincoln,1930,1578.0,33.0,1284.0,29.0,0.02091254752851711,0.8136882129277566
G2700830,Minnesota,Lyon,1930,1992.0,73.0,6869.0,160.0,0.036646586345381524,3.448293172690763
G2700850,Minnesota,McLeod,1930,2503.0,71.0,3161.0,84.0,0.02836596084698362,1.2628845385537355
G2700870,Minnesota,Mahnomen,1930,681.0,38.0,7250.0,80.0,0.055800293685756244,10.646108663729809
G2700890,Minnesota,Marshall,1930,2508.0,124.0,6856.0,179.0,0.049441786283891544,2.733652312599681
G2700910,Minnesota,Martin,1930,2561.0,290.0,17199.0,417.0,0.11323701679031628,6.715736040609137
G2700930,Minnesota,Meeker,1930,2479.0,50.0,1988.0,46.0,0.02016942315449778,0.8019362646228317
G2700950,Minnesota,Mille Lacs,1930,2025.0,34.0,5668.0,123.0,0.016790123456790124,2.7990123456790124
G2700970,Minnesota,Morrison,1930,3260.0,35.0,1817.0,51.0,0.010736196319018405,0.557361963190184
G2700990,Minnesota,Mower,1930,2506.0,598.0,31387.0,731.0,0.2386272944932163,12.524740622505986
G2701010,Minnesota,Murray,1930,2038.0,81.0,5566.0,92.0,0.03974484789008832,2.7311089303238467
G2701030,Minnesota,Nicollet,1930,1473.0,64.0,4365.0,158.0,0.04344874405974202,2.9633401221995928
G2701050,Minnesota,Nobles,1930,2119.0,78.0,4497.0,132.0,0.03680981595092025,2.122227465785748
G2701070,Minnesota,Norman,1930,1946.0,131.0,12579.0,315.0,0.06731757451181912,6.4640287769784175
G2701090,Minnesota,Olmsted,1930,2400.0,237.0,17187.0,428.0,0.09875,7.16125
G2701110,Minnesota,Otter Tail,1930,6702.0,82.0,5597.0,163.0,0.012235153685467026,0.8351238436287676
G2701130,Minnesota,Pennington,1930,1100.0,24.0,959.0,33.0,0.02181818181818182,0.8718181818181818
G2701150,Minnesota,Pine,1930,3288.0,269.0,9428.0,281.0,0.08181265206812652,2.867396593673966
G2701170,Minnesota,Pipestone,1930,1255.0,43.0,2545.0,59.0,0.034262948207171316,2.0278884462151394
G2701190,Minnesota,Polk,1930,4205.0,306.0,24165.0,668.0,0.0727705112960761,5.746730083234245
G2701210,Minnesota,Pope,1930,1762.0,24.0,1405.0,39.0,0.01362088535754824,0.79738933030647
G2701230,Minnesota,Ramsey,1930,1074.0,224.0,21359.0,370.0,0.2085661080074488,19.887337057728118
G2701250,Minnesota,Red Lake,1930,891.0,19.0,657.0,18.0,0.02132435465768799,0.7373737373737373
G2701270,Minnesota,Redwood,1930,2646.0,52.0,2599.0,67.0,0.019652305366591082,0.9822373393801965
G2701290,Minnesota,Renville,1930,3185.0,161.0,8892.0,205.0,0.05054945054945055,2.7918367346938777
G2701310,Minnesota,Rice,1930,2359.0,93.0,4594.0,102.0,0.039423484527342095,1.9474353539635438
G2701330,Minnesota,Rock,1930,1338.0,42.0,2187.0,58.0,0.03139013452914798,1.6345291479820627
G2701350,Minnesota,Roseau,1930,1922.0,14.0,943.0,20.0,0.007284079084287201,0.4906347554630593
G2701370,Minnesota,St Louis,1930,4872.0,163.0,11118.0,227.0,0.03345648604269294,2.2820197044334973
G2701390,Minnesota,Scott,1930,1577.0,32.0,1845.0,48.0,0.020291693088142042,1.1699429296131896
G2701410,Minnesota,Sherburne,1930,1214.0,93.0,7468.0,160.0,0.07660626029654036,6.151565074135091
G2701430,Minnesota,Sibley,1930,2215.0,45.0,2714.0,66.0,0.020316027088036117,1.2252821670428893
G2701450,Minnesota,Stearns,1930,4656.0,34.0,1948.0,51.0,0.007302405498281787,0.4183848797250859
G2701470,Minnesota,Steele,1930,1925.0,149.0,7973.0,212.0,0.0774025974025974,4.141818181818182
G2701490,Minnesota,Stevens,1930,1292.0,37.0,1696.0,46.0,0.02863777089783282,1.3126934984520124
G2701510,Minnesota,Swift,1930,1844.0,36.0,2341.0,69.0,0.019522776572668113,1.2695227765726682
G2701530,Minnesota,Todd,1930,3703.0,84.0,3221.0,74.0,0.022684310018903593,0.8698352687010532
G2701550,Minnesota,Traverse,1930,1109.0,5.0,256.0,6.0,0.004508566275924256,0.2308385933273219
G2701570,Minnesota,Wabasha,1930,1782.0,158.0,9328.0,220.0,0.08866442199775533,5.234567901234568
G2701590,Minnesota,Wadena,1930,1405.0,7.0,187.0,4.0,0.00498220640569395,0.13309608540925266
G2701610,Minnesota,Waseca,1930,1678.0,47.0,2515.0,77.0,0.02800953516090584,1.4988081048867699
G2701630,Minnesota,Washington,1930,1963.0,208.0,11699.0,229.0,0.10596026490066225,5.959755476311767
G2701650,Minnesota,Watonwan,1930,1480.0,120.0,6826.0,172.0,0.08108108108108109,4.6121621621621625
G2701670,Minnesota,Wilkin,1930,1198.0,38.0,3466.0,82.0,0.03171953255425709,2.8931552587646077
G2701690,Minnesota,Winona,1930,2158.0,118.0,7133.0,239.0,0.05468025949953661,3.305375347544022
G2701710,Minnesota,Wright,1930,3745.0,32.0,1461.0,39.0,0.008544726301735648,0.3901201602136182
G2701730,Minnesota,Yellow Medicine,1930,2209.0,74.0,5180.0,107.0,0.033499320959710276,2.3449524671797195
G2709999,Minnesota,All Other Counties,1930,0.0,,,,,
G2800010,Mississippi,Adams,1930,1689.0,237.0,20253.0,496.0,0.14031971580817051,11.991119005328597
G2800030,Mississippi,Alcorn,1930,3334.0,2717.0,153490.0,4729.0,0.8149370125974805,46.0377924415117
G2800050,Mississippi,Amite,1930,3535.0,3001.0,194510.0,5392.0,0.848939179632249,55.02404526166902
G2800070,Mississippi,Attala,1930,4342.0,2936.0,138499.0,4564.0,0.676186089359742,31.897512666973746
G2800090,Mississippi,Benton,1930,2110.0,1506.0,81001.0,2440.0,0.7137440758293839,38.38909952606635
G2800110,Mississippi,Bolivar,1930,15932.0,3072.0,196760.0,3945.0,0.1928194828019081,12.349987446648255
G2800130,Mississippi,Calhoun,1930,3237.0,1587.0,67372.0,2379.0,0.4902687673772011,20.813098548038308
G2800150,Mississippi,Carroll,1930,4372.0,783.0,39654.0,1010.0,0.1790942360475755,9.069990850869168
G2800170,Mississippi,Chickasaw,1930,3265.0,459.0,20492.0,636.0,0.14058192955589585,6.276263399693721
G2800190,Mississippi,Choctaw,1930,2204.0,1711.0,79222.0,2510.0,0.7763157894736842,35.94464609800363
G2800210,Mississippi,Claiborne,1930,2053.0,484.0,28918.0,664.0,0.2357525572333171,14.085728202630298
G2800230,Mississippi,Clarke,1930,2252.0,1626.0,150829.0,4161.0,0.7220248667850799,66.97557726465364
G2800250,Mississippi,Clay,1930,2920.0,488.0,22890.0,761.0,0.16712328767123288,7.839041095890411
G2800270,Mississippi,Coahoma,1930,9319.0,4278.0,293076.0,5947.0,0.4590621311299496,31.449297134885718
G2800290,Mississippi,Copiah,1930,4908.0,3788.0,615996.0,15059.0,0.771801140994295,125.50855745721272
G2800310,Mississippi,Covington,1930,2533.0,2347.0,268026.0,7055.0,0.9265692854322938,105.81365969206475
G2800330,Mississippi,DeSoto,1930,5437.0,367.0,28077.0,550.0,0.06750045981239654,5.164061063086261
G2800350,Mississippi,Forrest,1930,1026.0,765.0,68608.0,1958.0,0.7456140350877193,66.86939571150097
G2800370,Mississippi,Franklin,1930,1659.0,858.0,41214.0,1284.0,0.5171790235081374,24.84267631103074
G2800390,Mississippi,George,1930,893.0,813.0,110959.0,3174.0,0.910414333706607,124.2541993281075
G2800410,Mississippi,Greene,1930,955.0,738.0,59718.0,1981.0,0.7727748691099476,62.53193717277487
G2800430,Mississippi,Grenada,1930,2301.0,391.0,19281.0,570.0,0.16992611907866145,8.379400260756192
G2800450,Mississippi,Hancock,1930,563.0,367.0,23857.0,691.0,0.6518650088809946,42.37477797513321
G2800470,Mississippi,Harrison,1930,782.0,603.0,53945.0,1523.0,0.7710997442455243,68.98337595907928
G2800490,Mississippi,Hinds,1930,6609.0,2015.0,151781.0,3819.0,0.3048872749281283,22.965804206385233
G2800510,Mississippi,Holmes,1930,6604.0,3049.0,223784.0,4362.0,0.4616898849182314,33.88612961841309
G2800530,Mississippi,Humphreys,1930,5689.0,926.0,62219.0,1233.0,0.16277025839339077,10.936719985937774
G2800550,Mississippi,Issaquena,1930,1381.0,127.0,12466.0,250.0,0.09196234612599566,9.026792179580015
G2800570,Mississippi,Itawamba,1930,3459.0,2699.0,149672.0,4485.0,0.7802833188782885,43.27030933795895
G2800590,Mississippi,Jackson,1930,563.0,437.0,40321.0,1084.0,0.7761989342806395,71.61811722912967
G2800610,Mississippi,Jasper,1930,3042.0,2658.0,258052.0,6995.0,0.873767258382643,84.82971729125575
G2800630,Mississippi,Jefferson,1930,2611.0,1106.0,55921.0,1349.0,0.42359249329758714,21.41746457296055
G2800650,Mississippi,Jefferson Davis,1930,2913.0,2709.0,270580.0,6783.0,0.9299691040164778,92.88705801579128
G2800670,Mississippi,Jones,1930,3471.0,3127.0,322848.0,9524.0,0.9008931143762604,93.01296456352637
G2800690,Mississippi,Kemper,1930,3962.0,2866.0,237848.0,6638.0,0.723372034326098,60.032306915699145
G2800710,Mississippi,Lafayette,1930,3515.0,2019.0,93620.0,2975.0,0.5743954480796586,26.634423897581794
G2800730,Mississippi,Lamar,1930,1231.0,1023.0,114312.0,3289.0,0.8310316815597075,92.86108854589764
G2800750,Mississippi,Lauderdale,1930,3239.0,2576.0,232894.0,6648.0,0.7953071935782648,71.90305649891943
G2800770,Mississippi,Lawrence,1930,2239.0,1898.0,157397.0,4363.0,0.8476998660116123,70.29790084859312
G2800790,Mississippi,Leake,1930,4240.0,3544.0,221325.0,6603.0,0.8358490566037736,52.199292452830186
G2800810,Mississippi,Lee,1930,5877.0,2723.0,181921.0,5113.0,0.46333163178492426,30.95473881231921
G2800830,Mississippi,Leflore,1930,9739.0,5564.0,364625.0,6890.0,0.571311222918164,37.43967553136872
G2800850,Mississippi,Lincoln,1930,3589.0,2684.0,186053.0,5824.0,0.7478406241292839,51.839788241850094
G2800870,Mississippi,Lowndes,1930,3544.0,1058.0,71552.0,2276.0,0.29853273137697517,20.189616252821672
G2800890,Mississippi,Madison,1930,6478.0,2623.0,167163.0,5098.0,0.4049089225069466,25.804723680148193
G2800910,Mississippi,Marion,1930,2603.0,2309.0,247854.0,5986.0,0.8870533999231656,95.21859393008067
G2800930,Mississippi,Marshall,1930,4794.0,1509.0,72032.0,2064.0,0.31476846057571967,15.025448477263245
G2800950,Mississippi,Monroe,1930,5729.0,2783.0,201835.0,5555.0,0.4857741316111014,35.230406702740446
G2800970,Mississippi,Montgomery,1930,2231.0,1440.0,61567.0,2031.0,0.6454504706409682,27.596145226355894
G2800990,Mississippi,Neshoba,1930,4630.0,4339.0,374211.0,11165.0,0.9371490280777538,80.8231101511879
G2801010,Mississippi,Newton,1930,3793.0,3482.0,306072.0,8653.0,0.9180068547324018,80.69390983390456
G2801030,Mississippi,Noxubee,1930,4647.0,1126.0,95709.0,2536.0,0.24230686464385626,20.595868302130405
G2801050,Mississippi,Oktibbeha,1930,2827.0,518.0,23658.0,749.0,0.1832331093031482,8.368588609833745
G2801070,Mississippi,Panola,1930,5724.0,310.0,23447.0,641.0,0.054157931516422085,4.096261355695318
G2801090,Mississippi,Pearl River,1930,1239.0,989.0,88704.0,2850.0,0.7982243744955609,71.59322033898304
G2801110,Mississippi,Perry,1930,997.0,845.0,75368.0,2277.0,0.847542627883651,75.59478435305918
G2801130,Mississippi,Pike,1930,3062.0,2560.0,196781.0,5433.0,0.8360548661005879,64.26551273677335
G2801150,Mississippi,Pontotoc,1930,4381.0,3296.0,171623.0,5047.0,0.7523396484820817,39.174389408810775
G2801170,Mississippi,Prentiss,1930,3713.0,3126.0,219500.0,5766.0,0.8419068138971182,59.116617290600594
G2801190,Mississippi,Quitman,1930,5717.0,985.0,59984.0,1184.0,0.1722931607486444,10.492216197306279
G2801210,Mississippi,Rankin,1930,3256.0,2484.0,157692.0,4710.0,0.7628992628992629,48.43120393120393
G2801230,Mississippi,Scott,1930,2982.0,2429.0,178016.0,5020.0,0.8145539906103286,59.69684775318578
G2801250,Mississippi,Sharkey,1930,3228.0,1274.0,102927.0,2004.0,0.3946716232961586,31.885687732342006
G2801270,Mississippi,Simpson,1930,3278.0,2805.0,284354.0,7189.0,0.8557046979865772,86.74618669920683
G2801290,Mississippi,Smith,1930,3105.0,2901.0,340693.0,8951.0,0.9342995169082126,109.72399355877617
G2801310,Mississippi,Stone,1930,600.0,458.0,28795.0,849.0,0.7633333333333333,47.99166666666667
G2801330,Mississippi,Sunflower,1930,14694.0,1588.0,198243.0,4015.0,0.10807132162787532,13.491425071457737
G2801350,Mississippi,Tallahatchie,1930,7298.0,2426.0,150894.0,3196.0,0.3324198410523431,20.676075637160867
G2801370,Mississippi,Tate,1930,4098.0,196.0,11308.0,314.0,0.04782820888238165,2.7593948267447534
G2801390,Mississippi,Tippah,1930,3554.0,3219.0,212269.0,6109.0,0.905740011254924,59.72678671918965
G2801410,Mississippi,Tishomingo,1930,2534.0,2157.0,136969.0,3771.0,0.851223362273086,54.052486187845304
G2801430,Mississippi,Tunica,1930,5408.0,1161.0,72316.0,1458.0,0.2146819526627219,13.372041420118343
G2801450,Mississippi,Union,1930,3724.0,3128.0,192337.0,5370.0,0.8399570354457573,51.64795918367347
G2801470,Mississippi,Walthall,1930,2751.0,2494.0,250972.0,6575.0,0.9065794256633951,91.22937113776808
G2801490,Mississippi,Warren,1930,2119.0,101.0,2813.0,61.0,0.04766399244926852,1.3275129778197263
G2801510,Mississippi,Washington,1930,8965.0,1220.0,85986.0,1574.0,0.13608477412158393,9.591299498047965
G2801530,Mississippi,Wayne,1930,1837.0,1541.0,146045.0,3953.0,0.8388677191072401,79.5019052803484
G2801550,Mississippi,Webster,1930,2183.0,1277.0,62521.0,1971.0,0.5849748053137883,28.63994502977554
G2801570,Mississippi,Wilkinson,1930,2040.0,396.0,14216.0,470.0,0.19411764705882353,6.968627450980392
G2801590,Mississippi,Winston,1930,3413.0,2777.0,180900.0,5444.0,0.813653677116906,53.003222970993264
G2801610,Mississippi,Yalobusha,1930,2727.0,554.0,25729.0,765.0,0.20315364869820315,9.434910157682435
G2801630,Mississippi,Yazoo,1930,7166.0,1753.0,148008.0,2911.0,0.24462740720066983,20.654200390734022
G2809999,Mississippi,All Other Counties,1930,0.0,,,,,
G2900010,Missouri,Adair,1930,2170.0,84.0,5763.0,89.0,0.03870967741935484,2.6557603686635947
G2900030,Missouri,Andrew,1930,2239.0,61.0,2833.0,69.0,0.027244305493523895,1.2652970075926753
G2900050,Missouri,Atchison,1930,1612.0,26.0,3277.0,63.0,0.016129032258064516,2.0328784119106698
G2900070,Missouri,Audrain,1930,2197.0,317.0,29401.0,749.0,0.14428766499772416,13.382339553937188
G2900090,Missouri,Barry,1930,3391.0,896.0,34312.0,946.0,0.2642288410498378,10.118549100560307
G2900110,Missouri,Barton,1930,2140.0,872.0,75640.0,2469.0,0.4074766355140187,35.345794392523366
G2900130,Missouri,Bates,1930,3381.0,500.0,36069.0,1188.0,0.14788524105294293,10.668145519077196
G2900150,Missouri,Benton,1930,2045.0,311.0,11747.0,365.0,0.15207823960880196,5.744254278728606
G2900170,Missouri,Bollinger,1930,2135.0,787.0,21154.0,777.0,0.3686182669789227,9.908196721311475
G2900190,Missouri,Boone,1930,2695.0,142.0,11293.0,365.0,0.05269016697588126,4.190352504638219
G2900210,Missouri,Buchanan,1930,2355.0,125.0,10719.0,167.0,0.05307855626326964,4.551592356687898
G2900230,Missouri,Butler,1930,2030.0,83.0,1674.0,52.0,0.040886699507389164,0.8246305418719212
G2900250,Missouri,Caldwell,1930,1820.0,114.0,6095.0,184.0,0.06263736263736264,3.348901098901099
G2900270,Missouri,Callaway,1930,2753.0,229.0,19700.0,384.0,0.08318198329095532,7.155830003632401
G2900290,Missouri,Camden,1930,1463.0,35.0,2563.0,34.0,0.023923444976076555,1.7518796992481203
G2900310,Missouri,Cape Girardeau,1930,2569.0,366.0,17674.0,269.0,0.14246788633709614,6.879719735305566
G2900330,Missouri,Carroll,1930,2768.0,179.0,13826.0,329.0,0.06466763005780347,4.994942196531792
G2900350,Missouri,Carter,1930,586.0,46.0,1089.0,26.0,0.07849829351535836,1.8583617747440273
G2900370,Missouri,Cass,1930,3021.0,439.0,36948.0,1014.0,0.145316120489904,12.23038728897716
G2900390,Missouri,Cedar,1930,2132.0,279.0,12614.0,443.0,0.13086303939962476,5.916510318949343
G2900410,Missouri,Chariton,1930,2927.0,190.0,11410.0,320.0,0.06491288008199522,3.89818927229245
G2900430,Missouri,Christian,1930,2407.0,518.0,23519.0,777.0,0.21520565018695473,9.771084337349398
G2900450,Missouri,Clark,1930,1742.0,77.0,3377.0,69.0,0.04420206659012629,1.9385763490241101
G2900470,Missouri,Clay,1930,1870.0,47.0,4849.0,123.0,0.025133689839572194,2.593048128342246
G2900490,Missouri,Clinton,1930,1528.0,89.0,6364.0,124.0,0.05824607329842932,4.164921465968586
G2900510,Missouri,Cole,1930,1467.0,394.0,20332.0,632.0,0.2685753237900477,13.859577368779822
G2900530,Missouri,Cooper,1930,2264.0,164.0,12065.0,387.0,0.07243816254416961,5.329063604240282
G2900550,Missouri,Crawford,1930,1733.0,194.0,8114.0,236.0,0.11194460473167916,4.68205424120023
G2900570,Missouri,Dade,1930,2207.0,496.0,38565.0,1189.0,0.2247394653375623,17.47394653375623
G2900590,Missouri,Dallas,1930,2012.0,300.0,12483.0,345.0,0.14910536779324055,6.204274353876739
G2900610,Missouri,Daviess,1930,2509.0,96.0,5470.0,199.0,0.038262255878836186,2.1801514547628535
G2900630,Missouri,DeKalb,1930,1909.0,79.0,6056.0,76.0,0.04138292299633316,3.172341540073337
G2900650,Missouri,Dent,1930,1697.0,205.0,5803.0,173.0,0.12080141426045964,3.4195639363582795
G2900670,Missouri,Douglas,1930,2549.0,403.0,9095.0,240.0,0.15810121616320125,3.568065908199294
G2900690,Missouri,Dunklin,1930,3892.0,92.0,3818.0,118.0,0.023638232271325797,0.9809866392600206
G2900710,Missouri,Franklin,1930,3318.0,911.0,36012.0,1144.0,0.2745629897528632,10.853526220614828
G2900730,Missouri,Gasconade,1930,1495.0,484.0,16833.0,533.0,0.3237458193979933,11.25953177257525
G2900750,Missouri,Gentry,1930,2132.0,75.0,5274.0,93.0,0.03517823639774859,2.473733583489681
G2900770,Missouri,Greene,1930,4473.0,874.0,48355.0,1494.0,0.19539458976078694,10.81041806393919
G2900790,Missouri,Grundy,1930,1800.0,163.0,5178.0,151.0,0.09055555555555556,2.8766666666666665
G2900810,Missouri,Harrison,1930,3085.0,208.0,10740.0,281.0,0.06742301458670989,3.4813614262560777
G2900830,Missouri,Henry,1930,2868.0,330.0,20442.0,570.0,0.11506276150627615,7.127615062761507
G2900850,Missouri,Hickory,1930,1351.0,319.0,13045.0,485.0,0.23612139156180606,9.65581051073279
G2900870,Missouri,Holt,1930,1699.0,16.0,6735.0,51.0,0.009417304296645085,3.9640965273690405
G2900890,Missouri,Howard,1930,1679.0,65.0,5882.0,153.0,0.03871351995235259,3.5032757593805837
G2900910,Missouri,Howell,1930,2844.0,530.0,15250.0,445.0,0.18635724331926865,5.362165963431786
G2900930,Missouri,Iron,1930,899.0,136.0,4252.0,108.0,0.15127919911012236,4.729699666295884
G2900950,Missouri,Jackson,1930,3494.0,213.0,20719.0,330.0,0.06096164854035489,5.9298797939324555
G2900970,Missouri,Jasper,1930,3044.0,1101.0,108539.0,3590.0,0.3616951379763469,35.65670170827858
G2900990,Missouri,Jefferson,1930,2127.0,276.0,14839.0,258.0,0.12976022566995768,6.976492712740949
G2901010,Missouri,Johnson,1930,3329.0,257.0,17847.0,534.0,0.07720036046860919,5.36106939020727
G2901030,Missouri,Knox,1930,1743.0,93.0,7941.0,208.0,0.05335628227194492,4.555938037865749
G2901050,Missouri,Laclede,1930,2479.0,491.0,19664.0,581.0,0.1980637353771682,7.932230738200888
G2901070,Missouri,Lafayette,1930,2979.0,212.0,14568.0,310.0,0.0711648204095334,4.8902316213494466
G2901090,Missouri,Lawrence,1930,3082.0,1062.0,63019.0,2169.0,0.3445814406229721,20.447436729396497
G2901110,Missouri,Lewis,1930,1644.0,231.0,12181.0,371.0,0.14051094890510948,7.409367396593674
G2901130,Missouri,Lincoln,1930,2251.0,591.0,49742.0,1392.0,0.26254997778764994,22.097734340293204
G2901150,Missouri,Linn,1930,2357.0,549.0,20832.0,818.0,0.23292320746711923,8.838353839626643
G2901170,Missouri,Livingston,1930,2007.0,108.0,8084.0,172.0,0.053811659192825115,4.027902341803687
G2901190,Missouri,McDonald,1930,2468.0,258.0,7807.0,223.0,0.10453808752025932,3.163290113452188
G2901210,Missouri,Macon,1930,3439.0,279.0,18592.0,475.0,0.08112823495202094,5.406222739168363
G2901230,Missouri,Madison,1930,985.0,239.0,8208.0,270.0,0.24263959390862944,8.332994923857868
G2901250,Missouri,Maries,1930,1504.0,296.0,9536.0,317.0,0.19680851063829788,6.340425531914893
G2901270,Missouri,Marion,1930,1581.0,423.0,30974.0,945.0,0.2675521821631879,19.591397849462364
G2901290,Missouri,Mercer,1930,1828.0,158.0,6551.0,192.0,0.08643326039387308,3.583698030634573
G2901310,Missouri,Miller,1930,1978.0,370.0,16116.0,537.0,0.1870576339737108,8.147623862487361
G2901330,Missouri,Mississippi,1930,1876.0,25.0,3045.0,89.0,0.013326226012793176,1.623134328358209
G2901350,Missouri,Moniteau,1930,1791.0,350.0,16962.0,551.0,0.1954215522054718,9.470686767169179
G2901370,Missouri,Monroe,1930,2375.0,299.0,24620.0,698.0,0.12589473684210525,10.366315789473685
G2901390,Missouri,Montgomery,1930,1867.0,362.0,25513.0,768.0,0.19389394750937333,13.66523835029459
G2901410,Missouri,Morgan,1930,1719.0,320.0,20975.0,540.0,0.18615474112856312,12.201861547411285
G2901430,Missouri,New Madrid,1930,3825.0,29.0,2067.0,65.0,0.007581699346405229,0.5403921568627451
G2901450,Missouri,Newton,1930,3380.0,645.0,46181.0,1544.0,0.1908284023668639,13.66301775147929
G2901470,Missouri,Nodaway,1930,3437.0,144.0,12442.0,348.0,0.04189700320046552,3.620017457084667
G2901490,Missouri,Oregon,1930,1797.0,307.0,6821.0,196.0,0.17084028937117418,3.795770728992766
G2901510,Missouri,Osage,1930,1880.0,201.0,7840.0,290.0,0.10691489361702128,4.170212765957447
G2901530,Missouri,Ozark,1930,1804.0,294.0,7951.0,214.0,0.1629711751662971,4.407427937915743
G2901550,Missouri,Pemiscot,1930,5546.0,12.0,1255.0,40.0,0.002163721601153985,0.22628921745402092
G2901570,Missouri,Perry,1930,1802.0,507.0,23006.0,435.0,0.281354051054384,12.766925638179801
G2901590,Missouri,Pettis,1930,2813.0,307.0,23878.0,661.0,0.10913615357269818,8.488446498400284
G2901610,Missouri,Phelps,1930,1804.0,325.0,13288.0,390.0,0.1801552106430155,7.365853658536586
G2901630,Missouri,Pike,1930,2357.0,544.0,54112.0,1649.0,0.23080186677980483,22.957997454391176
G2901650,Missouri,Platte,1930,1803.0,79.0,7329.0,236.0,0.043815862451469775,4.064891846921797
G2901670,Missouri,Polk,1930,3259.0,717.0,33179.0,1162.0,0.22000613685179504,10.180730285363609
G2901690,Missouri,Pulaski,1930,1454.0,164.0,5048.0,168.0,0.11279229711141678,3.4718019257221457
G2901710,Missouri,Putnam,1930,2076.0,286.0,12608.0,367.0,0.13776493256262043,6.073217726396917
G2901730,Missouri,Ralls,1930,1651.0,224.0,22750.0,703.0,0.13567534827377348,13.779527559055119
G2901750,Missouri,Randolph,1930,2182.0,207.0,12716.0,312.0,0.09486709440879927,5.827681026581118
G2901770,Missouri,Ray,1930,2707.0,71.0,5419.0,146.0,0.026228297007757664,2.0018470631695604
G2901790,Missouri,Reynolds,1930,1306.0,62.0,2732.0,67.0,0.04747320061255743,2.091883614088821
G2901810,Missouri,Ripley,1930,1578.0,509.0,10695.0,345.0,0.3225602027883397,6.777566539923955
G2901830,Missouri,St Charles,1930,2021.0,522.0,36171.0,834.0,0.2582879762493815,17.89757545769421
G2901850,Missouri,St Clair,1930,2407.0,342.0,19107.0,625.0,0.14208558371416702,7.938097216452015
G2901860,Missouri,Ste Genevieve,1930,1204.0,278.0,14051.0,283.0,0.23089700996677742,11.670265780730897
G2901870,Missouri,St Francois,1930,1393.0,401.0,22685.0,715.0,0.28786791098348885,16.28499641062455
G2901890,Missouri,St Louis,1930,3058.0,921.0,117413.0,1413.0,0.30117724002616086,38.39535644211903
G2901950,Missouri,Saline,1930,2764.0,109.0,8506.0,194.0,0.0394356005788712,3.077424023154848
G2901970,Missouri,Schuyler,1930,1146.0,104.0,6984.0,183.0,0.09075043630017451,6.0942408376963355
G2901990,Missouri,Scotland,1930,1614.0,78.0,4158.0,81.0,0.048327137546468404,2.576208178438662
G2902010,Missouri,Scott,1930,1706.0,37.0,2559.0,27.0,0.021688159437280186,1.5
G2902030,Missouri,Shannon,1930,1416.0,114.0,3116.0,94.0,0.08050847457627118,2.2005649717514126
G2902050,Missouri,Shelby,1930,1946.0,280.0,19487.0,630.0,0.14388489208633093,10.01387461459404
G2902070,Missouri,Stoddard,1930,3543.0,61.0,5191.0,128.0,0.017217047699689528,1.4651425345752187
G2902090,Missouri,Stone,1930,1930.0,344.0,8626.0,278.0,0.17823834196891192,4.469430051813472
G2902110,Missouri,Sullivan,1930,2641.0,273.0,12676.0,436.0,0.10336993563044301,4.799697084437713
G2902130,Missouri,Taney,1930,1232.0,61.0,2095.0,45.0,0.049512987012987016,1.7004870129870129
G2902150,Missouri,Texas,1930,3346.0,1068.0,34151.0,1082.0,0.31918708906156606,10.206515242080096
G2902170,Missouri,Vernon,1930,3206.0,630.0,38131.0,1147.0,0.1965065502183406,11.893636930754834
G2902190,Missouri,Warren,1930,1195.0,346.0,25554.0,643.0,0.2895397489539749,21.384100418410043
G2902210,Missouri,Washington,1930,1487.0,219.0,12285.0,444.0,0.1472763954270343,8.261600537995966
G2902230,Missouri,Wayne,1930,1647.0,191.0,4443.0,138.0,0.11596842744383729,2.697632058287796
G2902250,Missouri,Webster,1930,2732.0,953.0,32578.0,1135.0,0.3488286969253294,11.924597364568083
G2902270,Missouri,Worth,1930,1209.0,26.0,2266.0,73.0,0.021505376344086023,1.8742762613730355
G2902290,Missouri,Wright,1930,2788.0,833.0,20854.0,594.0,0.29878048780487804,7.479913916786226
G2905100,Missouri,St Louis City,1930,43.0,28.0,5505.0,36.0,0.6511627906976745,128.02325581395348
G2909999,Missouri,All Other Counties,1930,0.0,,,,,
G3000010,Montana,Beaverhead,1930,581.0,,,,,
G3000030,Montana,Big Horn,1930,1086.0,9.0,659.0,5.0,0.008287292817679558,0.6068139963167587
G3000050,Montana,Blaine,1930,1288.0,2.0,160.0,0.0,0.0015527950310559005,0.12422360248447205
G3000070,Montana,Broadwater,1930,328.0,0.0,0.0,0.0,0.0,0.0
G3000090,Montana,Carbon,1930,1170.0,15.0,1986.0,11.0,0.01282051282051282,1.6974358974358974
G3000110,Montana,Carter,1930,848.0,2.0,500.0,0.0,0.0023584905660377358,0.589622641509434
G3000130,Montana,Cascade,1930,1404.0,8.0,450.0,2.0,0.005698005698005698,0.32051282051282054
G3000150,Montana,Chouteau,1930,1587.0,0.0,0.0,0.0,0.0,0.0
G3000170,Montana,Custer,1930,715.0,4.0,735.0,0.0,0.005594405594405594,1.027972027972028
G3000190,Montana,Daniels,1930,906.0,3.0,68.0,0.0,0.0033112582781456954,0.07505518763796909
G3000210,Montana,Dawson,1930,1018.0,2.0,105.0,1.0,0.0019646365422396855,0.1031434184675835
G3000230,Montana,Deer Lodge,1930,142.0,2.0,40.0,0.0,0.014084507042253521,0.28169014084507044
G3000250,Montana,Fallon,1930,650.0,0.0,0.0,0.0,0.0,0.0
G3000270,Montana,Fergus,1930,2073.0,13.0,371.0,11.0,0.006271104679208876,0.1789676796912687
G3000290,Montana,Flathead,1930,1349.0,14.0,780.0,12.0,0.010378057820607857,0.5782060785767235
G3000310,Montana,Gallatin,1930,1336.0,4.0,1050.0,13.0,0.0029940119760479044,0.7859281437125748
G3000330,Montana,Garfield,1930,1077.0,0.0,0.0,0.0,0.0,0.0
G3000350,Montana,Glacier,1930,455.0,0.0,0.0,0.0,0.0,0.0
G3000370,Montana,Golden Valley,1930,387.0,1.0,20.0,0.0,0.002583979328165375,0.05167958656330749
G3000390,Montana,Granite,1930,247.0,1.0,17.0,0.0,0.004048582995951417,0.06882591093117409
G3000410,Montana,Hill,1930,1423.0,3.0,108.0,0.0,0.0021082220660576245,0.0758959943780745
G3000430,Montana,Jefferson,1930,385.0,0.0,0.0,0.0,0.0,0.0
G3000450,Montana,Judith Basin,1930,776.0,0.0,0.0,0.0,0.0,0.0
G3000470,Montana,Lake,1930,1197.0,7.0,1119.0,31.0,0.005847953216374269,0.9348370927318296
G3000490,Montana,Lewis And Clark,1930,612.0,4.0,665.0,0.0,0.006535947712418301,1.0866013071895424
G3000510,Montana,Liberty,1930,402.0,1.0,6.0,0.0,0.0024875621890547263,0.014925373134328358
G3000530,Montana,Lincoln,1930,503.0,20.0,321.0,9.0,0.039761431411530816,0.6381709741550696
G3000550,Montana,McCone,1930,1041.0,0.0,0.0,0.0,0.0,0.0
G3000570,Montana,Madison,1930,748.0,2.0,190.0,2.0,0.00267379679144385,0.2540106951871658
G3000590,Montana,Meagher,1930,276.0,0.0,0.0,0.0,0.0,0.0
G3000610,Montana,Mineral,1930,96.0,1.0,265.0,0.0,0.010416666666666666,2.7604166666666665
G3000630,Montana,Missoula,1930,688.0,24.0,2404.0,28.0,0.03488372093023256,3.494186046511628
G3000650,Montana,Musselshell,1930,525.0,2.0,87.0,0.0,0.0038095238095238095,0.1657142857142857
G3000670,Montana,Park,1930,656.0,3.0,852.0,1.0,0.004573170731707317,1.298780487804878
G3000690,Montana,Petroleum,1930,363.0,0.0,0.0,0.0,0.0,0.0
G3000710,Montana,Phillips,1930,1476.0,1.0,125.0,0.0,0.0006775067750677507,0.08468834688346884
G3000730,Montana,Pondera,1930,919.0,0.0,0.0,0.0,0.0,0.0
G3000750,Montana,Powder River,1930,896.0,0.0,0.0,0.0,0.0,0.0
G3000770,Montana,Powell,1930,343.0,2.0,165.0,5.0,0.0058309037900874635,0.48104956268221577
G3000790,Montana,Prairie,1930,559.0,3.0,466.0,0.0,0.005366726296958855,0.8336314847942755
G3000810,Montana,Ravalli,1930,1286.0,41.0,10480.0,41.0,0.03188180404354588,8.149300155520995
G3000830,Montana,Richland,1930,1341.0,31.0,1859.0,29.0,0.023117076808351976,1.3862788963460104
G3000850,Montana,Roosevelt,1930,1276.0,4.0,665.0,21.0,0.003134796238244514,0.5211598746081505
G3000870,Montana,Rosebud,1930,940.0,3.0,250.0,8.0,0.0031914893617021275,0.26595744680851063
G3000890,Montana,Sanders,1930,663.0,31.0,812.0,3.0,0.04675716440422323,1.2247360482654601
G3000910,Montana,Sheridan,1930,1492.0,0.0,0.0,0.0,0.0,0.0
G3000930,Montana,Silver Bow,1930,212.0,1.0,300.0,0.0,0.0047169811320754715,1.4150943396226414
G3000950,Montana,Stillwater,1930,962.0,2.0,172.0,3.0,0.002079002079002079,0.1787941787941788
G3000970,Montana,Sweet Grass,1930,532.0,0.0,0.0,0.0,0.0,0.0
G3000990,Montana,Teton,1930,1023.0,3.0,25.0,0.0,0.002932551319648094,0.024437927663734114
G3001010,Montana,Toole,1930,597.0,1.0,5.0,0.0,0.0016750418760469012,0.008375209380234505
G3001030,Montana,Treasure,1930,266.0,3.0,173.0,2.0,0.011278195488721804,0.650375939849624
G3001050,Montana,Valley,1930,1833.0,4.0,511.0,0.0,0.002182214948172395,0.27877795962902346
G3001070,Montana,Wheatland,1930,324.0,0.0,0.0,0.0,0.0,0.0
G3001090,Montana,Wibaux,1930,469.0,1.0,25.0,0.0,0.0021321961620469083,0.053304904051172705
G3001110,Montana,Yellowstone,1930,1748.0,25.0,956.0,10.0,0.014302059496567507,0.5469107551487414
G3001130,Montana,Yellowstone National Park,1930,0.0,,,,,
G3009999,Montana,All Other Counties,1930,0.0,,,,,
G3100010,Nebraska,Adams,1930,1715.0,3.0,75.0,0.0,0.001749271137026239,0.043731778425655975
G3100030,Nebraska,Antelope,1930,2154.0,13.0,1013.0,30.0,0.0060352831940575676,0.4702878365831012
G3100050,Nebraska,Arthur,1930,238.0,1.0,125.0,5.0,0.004201680672268907,0.5252100840336135
G3100070,Nebraska,Banner,1930,342.0,0.0,0.0,0.0,0.0,0.0
G3100090,Nebraska,Blaine,1930,278.0,0.0,0.0,0.0,0.0,0.0
G3100110,Nebraska,Boone,1930,1985.0,2.0,170.0,5.0,0.0010075566750629723,0.08564231738035265
G3100130,Nebraska,Box Butte,1930,914.0,6.0,287.0,9.0,0.006564551422319475,0.31400437636761486
G3100150,Nebraska,Boyd,1930,1048.0,5.0,309.0,8.0,0.004770992366412214,0.2948473282442748
G3100170,Nebraska,Brown,1930,706.0,2.0,160.0,4.0,0.0028328611898017,0.22662889518413598
G3100190,Nebraska,Buffalo,1930,2429.0,36.0,2274.0,67.0,0.014820913956360642,0.9361877315767806
G3100210,Nebraska,Burt,1930,1569.0,11.0,642.0,4.0,0.007010834926704908,0.4091778202676864
G3100230,Nebraska,Butler,1930,1883.0,10.0,882.0,8.0,0.0053106744556558685,0.4684014869888476
G3100250,Nebraska,Cass,1930,2060.0,12.0,1168.0,0.0,0.005825242718446602,0.566990291262136
G3100270,Nebraska,Cedar,1930,2193.0,14.0,536.0,12.0,0.006383948928408573,0.2444140446876425
G3100290,Nebraska,Chase,1930,766.0,2.0,105.0,4.0,0.0026109660574412533,0.1370757180156658
G3100310,Nebraska,Cherry,1930,1480.0,7.0,265.0,0.0,0.00472972972972973,0.17905405405405406
G3100330,Nebraska,Cheyenne,1930,1116.0,8.0,448.0,11.0,0.007168458781362007,0.4014336917562724
G3100350,Nebraska,Clay,1930,1782.0,9.0,1796.0,13.0,0.005050505050505051,1.0078563411896746
G3100370,Nebraska,Colfax,1930,1393.0,8.0,590.0,14.0,0.00574300071787509,0.4235463029432879
G3100390,Nebraska,Cuming,1930,1943.0,14.0,592.0,16.0,0.007205352547606794,0.3046834791559444
G3100410,Nebraska,Custer,1930,3735.0,3.0,197.0,6.0,0.0008032128514056225,0.052744310575635875
G3100430,Nebraska,Dakota,1930,844.0,17.0,1244.0,32.0,0.02014218009478673,1.4739336492890995
G3100450,Nebraska,Dawes,1930,870.0,6.0,720.0,8.0,0.006896551724137931,0.8275862068965517
G3100470,Nebraska,Dawson,1930,2086.0,6.0,137.0,5.0,0.0028763183125599234,0.06567593480345159
G3100490,Nebraska,Deuel,1930,500.0,0.0,0.0,0.0,0.0,0.0
G3100510,Nebraska,Dixon,1930,1530.0,11.0,991.0,1.0,0.00718954248366013,0.6477124183006536
G3100530,Nebraska,Dodge,1930,1878.0,13.0,2793.0,33.0,0.006922257720979766,1.487220447284345
G3100550,Nebraska,Douglas,1930,1883.0,54.0,5483.0,58.0,0.02867764206054169,2.9118428040361124
G3100570,Nebraska,Dundy,1930,709.0,3.0,163.0,0.0,0.004231311706629055,0.229901269393512
G3100590,Nebraska,Fillmore,1930,1872.0,13.0,895.0,28.0,0.006944444444444444,0.4780982905982906
G3100610,Nebraska,Franklin,1930,1398.0,1.0,5.0,0.0,0.000715307582260372,0.00357653791130186
G3100630,Nebraska,Frontier,1930,1367.0,7.0,917.0,24.0,0.005120702267739576,0.6708119970738844
G3100650,Nebraska,Furnas,1930,1549.0,6.0,196.0,1.0,0.003873466752743706,0.1265332472562944
G3100670,Nebraska,Gage,1930,2898.0,6.0,780.0,3.0,0.002070393374741201,0.2691511387163561
G3100690,Nebraska,Garden,1930,710.0,5.0,730.0,17.0,0.007042253521126761,1.028169014084507
G3100710,Nebraska,Garfield,1930,445.0,2.0,39.0,2.0,0.0044943820224719105,0.08764044943820225
G3100730,Nebraska,Gosper,1930,846.0,0.0,0.0,0.0,0.0,0.0
G3100750,Nebraska,Grant,1930,121.0,0.0,0.0,0.0,0.0,0.0
G3100770,Nebraska,Greeley,1930,1173.0,1.0,18.0,1.0,0.0008525149190110827,0.015345268542199489
G3100790,Nebraska,Hall,1930,1628.0,28.0,1046.0,33.0,0.0171990171990172,0.6425061425061425
G3100810,Nebraska,Hamilton,1930,1766.0,4.0,43.0,1.0,0.0022650056625141564,0.02434881087202718
G3100830,Nebraska,Harlan,1930,1257.0,0.0,0.0,0.0,0.0,0.0
G3100850,Nebraska,Hayes,1930,646.0,1.0,365.0,9.0,0.0015479876160990713,0.565015479876161
G3100870,Nebraska,Hitchcock,1930,942.0,0.0,0.0,0.0,0.0,0.0
G3100890,Nebraska,Holt,1930,2410.0,7.0,954.0,29.0,0.002904564315352697,0.395850622406639
G3100910,Nebraska,Hooker,1930,144.0,0.0,0.0,0.0,0.0,0.0
G3100930,Nebraska,Howard,1930,1553.0,6.0,284.0,8.0,0.0038634900193174502,0.1828718609143593
G3100950,Nebraska,Jefferson,1930,1716.0,5.0,485.0,0.0,0.002913752913752914,0.28263403263403264
G3100970,Nebraska,Johnson,1930,1303.0,6.0,202.0,7.0,0.004604758250191865,0.15502686108979277
G3100990,Nebraska,Kearney,1930,1249.0,8.0,719.0,21.0,0.006405124099279423,0.5756605284227382
G3101010,Nebraska,Keith,1930,779.0,5.0,405.0,1.0,0.006418485237483954,0.5198973042362003
G3101030,Nebraska,Keya Paha,1930,576.0,0.0,0.0,0.0,0.0,0.0
G3101050,Nebraska,Kimball,1930,600.0,2.0,29.0,1.0,0.0033333333333333335,0.04833333333333333
G3101070,Nebraska,Knox,1930,2632.0,12.0,1415.0,3.0,0.004559270516717325,0.537613981762918
G3101090,Nebraska,Lancaster,1930,3170.0,20.0,1331.0,3.0,0.006309148264984227,0.41987381703470034
G3101110,Nebraska,Lincoln,1930,2189.0,5.0,699.0,8.0,0.0022841480127912287,0.3193238921882138
G3101130,Nebraska,Logan,1930,288.0,1.0,100.0,0.0,0.003472222222222222,0.3472222222222222
G3101150,Nebraska,Loup,1930,317.0,0.0,0.0,0.0,0.0,0.0
G3101170,Nebraska,McPherson,1930,275.0,0.0,0.0,0.0,0.0,0.0
G3101190,Nebraska,Madison,1930,1986.0,24.0,1230.0,7.0,0.012084592145015106,0.6193353474320241
G3101210,Nebraska,Merrick,1930,1390.0,7.0,472.0,14.0,0.005035971223021582,0.339568345323741
G3101230,Nebraska,Morrill,1930,1081.0,13.0,2042.0,5.0,0.012025901942645698,1.8889916743755781
G3101250,Nebraska,Nance,1930,1197.0,0.0,0.0,0.0,0.0,0.0
G3101270,Nebraska,Nemaha,1930,1511.0,13.0,1253.0,28.0,0.008603573792190603,0.8292521508934481
G3101290,Nebraska,Nuckolls,1930,1587.0,5.0,504.0,15.0,0.00315059861373661,0.31758034026465026
G3101310,Nebraska,Otoe,1930,2280.0,8.0,248.0,5.0,0.0035087719298245615,0.10877192982456141
G3101330,Nebraska,Pawnee,1930,1409.0,3.0,58.0,2.0,0.0021291696238466998,0.0411639460610362
G3101350,Nebraska,Perkins,1930,1034.0,1.0,146.0,4.0,0.0009671179883945841,0.14119922630560927
G3101370,Nebraska,Phelps,1930,1196.0,4.0,53.0,1.0,0.0033444816053511705,0.04431438127090301
G3101390,Nebraska,Pierce,1930,1602.0,11.0,845.0,2.0,0.00686641697877653,0.5274656679151061
G3101410,Nebraska,Platte,1930,2174.0,16.0,863.0,1.0,0.007359705611775529,0.3969641214351426
G3101430,Nebraska,Polk,1930,1507.0,6.0,299.0,1.0,0.003981420039814201,0.19840743198407432
G3101450,Nebraska,Red Willow,1930,1189.0,5.0,610.0,15.0,0.004205214465937763,0.5130361648444071
G3101470,Nebraska,Richardson,1930,1964.0,7.0,598.0,11.0,0.003564154786150713,0.3044806517311609
G3101490,Nebraska,Rock,1930,531.0,1.0,60.0,2.0,0.0018832391713747645,0.11299435028248588
G3101510,Nebraska,Saline,1930,2087.0,4.0,64.0,2.0,0.0019166267369429804,0.030666027791087687
G3101530,Nebraska,Sarpy,1930,1062.0,3.0,625.0,0.0,0.002824858757062147,0.588512241054614
G3101550,Nebraska,Saunders,1930,2699.0,12.0,383.0,11.0,0.00444609114486847,0.14190440904038532
G3101570,Nebraska,Scotts Bluff,1930,1793.0,41.0,3487.0,21.0,0.02286670384829894,1.9447852760736197
G3101590,Nebraska,Seward,1930,2132.0,8.0,245.0,0.0,0.00375234521575985,0.1149155722326454
G3101610,Nebraska,Sheridan,1930,1303.0,0.0,0.0,0.0,0.0,0.0
G3101630,Nebraska,Sherman,1930,1466.0,11.0,396.0,6.0,0.007503410641200546,0.27012278308321963
G3101650,Nebraska,Sioux,1930,785.0,6.0,234.0,2.0,0.007643312101910828,0.2980891719745223
G3101670,Nebraska,Stanton,1930,1225.0,8.0,562.0,9.0,0.006530612244897959,0.45877551020408164
G3101690,Nebraska,Thayer,1930,1713.0,3.0,259.0,1.0,0.0017513134851138354,0.15119673088149446
G3101710,Nebraska,Thomas,1930,174.0,3.0,251.0,8.0,0.017241379310344827,1.4425287356321839
G3101730,Nebraska,Thurston,1930,1234.0,6.0,486.0,0.0,0.004862236628849271,0.39384116693679094
G3101750,Nebraska,Valley,1930,1300.0,3.0,705.0,0.0,0.002307692307692308,0.5423076923076923
G3101770,Nebraska,Washington,1930,1612.0,9.0,548.0,0.0,0.005583126550868486,0.3399503722084367
G3101790,Nebraska,Wayne,1930,1482.0,6.0,556.0,4.0,0.004048582995951417,0.37516869095816463
G3101810,Nebraska,Webster,1930,1535.0,4.0,168.0,0.0,0.0026058631921824105,0.10944625407166124
G3101830,Nebraska,Wheeler,1930,371.0,2.0,74.0,2.0,0.005390835579514825,0.19946091644204852
G3101850,Nebraska,York,1930,1999.0,5.0,563.0,0.0,0.0025012506253126563,0.2816408204102051
G3109999,Nebraska,All Other Counties,1930,0.0,,,,,
G3200010,Nevada,Churchill,1930,614.0,1.0,200.0,8.0,0.0016286644951140066,0.3257328990228013
G3200030,Nevada,Clark,1930,294.0,22.0,3091.0,40.0,0.07482993197278912,10.513605442176871
G3200050,Nevada,Douglas,1930,135.0,3.0,290.0,0.0,0.022222222222222223,2.1481481481481484
G3200070,Nevada,Elko,1930,518.0,1.0,12.0,0.0,0.0019305019305019305,0.023166023166023165
G3200090,Nevada,Esmeralda,1930,24.0,0.0,0.0,0.0,0.0,0.0
G3200110,Nevada,Eureka,1930,76.0,0.0,0.0,0.0,0.0,0.0
G3200130,Nevada,Humboldt,1930,195.0,0.0,0.0,0.0,0.0,0.0
G3200150,Nevada,Lander,1930,44.0,1.0,20.0,1.0,0.022727272727272728,0.45454545454545453
G3200170,Nevada,Lincoln,1930,155.0,0.0,0.0,0.0,0.0,0.0
G3200190,Nevada,Lyon,1930,339.0,2.0,150.0,3.0,0.0058997050147492625,0.4424778761061947
G3200210,Nevada,Mineral,1930,88.0,0.0,0.0,0.0,0.0,0.0
G3200230,Nevada,Nye,1930,142.0,0.0,0.0,0.0,0.0,0.0
G3200250,Nevada,Ormsby,1930,33.0,2.0,100.0,0.0,0.06060606060606061,3.0303030303030303
G3200270,Nevada,Pershing,1930,119.0,2.0,147.0,1.0,0.01680672268907563,1.2352941176470589
G3200290,Nevada,Storey,1930,9.0,0.0,0.0,0.0,0.0,0.0
G3200310,Nevada,Washoe,1930,474.0,4.0,1030.0,25.0,0.008438818565400843,2.172995780590717
G3200330,Nevada,White Pine,1930,183.0,3.0,490.0,15.0,0.01639344262295082,2.6775956284153004
G3209999,Nevada,All Other Counties,1930,0.0,,,,,
G3300010,New Hampshire,Belknap,1930,766.0,371.0,24157.0,642.0,0.48433420365535246,31.536553524804177
G3300030,New Hampshire,Carroll,1930,981.0,532.0,22816.0,541.0,0.5423037716615698,23.257900101936798
G3300050,New Hampshire,Cheshire,1930,1102.0,562.0,40863.0,1268.0,0.5099818511796733,37.08076225045372
G3300070,New Hampshire,Coos,1930,1214.0,646.0,54457.0,1372.0,0.5321252059308073,44.857495881383855
G3300090,New Hampshire,Grafton,1930,2077.0,948.0,50069.0,1213.0,0.45642753972075106,24.106403466538275
G3300110,New Hampshire,Hillsborough,1930,2030.0,910.0,73255.0,1964.0,0.4482758620689655,36.08620689655172
G3300130,New Hampshire,Merrimack,1930,1997.0,866.0,50650.0,1458.0,0.43365047571357035,25.363044566850274
G3300150,New Hampshire,Rockingham,1930,2458.0,1045.0,74335.0,1801.0,0.42514239218877137,30.24206672091131
G3300170,New Hampshire,Strafford,1930,951.0,484.0,28383.0,711.0,0.508937960042061,29.845425867507885
G3300190,New Hampshire,Sullivan,1930,1330.0,596.0,20929.0,530.0,0.4481203007518797,15.73609022556391
G3309999,New Hampshire,All Other Counties,1930,0.0,,,,,
G3400010,New Jersey,Atlantic,1930,1572.0,954.0,264870.0,5986.0,0.6068702290076335,168.49236641221373
G3400030,New Jersey,Bergen,1930,811.0,419.0,217013.0,3641.0,0.5166461159062885,267.5869297163995
G3400050,New Jersey,Burlington,1930,1948.0,1493.0,685992.0,16501.0,0.7664271047227926,352.15195071868584
G3400070,New Jersey,Camden,1930,882.0,651.0,239470.0,5726.0,0.7380952380952381,271.5079365079365
G3400090,New Jersey,Cape May,1930,383.0,268.0,50174.0,1289.0,0.6997389033942559,131.00261096605743
G3400110,New Jersey,Cumberland,1930,2587.0,1709.0,887659.0,22633.0,0.6606107460378817,343.12292230382684
G3400130,New Jersey,Essex,1930,247.0,148.0,60813.0,1494.0,0.5991902834008097,246.20647773279353
G3400150,New Jersey,Gloucester,1930,2347.0,1679.0,1029033.0,23247.0,0.7153813378781423,438.4461014060503
G3400170,New Jersey,Hudson,1930,76.0,31.0,16730.0,234.0,0.40789473684210525,220.1315789473684
G3400190,New Jersey,Hunterdon,1930,2465.0,1569.0,190307.0,6544.0,0.6365111561866126,77.20365111561865
G3400210,New Jersey,Mercer,1930,1131.0,887.0,385225.0,10762.0,0.784261715296198,340.605658709107
G3400230,New Jersey,Middlesex,1930,1096.0,824.0,414348.0,12299.0,0.7518248175182481,378.05474452554745
G3400250,New Jersey,Monmouth,1930,2228.0,1656.0,861255.0,21039.0,0.7432675044883303,386.5596947935368
G3400270,New Jersey,Morris,1930,1128.0,614.0,121732.0,2974.0,0.5443262411347518,107.91843971631205
G3400290,New Jersey,Ocean,1930,630.0,319.0,39966.0,815.0,0.5063492063492063,63.43809523809524
G3400310,New Jersey,Passaic,1930,412.0,174.0,72988.0,1093.0,0.4223300970873786,177.15533980582524
G3400330,New Jersey,Salem,1930,1426.0,1279.0,651500.0,15747.0,0.896914446002805,456.87237026647966
G3400350,New Jersey,Somerset,1930,1258.0,844.0,145962.0,3421.0,0.670906200317965,116.02702702702703
G3400370,New Jersey,Sussex,1930,1155.0,481.0,70591.0,1868.0,0.41645021645021646,61.11774891774892
G3400390,New Jersey,Union,1930,285.0,164.0,74519.0,1598.0,0.5754385964912281,261.47017543859647
G3400410,New Jersey,Warren,1930,1311.0,785.0,103221.0,3450.0,0.5987795575896262,78.7345537757437
G3409999,New Jersey,All Other Counties,1930,0.0,,,,,
G3500010,New Mexico,Bernalillo,1930,1248.0,44.0,2402.0,40.0,0.035256410256410256,1.9246794871794872
G3500030,New Mexico,Catron,1930,438.0,0.0,0.0,0.0,0.0,0.0
G3500050,New Mexico,Chaves,1930,883.0,135.0,16559.0,598.0,0.15288788221970556,18.753114382785956
G3500070,New Mexico,Colfax,1930,798.0,11.0,2152.0,0.0,0.013784461152882205,2.6967418546365916
G3500090,New Mexico,Curry,1930,1263.0,3.0,195.0,3.0,0.0023752969121140144,0.1543942992874109
G3500110,New Mexico,De Baca,1930,352.0,36.0,2574.0,100.0,0.10227272727272728,7.3125
G3500130,New Mexico,Dona Ana,1930,2129.0,277.0,48605.0,803.0,0.13010803193987788,22.82996712071395
G3500150,New Mexico,Eddy,1930,1054.0,127.0,17970.0,671.0,0.1204933586337761,17.04933586337761
G3500170,New Mexico,Grant,1930,576.0,0.0,0.0,0.0,0.0,0.0
G3500190,New Mexico,Guadalupe,1930,596.0,8.0,308.0,0.0,0.013422818791946308,0.5167785234899329
G3500210,New Mexico,Harding,1930,628.0,0.0,0.0,0.0,0.0,0.0
G3500230,New Mexico,Hidalgo,1930,335.0,0.0,0.0,0.0,0.0,0.0
G3500250,New Mexico,Lea,1930,610.0,2.0,45.0,1.0,0.003278688524590164,0.07377049180327869
G3500270,New Mexico,Lincoln,1930,569.0,1.0,15.0,0.0,0.0017574692442882249,0.026362038664323375
G3500290,New Mexico,Luna,1930,235.0,5.0,806.0,1.0,0.02127659574468085,3.429787234042553
G3500310,New Mexico,McKinley,1930,996.0,0.0,0.0,0.0,0.0,0.0
G3500330,New Mexico,Mora,1930,1318.0,7.0,76.0,0.0,0.005311077389984826,0.057663125948406675
G3500350,New Mexico,Otero,1930,537.0,17.0,1688.0,30.0,0.03165735567970205,3.143389199255121
G3500370,New Mexico,Quay,1930,1176.0,0.0,0.0,0.0,0.0,0.0
G3500390,New Mexico,Rio Arriba,1930,2492.0,25.0,797.0,17.0,0.010032102728731942,0.3198234349919743
G3500410,New Mexico,Roosevelt,1930,1579.0,26.0,657.0,24.0,0.016466117796073463,0.4160861304623179
G3500430,New Mexico,Sandoval,1930,1309.0,18.0,914.0,21.0,0.013750954927425516,0.6982429335370511
G3500450,New Mexico,San Juan,1930,1422.0,38.0,885.0,18.0,0.026722925457102673,0.6223628691983122
G3500470,New Mexico,San Miguel,1930,1670.0,11.0,309.0,0.0,0.006586826347305389,0.18502994011976048
G3500490,New Mexico,Santa Fe,1930,687.0,16.0,343.0,9.0,0.023289665211062592,0.4992721979621543
G3500510,New Mexico,Sierra,1930,449.0,4.0,77.0,3.0,0.008908685968819599,0.1714922048997773
G3500530,New Mexico,Socorro,1930,849.0,3.0,35.0,0.0,0.0035335689045936395,0.04122497055359246
G3500550,New Mexico,Taos,1930,1423.0,18.0,857.0,0.0,0.012649332396345749,0.6022487702037947
G3500570,New Mexico,Torrance,1930,1055.0,0.0,0.0,0.0,0.0,0.0
G3500590,New Mexico,Union,1930,1454.0,0.0,0.0,0.0,0.0,0.0
G3500610,New Mexico,Valencia,1930,1274.0,12.0,251.0,0.0,0.009419152276295133,0.1970172684458399
G3509999,New Mexico,All Other Counties,1930,0.0,,,,,
G3600010,New York,Albany,1930,1927.0,1069.0,111931.0,2534.0,0.5547483134405812,58.08562532433835
G3600030,New York,Allegany,1930,3375.0,2254.0,174136.0,5376.0,0.6678518518518518,51.595851851851855
G3600050,New York,Bronx,1930,15.0,13.0,3975.0,21.0,0.8666666666666667,265.0
G3600070,New York,Broome,1930,3104.0,1591.0,109130.0,2051.0,0.5125644329896907,35.157860824742265
G3600090,New York,Cattaraugus,1930,3999.0,2606.0,178353.0,4388.0,0.6516629157289322,44.59939984996249
G3600110,New York,Cayuga,1930,3865.0,2540.0,213849.0,6707.0,0.6571798188874515,55.32962483829237
G3600130,New York,Chautauqua,1930,6410.0,4165.0,311549.0,8234.0,0.6497659906396256,48.60358814352574
G3600150,New York,Chemung,1930,1565.0,813.0,62667.0,1264.0,0.5194888178913738,40.04281150159744
G3600170,New York,Chenango,1930,3333.0,1919.0,125148.0,2858.0,0.5757575757575758,37.548154815481546
G3600190,New York,Clinton,1930,2852.0,1298.0,103314.0,2782.0,0.45511921458625526,36.225105189340816
G3600210,New York,Columbia,1930,2144.0,1070.0,113020.0,2459.0,0.49906716417910446,52.71455223880597
G3600230,New York,Cortland,1930,1968.0,1281.0,123798.0,3139.0,0.6509146341463414,62.90548780487805
G3600250,New York,Delaware,1930,3956.0,2133.0,150857.0,3348.0,0.5391809908998989,38.133720930232556
G3600270,New York,Dutchess,1930,2190.0,1018.0,138148.0,2705.0,0.4648401826484018,63.08127853881278
G3600290,New York,Erie,1930,5942.0,4063.0,476378.0,13149.0,0.6837765062268596,80.17132278694042
G3600310,New York,Essex,1930,1757.0,507.0,32709.0,821.0,0.2885600455321571,18.61639157655094
G3600330,New York,Franklin,1930,2925.0,1563.0,137026.0,3819.0,0.5343589743589744,46.846495726495725
G3600350,New York,Fulton,1930,1167.0,651.0,30817.0,846.0,0.5578406169665809,26.407026563838905
G3600370,New York,Genesee,1930,2555.0,1823.0,203650.0,6832.0,0.7135029354207436,79.706457925636
G3600390,New York,Greene,1930,1787.0,694.0,47180.0,1144.0,0.3883603805260213,26.401790710688303
G3600410,New York,Hamilton,1930,160.0,46.0,889.0,20.0,0.2875,5.55625
G3600430,New York,Herkimer,1930,2400.0,1114.0,58672.0,1876.0,0.46416666666666667,24.446666666666665
G3600450,New York,Jefferson,1930,4699.0,1212.0,78037.0,2276.0,0.2579272185571398,16.607150457544158
G3600470,New York,Kings,1930,11.0,6.0,2697.0,48.0,0.5454545454545454,245.1818181818182
G3600490,New York,Lewis,1930,2558.0,1330.0,80770.0,2502.0,0.5199374511336982,31.575449569976545
G3600510,New York,Livingston,1930,2322.0,1571.0,175463.0,5091.0,0.6765719207579672,75.56546080964685
G3600530,New York,Madison,1930,3176.0,1796.0,141858.0,3796.0,0.5654911838790933,44.665617128463474
G3600550,New York,Monroe,1930,4165.0,3170.0,474440.0,12242.0,0.7611044417767107,113.91116446578631
G3600570,New York,Montgomery,1930,1753.0,818.0,46795.0,1601.0,0.46662863662293214,26.694238448374215
G3600590,New York,Nassau,1930,579.0,492.0,979200.0,19343.0,0.8497409326424871,1691.1917098445597
G3600610,New York,New York,1930,0.0,0.0,0.0,0.0,,
G3600630,New York,Niagara,1930,4018.0,2838.0,281108.0,7442.0,0.7063215530114485,69.96217023394723
G3600650,New York,Oneida,1930,4699.0,2934.0,228435.0,6339.0,0.6243881676952543,48.613534794637154
G3600670,New York,Onondaga,1930,4529.0,2759.0,282005.0,7959.0,0.6091852506071981,62.26650474718481
G3600690,New York,Ontario,1930,3322.0,2373.0,341398.0,10055.0,0.714328717639976,102.76881396748946
G3600710,New York,Orange,1930,3115.0,1411.0,221995.0,5301.0,0.45296950240770467,71.26645264847512
G3600730,New York,Orleans,1930,2392.0,1948.0,285005.0,7979.0,0.81438127090301,119.14924749163879
G3600750,New York,Oswego,1930,4726.0,2402.0,189398.0,4393.0,0.5082522217520101,40.07575116377486
G3600770,New York,Otsego,1930,3980.0,2261.0,132620.0,2716.0,0.5680904522613065,33.321608040201006
G3600790,New York,Putnam,1930,293.0,91.0,13472.0,369.0,0.310580204778157,45.97952218430034
G3600810,New York,Queens,1930,186.0,153.0,141287.0,1943.0,0.8225806451612904,759.6075268817204
G3600830,New York,Rensselaer,1930,2533.0,1128.0,79858.0,1999.0,0.4453217528622187,31.527043031977893
G3600850,New York,Richmond,1930,66.0,56.0,46722.0,434.0,0.8484848484848485,707.9090909090909
G3600870,New York,Rockland,1930,360.0,185.0,67136.0,881.0,0.5138888888888888,186.48888888888888
G3600890,New York,St Lawrence,1930,6979.0,2578.0,131568.0,4178.0,0.3693938959736352,18.851984525003584
G3600910,New York,Saratoga,1930,2417.0,1246.0,78811.0,2125.0,0.515515101365329,32.60695076541167
G3600930,New York,Schenectady,1930,736.0,427.0,28813.0,727.0,0.5801630434782609,39.14809782608695
G3600950,New York,Schoharie,1930,2272.0,1094.0,56074.0,1589.0,0.48151408450704225,24.680457746478872
G3600970,New York,Schuyler,1930,1361.0,732.0,57867.0,1317.0,0.5378398236590742,42.518001469507716
G3600990,New York,Seneca,1930,1666.0,1212.0,105934.0,3399.0,0.7274909963985594,63.585834333733494
G3601010,New York,Steuben,1930,5143.0,2911.0,241595.0,6747.0,0.5660120552206883,46.975500680536655
G3601030,New York,Suffolk,1930,1772.0,1468.0,2136826.0,49469.0,0.8284424379232506,1205.8837471783295
G3601050,New York,Sullivan,1930,2979.0,831.0,47803.0,651.0,0.27895266868076535,16.046659953004365
G3601070,New York,Tioga,1930,2273.0,1436.0,102274.0,2532.0,0.6317641882974043,44.995160580730314
G3601090,New York,Tompkins,1930,2358.0,1229.0,92146.0,2580.0,0.5212044105173876,39.07803223070399
G3601110,New York,Ulster,1930,3690.0,1478.0,184712.0,3675.0,0.4005420054200542,50.05745257452575
G3601130,New York,Warren,1930,889.0,338.0,10742.0,203.0,0.38020247469066365,12.08323959505062
G3601150,New York,Washington,1930,2889.0,1358.0,84713.0,2457.0,0.4700588438906196,29.322602976808586
G3601170,New York,Wayne,1930,4498.0,3449.0,567409.0,14754.0,0.7667852378835038,126.1469542018675
G3601190,New York,Westchester,1930,428.0,186.0,49178.0,554.0,0.43457943925233644,114.90186915887851
G3601210,New York,Wyoming,1930,2839.0,2164.0,221587.0,6448.0,0.76224022543149,78.05107432194434
G3601230,New York,Yates,1930,1739.0,1198.0,110590.0,3472.0,0.6889016676250719,63.59401955146636
G3609999,New York,All Other Counties,1930,0.0,,,,,
G3700010,North Carolina,Alamance,1930,2620.0,2177.0,177644.0,7091.0,0.8309160305343511,67.8030534351145
G3700030,North Carolina,Alexander,1930,1690.0,1481.0,77133.0,3401.0,0.8763313609467456,45.640828402366864
G3700050,North Carolina,Alleghany,1930,1384.0,1006.0,31498.0,1370.0,0.726878612716763,22.758670520231213
G3700070,North Carolina,Anson,1930,3172.0,2929.0,530792.0,18817.0,0.9233921815889029,167.33669609079445
G3700090,North Carolina,Ashe,1930,3660.0,2221.0,45714.0,2026.0,0.6068306010928962,12.49016393442623
G3700110,North Carolina,Avery,1930,1410.0,767.0,16775.0,637.0,0.5439716312056737,11.897163120567376
G3700130,North Carolina,Beaufort,1930,3425.0,3123.0,607312.0,17474.0,0.9118248175182482,177.31737226277372
G3700150,North Carolina,Bertie,1930,3474.0,3357.0,521465.0,16983.0,0.966321243523316,150.10506620610246
G3700170,North Carolina,Bladen,1930,2686.0,2140.0,284544.0,8872.0,0.7967237527922562,105.93596425912138
G3700190,North Carolina,Brunswick,1930,1519.0,1161.0,90382.0,3119.0,0.7643186306780777,59.5009874917709
G3700210,North Carolina,Buncombe,1930,3895.0,1825.0,44035.0,1353.0,0.4685494223363286,11.305519897304237
G3700230,North Carolina,Burke,1930,2136.0,1344.0,53379.0,2095.0,0.6292134831460674,24.990168539325843
G3700250,North Carolina,Cabarrus,1930,2370.0,2009.0,187302.0,6407.0,0.8476793248945148,79.03037974683544
G3700270,North Carolina,Caldwell,1930,2062.0,1227.0,40417.0,1533.0,0.5950533462657615,19.600872938894277
G3700290,North Carolina,Camden,1930,721.0,664.0,123408.0,3954.0,0.9209431345353676,171.1622746185853
G3700310,North Carolina,Carteret,1930,840.0,664.0,131130.0,3571.0,0.7904761904761904,156.10714285714286
G3700330,North Carolina,Caswell,1930,2934.0,2723.0,250702.0,8883.0,0.9280845262440355,85.44717109747785
G3700350,North Carolina,Catawba,1930,3102.0,2747.0,190493.0,7067.0,0.8855577047066409,61.40973565441651
G3700370,North Carolina,Chatham,1930,3191.0,2852.0,210063.0,8064.0,0.8937637104356001,65.82983390786588
G3700390,North Carolina,Cherokee,1930,1958.0,973.0,21656.0,1149.0,0.4969356486210419,11.060265577119509
G3700410,North Carolina,Chowan,1930,1102.0,995.0,210322.0,6124.0,0.9029038112522686,190.85480943738656
G3700430,North Carolina,Clay,1930,898.0,453.0,8924.0,367.0,0.5044543429844098,9.937639198218262
G3700450,North Carolina,Cleveland,1930,5181.0,4902.0,914114.0,28382.0,0.9461493920092646,176.4358232001544
G3700470,North Carolina,Columbus,1930,4297.0,3706.0,510774.0,15678.0,0.8624621829183151,118.8675820339772
G3700490,North Carolina,Craven,1930,2102.0,1947.0,335399.0,10343.0,0.9262607040913415,159.5618458610847
G3700510,North Carolina,Cumberland,1930,2840.0,2514.0,556924.0,17546.0,0.8852112676056338,196.1
G3700530,North Carolina,Currituck,1930,763.0,669.0,155826.0,5063.0,0.8768020969855832,204.22804718217563
G3700550,North Carolina,Dare,1930,53.0,45.0,2333.0,79.0,0.8490566037735849,44.0188679245283
G3700570,North Carolina,Davidson,1930,3484.0,2720.0,141304.0,5490.0,0.7807118254879449,40.55797933409874
G3700590,North Carolina,Davie,1930,1741.0,1385.0,73542.0,2821.0,0.7955198161975876,42.241240666283744
G3700610,North Carolina,Duplin,1930,4970.0,4602.0,853590.0,26198.0,0.9259557344064386,171.74849094567404
G3700630,North Carolina,Durham,1930,1651.0,1392.0,131208.0,4390.0,0.8431253785584494,79.4718352513628
G3700650,North Carolina,Edgecombe,1930,4000.0,3916.0,1132510.0,34038.0,0.979,283.1275
G3700670,North Carolina,Forsyth,1930,3340.0,2545.0,183250.0,7390.0,0.7619760479041916,54.865269461077844
G3700690,North Carolina,Franklin,1930,4205.0,3975.0,606990.0,19336.0,0.9453032104637337,144.34958382877528
G3700710,North Carolina,Gaston,1930,2555.0,2097.0,204140.0,7159.0,0.8207436399217222,79.89823874755382
G3700730,North Carolina,Gates,1930,1400.0,1370.0,229466.0,7155.0,0.9785714285714285,163.90428571428572
G3700750,North Carolina,Graham,1930,692.0,283.0,4431.0,190.0,0.40895953757225434,6.4031791907514455
G3700770,North Carolina,Granville,1930,3668.0,3467.0,446373.0,15089.0,0.9452017448200655,121.69383860414395
G3700790,North Carolina,Greene,1930,3260.0,3195.0,757617.0,21744.0,0.9800613496932515,232.39785276073619
G3700810,North Carolina,Guilford,1930,3864.0,3153.0,246840.0,9947.0,0.8159937888198758,63.88198757763975
G3700830,North Carolina,Halifax,1930,4559.0,4446.0,1058117.0,31595.0,0.9752138626891862,232.09409958324193
G3700850,North Carolina,Harnett,1930,3939.0,3763.0,836868.0,25802.0,0.9553186087839554,212.45696877380047
G3700870,North Carolina,Haywood,1930,2125.0,1003.0,26208.0,909.0,0.472,12.333176470588235
G3700890,North Carolina,Henderson,1930,1983.0,1290.0,50474.0,1916.0,0.6505295007564297,25.453353504790723
G3700910,North Carolina,Hertford,1930,2117.0,2025.0,354664.0,12364.0,0.956542276806802,167.53141237600377
G3700930,North Carolina,Hoke,1930,1885.0,1789.0,535750.0,16335.0,0.9490716180371352,284.2175066312997
G3700950,North Carolina,Hyde,1930,1023.0,786.0,57891.0,2530.0,0.7683284457478006,56.589442815249264
G3700970,North Carolina,Iredell,1930,3966.0,3421.0,268057.0,9182.0,0.8625819465456379,67.5887544125063
G3700990,North Carolina,Jackson,1930,2117.0,793.0,14433.0,538.0,0.3745866792631082,6.817666509211148
G3701010,North Carolina,Johnston,1930,7512.0,7299.0,1517467.0,46454.0,0.9716453674121406,202.0057241746539
G3701030,North Carolina,Jones,1930,1535.0,1261.0,216204.0,6546.0,0.8214983713355049,140.84951140065147
G3701050,North Carolina,Lee,1930,1621.0,1519.0,237158.0,7546.0,0.9370758790869833,146.30351634793337
G3701070,North Carolina,Lenoir,1930,3765.0,3474.0,858931.0,25284.0,0.9227091633466136,228.13572377158036
G3701090,North Carolina,Lincoln,1930,2607.0,2193.0,236543.0,8002.0,0.8411967779056386,90.7337936325278
G3701110,North Carolina,McDowell,1930,1268.0,624.0,16553.0,684.0,0.4921135646687697,13.054416403785488
G3701130,North Carolina,Macon,1930,1847.0,744.0,13956.0,553.0,0.402815376285869,7.556036816459123
G3701150,North Carolina,Madison,1930,3267.0,1859.0,36389.0,1228.0,0.569023569023569,11.13835322926232
G3701170,North Carolina,Martin,1930,2651.0,2563.0,618524.0,19114.0,0.966804979253112,233.31723877781968
G3701190,North Carolina,Mecklenburg,1930,3773.0,3148.0,360452.0,11833.0,0.8343493241452425,95.53458786111847
G3701210,North Carolina,Mitchell,1930,1887.0,825.0,17036.0,681.0,0.43720190779014306,9.028086910439852
G3701230,North Carolina,Montgomery,1930,1474.0,1265.0,179346.0,5506.0,0.8582089552238806,121.67299864314789
G3701250,North Carolina,Moore,1930,2062.0,1834.0,312006.0,9906.0,0.8894277400581959,151.31231813773036
G3701270,North Carolina,Nash,1930,5820.0,5669.0,1206589.0,36340.0,0.9740549828178694,207.3176975945017
G3701290,North Carolina,New Hanover,1930,282.0,233.0,95174.0,2655.0,0.8262411347517731,337.49645390070924
G3701310,North Carolina,Northampton,1930,3870.0,3718.0,686934.0,22663.0,0.9607235142118863,177.50232558139535
G3701330,North Carolina,Onslow,1930,2394.0,1989.0,237445.0,7243.0,0.8308270676691729,99.18337510442774
G3701350,North Carolina,Orange,1930,1870.0,1482.0,136044.0,4885.0,0.7925133689839572,72.75080213903743
G3701370,North Carolina,Pamlico,1930,887.0,724.0,204506.0,5412.0,0.8162344983089064,230.55918827508455
G3701390,North Carolina,Pasquotank,1930,1170.0,965.0,218427.0,7763.0,0.8247863247863247,186.68974358974359
G3701410,North Carolina,Pender,1930,1984.0,1660.0,190805.0,5940.0,0.8366935483870968,96.171875
G3701430,North Carolina,Perquimans,1930,1222.0,1168.0,220854.0,6981.0,0.955810147299509,180.7315875613748
G3701450,North Carolina,Person,1930,2996.0,2641.0,305062.0,10533.0,0.8815086782376502,101.82309746328438
G3701470,North Carolina,Pitt,1930,6766.0,6478.0,1476900.0,44396.0,0.9574342299733964,218.28258941767663
G3701490,North Carolina,Polk,1930,1229.0,958.0,76315.0,2718.0,0.7794955248169243,62.09519934906428
G3701510,North Carolina,Randolph,1930,3977.0,3093.0,162749.0,6753.0,0.7777219009303495,40.92255468946442
G3701530,North Carolina,Richmond,1930,1811.0,1619.0,420324.0,13415.0,0.8939812258420762,232.0949751518498
G3701550,North Carolina,Robeson,1930,7666.0,6771.0,1504225.0,49062.0,0.8832507174536917,196.22032350639185
G3701570,North Carolina,Rockingham,1930,4191.0,3851.0,299634.0,11134.0,0.9188737771414937,71.49463135289906
G3701590,North Carolina,Rowan,1930,3241.0,2756.0,214575.0,7932.0,0.8503548287565567,66.2064177722925
G3701610,North Carolina,Rutherford,1930,3791.0,3256.0,344456.0,10953.0,0.8588762859403851,90.86151411237141
G3701630,North Carolina,Sampson,1930,6102.0,5501.0,1131497.0,35906.0,0.9015077023926581,185.43051458538184
G3701650,North Carolina,Scotland,1930,1896.0,1604.0,516865.0,15958.0,0.8459915611814346,272.6081223628692
G3701670,North Carolina,Stanly,1930,2404.0,2145.0,209195.0,6888.0,0.8922628951747088,87.01955074875208
G3701690,North Carolina,Stokes,1930,3820.0,3289.0,296279.0,10349.0,0.8609947643979058,77.55994764397906
G3701710,North Carolina,Surry,1930,4324.0,3383.0,293710.0,9689.0,0.782377428307123,67.92553191489361
G3701730,North Carolina,Swain,1930,1174.0,268.0,5392.0,162.0,0.2282793867120954,4.592844974446337
G3701750,North Carolina,Transylvania,1930,730.0,483.0,17895.0,684.0,0.6616438356164384,24.513698630136986
G3701770,North Carolina,Tyrrell,1930,540.0,466.0,113520.0,3342.0,0.8629629629629629,210.22222222222223
G3701790,North Carolina,Union,1930,5442.0,4893.0,584398.0,20601.0,0.8991179713340683,107.38662256523337
G3701810,North Carolina,Vance,1930,2388.0,2203.0,330281.0,10936.0,0.9225293132328308,138.30862646566163
G3701830,North Carolina,Wake,1930,6475.0,6001.0,1047988.0,33132.0,0.9267953667953668,161.85142857142858
G3701850,North Carolina,Warren,1930,2889.0,2740.0,377088.0,12187.0,0.9484250605745933,130.52544132917964
G3701870,North Carolina,Washington,1930,1091.0,959.0,133559.0,4246.0,0.8790100824931256,122.41888175985335
G3701890,North Carolina,Watauga,1930,2375.0,1361.0,46865.0,1655.0,0.5730526315789474,19.73263157894737
G3701910,North Carolina,Wayne,1930,4907.0,4514.0,1083408.0,31364.0,0.9199103321785205,220.7882616670063
G3701930,North Carolina,Wilkes,1930,5125.0,3173.0,85042.0,3341.0,0.6191219512195122,16.593560975609755
G3701950,North Carolina,Wilson,1930,4734.0,4613.0,1087153.0,31497.0,0.9744402196873679,229.64786649767638
G3701970,North Carolina,Yadkin,1930,2788.0,2238.0,145568.0,5568.0,0.802725968436155,52.212338593974174
G3701990,North Carolina,Yancey,1930,2039.0,916.0,15361.0,577.0,0.4492398234428642,7.53359489946052
G3709999,North Carolina,All Other Counties,1930,0.0,,,,,
G3800010,North Dakota,Adams,1930,929.0,7.0,912.0,0.0,0.007534983853606028,0.9817007534983854
G3800030,North Dakota,Barnes,1930,2082.0,16.0,962.0,18.0,0.007684918347742555,0.4620557156580211
G3800050,North Dakota,Benson,1930,1771.0,6.0,268.0,1.0,0.0033879164313946925,0.1513269339356296
G3800070,North Dakota,Billings,1930,531.0,0.0,0.0,0.0,0.0,0.0
G3800090,North Dakota,Bottineau,1930,2166.0,23.0,2606.0,27.0,0.01061865189289012,1.2031394275161589
G3800110,North Dakota,Bowman,1930,815.0,1.0,12.0,0.0,0.001226993865030675,0.014723926380368098
G3800130,North Dakota,Burke,1930,1342.0,3.0,325.0,0.0,0.0022354694485842027,0.2421758569299553
G3800150,North Dakota,Burleigh,1930,1338.0,4.0,500.0,4.0,0.0029895366218236174,0.37369207772795215
G3800170,North Dakota,Cass,1930,2595.0,56.0,3795.0,76.0,0.02157996146435453,1.4624277456647399
G3800190,North Dakota,Cavalier,1930,1970.0,9.0,409.0,4.0,0.004568527918781726,0.20761421319796955
G3800210,North Dakota,Dickey,1930,1359.0,5.0,619.0,7.0,0.003679175864606328,0.4554819720382634
G3800230,North Dakota,Divide,1930,1468.0,4.0,97.0,0.0,0.0027247956403269754,0.06607629427792916
G3800250,North Dakota,Dunn,1930,1407.0,2.0,57.0,2.0,0.0014214641080312722,0.04051172707889126
G3800270,North Dakota,Eddy,1930,702.0,1.0,20.0,0.0,0.0014245014245014246,0.02849002849002849
G3800290,North Dakota,Emmons,1930,1538.0,0.0,0.0,0.0,0.0,0.0
G3800310,North Dakota,Foster,1930,717.0,0.0,0.0,0.0,0.0,0.0
G3800330,North Dakota,Golden Valley,1930,571.0,1.0,9.0,0.0,0.0017513134851138354,0.01576182136602452
G3800350,North Dakota,Grand Forks,1930,2061.0,127.0,13732.0,299.0,0.061620572537603106,6.662785055798156
G3800370,North Dakota,Grant,1930,1511.0,1.0,40.0,0.0,0.0006618133686300463,0.026472534745201854
G3800390,North Dakota,Griggs,1930,941.0,1.0,240.0,8.0,0.0010626992561105207,0.255047821466525
G3800410,North Dakota,Hettinger,1930,1087.0,3.0,116.0,0.0,0.0027598896044158236,0.10671573137074516
G3800430,North Dakota,Kidder,1930,1165.0,0.0,0.0,0.0,0.0,0.0
G3800450,North Dakota,LaMoure,1930,1521.0,6.0,565.0,2.0,0.0039447731755424065,0.3714661406969099
G3800470,North Dakota,Logan,1930,1075.0,0.0,0.0,0.0,0.0,0.0
G3800490,North Dakota,McHenry,1930,2143.0,0.0,0.0,0.0,0.0,0.0
G3800510,North Dakota,McIntosh,1930,1101.0,0.0,0.0,0.0,0.0,0.0
G3800530,North Dakota,McKenzie,1930,1738.0,24.0,1709.0,19.0,0.01380897583429229,0.9833141542002302
G3800550,North Dakota,McLean,1930,2389.0,10.0,599.0,0.0,0.004185851820845542,0.250732524068648
G3800570,North Dakota,Mercer,1930,1030.0,1.0,120.0,0.0,0.000970873786407767,0.11650485436893204
G3800590,North Dakota,Morton,1930,1851.0,3.0,465.0,13.0,0.0016207455429497568,0.25121555915721233
G3800610,North Dakota,Mountrail,1930,2098.0,13.0,850.0,16.0,0.006196377502383222,0.4051477597712107
G3800630,North Dakota,Nelson,1930,1299.0,2.0,430.0,0.0,0.001539645881447267,0.33102386451116245
G3800650,North Dakota,Oliver,1930,710.0,0.0,0.0,0.0,0.0,0.0
G3800670,North Dakota,Pembina,1930,1819.0,46.0,4572.0,113.0,0.025288620120945574,2.5134689389774603
G3800690,North Dakota,Pierce,1930,1154.0,1.0,50.0,0.0,0.0008665511265164644,0.043327556325823226
G3800710,North Dakota,Ramsey,1930,1470.0,5.0,360.0,10.0,0.003401360544217687,0.24489795918367346
G3800730,North Dakota,Ransom,1930,1378.0,9.0,650.0,0.0,0.006531204644412192,0.4716981132075472
G3800750,North Dakota,Renville,1930,1153.0,0.0,0.0,0.0,0.0,0.0
G3800770,North Dakota,Richland,1930,2455.0,36.0,3006.0,70.0,0.014663951120162933,1.2244399185336048
G3800790,North Dakota,Rolette,1930,1312.0,1.0,30.0,0.0,0.0007621951219512195,0.022865853658536585
G3800810,North Dakota,Sargent,1930,1355.0,5.0,379.0,10.0,0.0036900369003690036,0.27970479704797047
G3800830,North Dakota,Sheridan,1930,1083.0,1.0,35.0,1.0,0.0009233610341643582,0.032317636195752536
G3800850,North Dakota,Sioux,1930,688.0,1.0,80.0,2.0,0.0014534883720930232,0.11627906976744186
G3800870,North Dakota,Slope,1930,737.0,1.0,24.0,0.0,0.0013568521031207597,0.032564450474898234
G3800890,North Dakota,Stark,1930,1337.0,5.0,676.0,6.0,0.0037397157816005983,0.5056095736724009
G3800910,North Dakota,Steele,1930,993.0,5.0,237.0,0.0,0.005035246727089627,0.23867069486404835
G3800930,North Dakota,Stutsman,1930,2476.0,17.0,1612.0,50.0,0.006865912762520194,0.6510500807754442
G3800950,North Dakota,Towner,1930,1080.0,3.0,275.0,0.0,0.002777777777777778,0.25462962962962965
G3800970,North Dakota,Traill,1930,1435.0,7.0,302.0,0.0,0.004878048780487805,0.21045296167247388
G3800990,North Dakota,Walsh,1930,2483.0,72.0,8144.0,200.0,0.02899718082964156,3.279903342730568
G3801010,North Dakota,Ward,1930,2662.0,10.0,789.0,0.0,0.003756574004507889,0.2963936889556724
G3801030,North Dakota,Wells,1930,1596.0,4.0,130.0,0.0,0.002506265664160401,0.08145363408521303
G3801050,North Dakota,Williams,1930,2288.0,14.0,1050.0,0.0,0.006118881118881119,0.4589160839160839
G3809999,North Dakota,All Other Counties,1930,0.0,,,,,
G3900010,Ohio,Adams,1930,2829.0,1961.0,132293.0,4199.0,0.6931778013432308,46.76316719688936
G3900030,Ohio,Allen,1930,2684.0,1133.0,67288.0,2223.0,0.42213114754098363,25.07004470938897
G3900050,Ohio,Ashland,1930,2143.0,1726.0,154316.0,4585.0,0.8054129724685021,72.0093327111526
G3900070,Ohio,Ashtabula,1930,4333.0,2909.0,227340.0,6575.0,0.6713593353334872,52.46711285483499
G3900090,Ohio,Athens,1930,2009.0,919.0,43280.0,1469.0,0.45744151319064214,21.543056246888998
G3900110,Ohio,Auglaize,1930,2491.0,1321.0,95283.0,3244.0,0.5303091128061019,38.25090325170614
G3900130,Ohio,Belmont,1930,3120.0,1378.0,74790.0,2226.0,0.44166666666666665,23.971153846153847
G3900150,Ohio,Brown,1930,3302.0,2066.0,122455.0,3768.0,0.6256814052089643,37.08509993943065
G3900170,Ohio,Butler,1930,2469.0,854.0,82781.0,2533.0,0.3458890238963143,33.52814904819765
G3900190,Ohio,Carroll,1930,1798.0,1333.0,106093.0,2458.0,0.7413793103448276,59.006117908787544
G3900210,Ohio,Champaign,1930,2134.0,1118.0,106177.0,3418.0,0.5238987816307404,49.754920337394566
G3900230,Ohio,Clark,1930,2266.0,1164.0,125884.0,3982.0,0.5136804942630185,55.55339805825243
G3900250,Ohio,Clermont,1930,3022.0,1791.0,96820.0,2714.0,0.5926538716082065,32.03838517538054
G3900270,Ohio,Clinton,1930,2103.0,1525.0,180280.0,5749.0,0.7251545411317166,85.72515454113172
G3900290,Ohio,Columbiana,1930,3308.0,2291.0,213345.0,5548.0,0.6925634824667473,64.49365175332527
G3900310,Ohio,Coshocton,1930,2736.0,1644.0,123884.0,3234.0,0.6008771929824561,45.27923976608187
G3900330,Ohio,Crawford,1930,2121.0,1738.0,138874.0,4584.0,0.8194247996228194,65.47571900047147
G3900350,Ohio,Cuyahoga,1930,1229.0,838.0,170868.0,2273.0,0.6818551668022783,139.03010577705453
G3900370,Ohio,Darke,1930,4825.0,2738.0,169959.0,5560.0,0.567461139896373,35.22466321243523
G3900390,Ohio,Defiance,1930,2061.0,871.0,63470.0,2095.0,0.42261038330907325,30.79573022804464
G3900410,Ohio,Delaware,1930,2793.0,1566.0,109854.0,3834.0,0.560687432867884,39.33190118152524
G3900430,Ohio,Erie,1930,1709.0,1139.0,129016.0,3663.0,0.6664716208308953,75.49210064365126
G3900450,Ohio,Fairfield,1930,2985.0,2291.0,205466.0,6672.0,0.7675041876046901,68.83283082077052
G3900470,Ohio,Fayette,1930,1569.0,924.0,111816.0,4004.0,0.5889101338432122,71.26577437858509
G3900490,Ohio,Franklin,1930,2968.0,1609.0,144045.0,4819.0,0.5421159029649596,48.53268194070081
G3900510,Ohio,Fulton,1930,2805.0,2089.0,166928.0,5160.0,0.7447415329768271,59.5108734402852
G3900530,Ohio,Gallia,1930,2769.0,1132.0,52811.0,1657.0,0.40881184543156374,19.072228241242325
G3900550,Ohio,Geauga,1930,1884.0,1371.0,123464.0,3320.0,0.7277070063694268,65.53290870488323
G3900570,Ohio,Greene,1930,2185.0,1374.0,144921.0,4553.0,0.62883295194508,66.3254004576659
G3900590,Ohio,Guernsey,1930,2646.0,1297.0,55848.0,1674.0,0.49017384731670444,21.10657596371882
G3900610,Ohio,Hamilton,1930,2341.0,786.0,101884.0,1783.0,0.335753951302862,43.52157197778727
G3900630,Ohio,Hancock,1930,2919.0,1933.0,147194.0,4915.0,0.6622130866735183,50.42617334703666
G3900650,Ohio,Hardin,1930,2542.0,1108.0,118814.0,3521.0,0.4358772619984264,46.74036191974823
G3900670,Ohio,Harrison,1930,1767.0,869.0,49375.0,1288.0,0.4917940011318619,27.942840973401246
G3900690,Ohio,Henry,1930,2549.0,1253.0,91996.0,2907.0,0.4915653197332287,36.09101608473912
G3900710,Ohio,Highland,1930,3020.0,2273.0,225014.0,7421.0,0.7526490066225165,74.50794701986754
G3900730,Ohio,Hocking,1930,1426.0,881.0,47161.0,1591.0,0.6178120617110799,33.072230014025244
G3900750,Ohio,Holmes,1930,2249.0,1832.0,187529.0,4613.0,0.8145842596709649,83.38328145842597
G3900770,Ohio,Huron,1930,2453.0,1942.0,196960.0,6006.0,0.7916836526701998,80.29351814105178
G3900790,Ohio,Jackson,1930,1544.0,1118.0,63536.0,2189.0,0.7240932642487047,41.15025906735751
G3900810,Ohio,Jefferson,1930,1603.0,785.0,49207.0,1440.0,0.4897067997504679,30.69681846537742
G3900830,Ohio,Knox,1930,2724.0,2135.0,196648.0,5928.0,0.7837738619676946,72.19089574155653
G3900850,Ohio,Lake,1930,1059.0,672.0,80581.0,1791.0,0.6345609065155807,76.09159584513692
G3900870,Ohio,Lawrence,1930,2276.0,652.0,39788.0,883.0,0.28646748681898065,17.481546572934974
G3900890,Ohio,Licking,1930,4027.0,2399.0,199567.0,6178.0,0.5957288303948348,49.5572386391855
G3900910,Ohio,Logan,1930,2450.0,879.0,59046.0,2045.0,0.35877551020408166,24.100408163265307
G3900930,Ohio,Lorain,1930,3038.0,2256.0,245209.0,6399.0,0.7425938117182357,80.71395655036208
G3900950,Ohio,Lucas,1930,2065.0,1157.0,136577.0,3722.0,0.5602905569007264,66.13898305084746
G3900970,Ohio,Madison,1930,1577.0,714.0,86679.0,3164.0,0.4527584020291693,54.96448953709575
G3900990,Ohio,Mahoning,1930,2283.0,1685.0,155064.0,4231.0,0.7380639509417434,67.92115637319317
G3901010,Ohio,Marion,1930,1851.0,1070.0,89313.0,2966.0,0.5780659103187467,48.25121555915721
G3901030,Ohio,Medina,1930,2674.0,2190.0,228520.0,6493.0,0.818997756170531,85.45998504113687
G3901050,Ohio,Meigs,1930,2359.0,1150.0,78431.0,2300.0,0.4874947011445528,33.24756252649428
G3901070,Ohio,Mercer,1930,2768.0,1422.0,87070.0,3059.0,0.513728323699422,31.45592485549133
G3901090,Ohio,Miami,1930,2830.0,1837.0,138956.0,4563.0,0.6491166077738516,49.10106007067138
G3901110,Ohio,Monroe,1930,2556.0,1322.0,54092.0,1584.0,0.5172143974960877,21.162754303599375
G3901130,Ohio,Montgomery,1930,3692.0,2252.0,176420.0,5566.0,0.609967497291441,47.78439869989166
G3901150,Ohio,Morgan,1930,2241.0,1305.0,58563.0,1941.0,0.5823293172690763,26.132530120481928
G3901170,Ohio,Morrow,1930,2351.0,1590.0,105709.0,3578.0,0.6763079540621012,44.963419821352616
G3901190,Ohio,Muskingum,1930,3265.0,1980.0,125099.0,3853.0,0.6064318529862175,38.315160796324655
G3901210,Ohio,Noble,1930,2317.0,912.0,31652.0,908.0,0.3936124298662063,13.660768234786362
G3901230,Ohio,Ottawa,1930,1834.0,567.0,35065.0,1114.0,0.30916030534351147,19.119411123227916
G3901250,Ohio,Paulding,1930,1860.0,153.0,9422.0,300.0,0.08225806451612903,5.065591397849462
G3901270,Ohio,Perry,1930,1933.0,1375.0,102924.0,3209.0,0.7113295395757889,53.245732022762546
G3901290,Ohio,Pickaway,1930,2039.0,1393.0,162537.0,5806.0,0.6831780284453163,79.71407552721922
G3901310,Ohio,Pike,1930,1592.0,870.0,53401.0,1769.0,0.5464824120603015,33.54334170854271
G3901330,Ohio,Portage,1930,2766.0,2143.0,217129.0,6077.0,0.774765003615329,78.499276934201
G3901350,Ohio,Preble,1930,2769.0,2035.0,214671.0,6825.0,0.7349223546406645,77.52654387865655
G3901370,Ohio,Putnam,1930,2825.0,1279.0,83432.0,2724.0,0.4527433628318584,29.533451327433628
G3901390,Ohio,Richland,1930,2769.0,2077.0,163054.0,5329.0,0.7500902853015529,58.88551823763091
G3901410,Ohio,Ross,1930,2404.0,1251.0,132022.0,4521.0,0.5203826955074875,54.917637271214645
G3901430,Ohio,Sandusky,1930,2641.0,1821.0,160640.0,5205.0,0.6895115486558122,60.82544490723211
G3901450,Ohio,Scioto,1930,2062.0,1172.0,80597.0,2425.0,0.5683802133850631,39.086808923375365
G3901470,Ohio,Seneca,1930,2893.0,2301.0,206572.0,7164.0,0.7953681299688904,71.40407881092291
G3901490,Ohio,Shelby,1930,2398.0,1271.0,86288.0,2696.0,0.5300250208507089,35.98331943286072
G3901510,Ohio,Stark,1930,3435.0,2713.0,300904.0,7694.0,0.7898107714701601,87.59941775836973
G3901530,Ohio,Summit,1930,1579.0,1158.0,116276.0,3164.0,0.7333755541481951,73.63901203293223
G3901550,Ohio,Trumbull,1930,2951.0,1994.0,156605.0,4115.0,0.6757031514740766,53.06845137241613
G3901570,Ohio,Tuscarawas,1930,2728.0,1780.0,163565.0,3674.0,0.6524926686217009,59.95784457478006
G3901590,Ohio,Union,1930,2294.0,994.0,74905.0,2674.0,0.43330427201394944,32.652571926765475
G3901610,Ohio,Van Wert,1930,2415.0,452.0,25574.0,815.0,0.18716356107660456,10.589648033126293
G3901630,Ohio,Vinton,1930,1075.0,721.0,33285.0,1088.0,0.6706976744186046,30.962790697674418
G3901650,Ohio,Warren,1930,2224.0,1266.0,111145.0,3315.0,0.5692446043165468,49.97526978417266
G3901670,Ohio,Washington,1930,3718.0,1799.0,131443.0,3894.0,0.48386229155459926,35.35314685314685
G3901690,Ohio,Wayne,1930,3661.0,3066.0,404710.0,10966.0,0.8374760994263862,110.54629882545753
G3901710,Ohio,Williams,1930,2567.0,1824.0,119328.0,4062.0,0.7105570705103234,46.48539150759642
G3901730,Ohio,Wood,1930,3727.0,1975.0,170579.0,5129.0,0.529916823182184,45.76844647169305
G3901750,Ohio,Wyandot,1930,2025.0,1453.0,120674.0,4071.0,0.7175308641975309,59.5920987654321
G3909999,Ohio,All Other Counties,1930,0.0,,,,,
G4000010,Oklahoma,Adair,1930,1779.0,138.0,3021.0,97.0,0.0775716694772344,1.6981450252951096
G4000030,Oklahoma,Alfalfa,1930,2328.0,6.0,614.0,20.0,0.002577319587628866,0.26374570446735396
G4000050,Oklahoma,Atoka,1930,1860.0,50.0,1154.0,25.0,0.026881720430107527,0.6204301075268818
G4000070,Oklahoma,Beaver,1930,2047.0,6.0,750.0,18.0,0.0029311187103077674,0.3663898387884709
G4000090,Oklahoma,Beckham,1930,3258.0,14.0,1694.0,49.0,0.004297114794352364,0.519950890116636
G4000110,Oklahoma,Blaine,1930,2567.0,7.0,1722.0,42.0,0.0027269185820023374,0.670821971172575
G4000130,Oklahoma,Bryan,1930,3767.0,86.0,4050.0,146.0,0.022829838067427662,1.0751260950358374
G4000150,Oklahoma,Caddo,1930,5961.0,31.0,2106.0,44.0,0.005200469719845663,0.3532964267740312
G4000170,Oklahoma,Canadian,1930,2961.0,21.0,745.0,12.0,0.0070921985815602835,0.2516041877744005
G4000190,Oklahoma,Carter,1930,2195.0,23.0,1406.0,37.0,0.010478359908883827,0.6405466970387244
G4000210,Oklahoma,Cherokee,1930,2429.0,28.0,515.0,10.0,0.011527377521613832,0.21202140798682587
G4000230,Oklahoma,Choctaw,1930,3159.0,174.0,9249.0,264.0,0.055080721747388414,2.9278252611585946
G4000250,Oklahoma,Cimarron,1930,887.0,0.0,0.0,0.0,0.0,0.0
G4000270,Oklahoma,Cleveland,1930,2011.0,14.0,818.0,22.0,0.0069617105917454,0.4067628045748384
G4000290,Oklahoma,Coal,1930,1414.0,12.0,180.0,3.0,0.008486562942008486,0.1272984441301273
G4000310,Oklahoma,Comanche,1930,2913.0,15.0,920.0,32.0,0.005149330587023687,0.3158256093374528
G4000330,Oklahoma,Cotton,1930,2045.0,5.0,137.0,4.0,0.0024449877750611247,0.06699266503667482
G4000350,Oklahoma,Craig,1930,2219.0,46.0,5171.0,144.0,0.020730058584948176,2.330328977016674
G4000370,Oklahoma,Creek,1930,3555.0,26.0,2181.0,57.0,0.0073136427566807315,0.6135021097046414
G4000390,Oklahoma,Custer,1930,2988.0,14.0,1717.0,47.0,0.004685408299866131,0.5746318607764391
G4000410,Oklahoma,Delaware,1930,2460.0,127.0,4568.0,145.0,0.051626016260162604,1.856910569105691
G4000430,Oklahoma,Dewey,1930,2270.0,10.0,570.0,17.0,0.004405286343612335,0.2511013215859031
G4000450,Oklahoma,Ellis,1930,1685.0,10.0,815.0,26.0,0.005934718100890208,0.4836795252225519
G4000470,Oklahoma,Garfield,1930,3478.0,26.0,2712.0,71.0,0.007475560667050029,0.7797584818861415
G4000490,Oklahoma,Garvin,1930,3610.0,22.0,1389.0,61.0,0.006094182825484765,0.3847645429362881
G4000510,Oklahoma,Grady,1930,4890.0,12.0,819.0,24.0,0.00245398773006135,0.16748466257668712
G4000530,Oklahoma,Grant,1930,2757.0,12.0,376.0,9.0,0.004352557127312296,0.13638012332245195
G4000550,Oklahoma,Greer,1930,2455.0,2.0,66.0,3.0,0.000814663951120163,0.026883910386965377
G4000570,Oklahoma,Harmon,1930,1799.0,3.0,151.0,4.0,0.0016675931072818232,0.0839355197331851
G4000590,Oklahoma,Harper,1930,1204.0,4.0,524.0,15.0,0.0033222591362126247,0.43521594684385384
G4000610,Oklahoma,Haskell,1930,2218.0,330.0,15085.0,603.0,0.14878268710550044,6.80117222723174
G4000630,Oklahoma,Hughes,1930,2993.0,153.0,7056.0,257.0,0.05111927831607083,2.3575008352823255
G4000650,Oklahoma,Jackson,1930,2849.0,19.0,2091.0,67.0,0.006669006669006669,0.7339417339417339
G4000670,Oklahoma,Jefferson,1930,1995.0,3.0,800.0,29.0,0.0015037593984962407,0.40100250626566414
G4000690,Oklahoma,Johnston,1930,1526.0,7.0,305.0,8.0,0.0045871559633027525,0.1998689384010485
G4000710,Oklahoma,Kay,1930,2849.0,20.0,2846.0,54.0,0.00702000702000702,0.9989469989469989
G4000730,Oklahoma,Kingfisher,1930,2444.0,15.0,971.0,27.0,0.0061374795417348605,0.3972995090016367
G4000750,Oklahoma,Kiowa,1930,3532.0,7.0,742.0,19.0,0.0019818799546998866,0.210079275198188
G4000770,Oklahoma,Latimer,1930,1221.0,10.0,283.0,6.0,0.00819000819000819,0.23177723177723178
G4000790,Oklahoma,Le Flore,1930,4360.0,739.0,38077.0,1061.0,0.16949541284403669,8.733256880733945
G4000810,Oklahoma,Lincoln,1930,4402.0,50.0,1614.0,77.0,0.011358473421172195,0.36665152203543844
G4000830,Oklahoma,Logan,1930,2833.0,22.0,1130.0,34.0,0.007765619484645252,0.39887045534768795
G4000850,Oklahoma,Love,1930,1626.0,10.0,1005.0,15.0,0.006150061500615006,0.6180811808118081
G4000870,Oklahoma,McClain,1930,3014.0,6.0,129.0,5.0,0.0019907100199071004,0.04280026542800265
G4000890,Oklahoma,McCurtain,1930,4221.0,384.0,18779.0,629.0,0.09097370291400142,4.44894574745321
G4000910,Oklahoma,McIntosh,1930,3517.0,118.0,5077.0,187.0,0.03355132214955928,1.443559852146716
G4000930,Oklahoma,Major,1930,2093.0,8.0,488.0,16.0,0.003822264691829909,0.23315814620162445
G4000950,Oklahoma,Marshall,1930,1346.0,0.0,0.0,0.0,0.0,0.0
G4000970,Oklahoma,Mayes,1930,2541.0,92.0,4184.0,160.0,0.03620621802439984,1.6465958284140103
G4000990,Oklahoma,Murray,1930,1018.0,3.0,190.0,8.0,0.0029469548133595285,0.18664047151277013
G4001010,Oklahoma,Muskogee,1930,4487.0,123.0,8276.0,248.0,0.027412525072431467,1.8444394918653888
G4001030,Oklahoma,Noble,1930,2101.0,51.0,3890.0,154.0,0.02427415516420752,1.8514992860542598
G4001050,Oklahoma,Nowata,1930,1523.0,32.0,1956.0,31.0,0.021011162179908074,1.2843072882468811
G4001070,Oklahoma,Okfuskee,1930,3544.0,128.0,7580.0,296.0,0.03611738148984198,2.13882618510158
G4001090,Oklahoma,Oklahoma,1930,3111.0,60.0,5328.0,69.0,0.019286403085824494,1.712632594021215
G4001110,Oklahoma,Okmulgee,1930,3388.0,78.0,4016.0,149.0,0.023022432113341203,1.1853600944510034
G4001130,Oklahoma,Osage,1930,2354.0,19.0,805.0,21.0,0.008071367884451997,0.3419711129991504
G4001150,Oklahoma,Ottawa,1930,1811.0,256.0,20233.0,688.0,0.1413583655438984,11.172280508006626
G4001170,Oklahoma,Pawnee,1930,2289.0,20.0,556.0,16.0,0.00873743993010048,0.24290083005679336
G4001190,Oklahoma,Payne,1930,2928.0,16.0,1498.0,47.0,0.00546448087431694,0.5116120218579235
G4001210,Oklahoma,Pittsburg,1930,3716.0,130.0,6730.0,176.0,0.03498385360602799,1.8110871905274488
G4001230,Oklahoma,Pontotoc,1930,2671.0,22.0,1116.0,41.0,0.008236615499812805,0.4178210408086859
G4001250,Oklahoma,Pottawatomie,1930,3760.0,75.0,3568.0,140.0,0.0199468085106383,0.948936170212766
G4001270,Oklahoma,Pushmataha,1930,1783.0,107.0,2062.0,54.0,0.06001121704991587,1.1564778463264163
G4001290,Oklahoma,Roger Mills,1930,2353.0,3.0,1974.0,71.0,0.0012749681257968552,0.8389290267743307
G4001310,Oklahoma,Rogers,1930,2154.0,24.0,1611.0,47.0,0.011142061281337047,0.7479108635097493
G4001330,Oklahoma,Seminole,1930,2800.0,42.0,1441.0,52.0,0.015,0.5146428571428572
G4001350,Oklahoma,Sequoyah,1930,2769.0,118.0,6017.0,183.0,0.04261466233297219,2.17298663777537
G4001370,Oklahoma,Stephens,1930,2922.0,12.0,1961.0,65.0,0.004106776180698152,0.6711156741957564
G4001390,Oklahoma,Texas,1930,2020.0,7.0,966.0,34.0,0.0034653465346534654,0.4782178217821782
G4001410,Oklahoma,Tillman,1930,2763.0,18.0,3811.0,116.0,0.006514657980456026,1.3792978646398841
G4001430,Oklahoma,Tulsa,1930,2489.0,61.0,3868.0,120.0,0.02450783447167537,1.554037766171153
G4001450,Oklahoma,Wagoner,1930,3154.0,55.0,9312.0,300.0,0.017438173747622066,2.952441344324667
G4001470,Oklahoma,Washington,1930,1107.0,13.0,1428.0,26.0,0.011743450767841012,1.2899728997289972
G4001490,Oklahoma,Washita,1930,4506.0,15.0,886.0,25.0,0.003328894806924101,0.1966267199289836
G4001510,Oklahoma,Woods,1930,2030.0,10.0,294.0,8.0,0.0049261083743842365,0.14482758620689656
G4001530,Oklahoma,Woodward,1930,1784.0,5.0,336.0,8.0,0.002802690582959641,0.18834080717488788
G4009999,Oklahoma,All Other Counties,1930,0.0,,,,,
G4100010,Oregon,Baker,1930,1383.0,29.0,817.0,10.0,0.02096890817064353,0.5907447577729573
G4100030,Oregon,Benton,1930,1340.0,184.0,12810.0,94.0,0.1373134328358209,9.559701492537313
G4100050,Oregon,Clackamas,1930,4747.0,1018.0,63475.0,866.0,0.21445123235727828,13.371603117758584
G4100070,Oregon,Clatsop,1930,694.0,142.0,4977.0,47.0,0.20461095100864554,7.171469740634006
G4100090,Oregon,Columbia,1930,1667.0,103.0,3314.0,37.0,0.0617876424715057,1.988002399520096
G4100110,Oregon,Coos,1930,1305.0,120.0,4645.0,114.0,0.09195402298850575,3.5593869731800765
G4100130,Oregon,Crook,1930,489.0,57.0,3908.0,101.0,0.1165644171779141,7.991820040899795
G4100150,Oregon,Curry,1930,342.0,7.0,196.0,4.0,0.02046783625730994,0.5730994152046783
G4100170,Oregon,Deschutes,1930,824.0,345.0,15651.0,447.0,0.4186893203883495,18.993932038834952
G4100190,Oregon,Douglas,1930,2488.0,157.0,8509.0,157.0,0.06310289389067524,3.420016077170418
G4100210,Oregon,Gilliam,1930,353.0,4.0,1353.0,0.0,0.0113314447592068,3.8328611898016995
G4100230,Oregon,Grant,1930,632.0,0.0,0.0,0.0,0.0,0.0
G4100250,Oregon,Harney,1930,603.0,0.0,0.0,0.0,0.0,0.0
G4100270,Oregon,Hood River,1930,967.0,496.0,94968.0,1652.0,0.5129265770423992,98.20889348500518
G4100290,Oregon,Jackson,1930,2214.0,578.0,86799.0,2155.0,0.2610659439927733,39.204607046070464
G4100310,Oregon,Jefferson,1930,335.0,4.0,592.0,1.0,0.011940298507462687,1.7671641791044777
G4100330,Oregon,Josephine,1930,1164.0,321.0,13170.0,346.0,0.2757731958762887,11.314432989690722
G4100350,Oregon,Klamath,1930,1197.0,51.0,3180.0,48.0,0.042606516290726815,2.656641604010025
G4100370,Oregon,Lake,1930,485.0,52.0,3688.0,70.0,0.10721649484536082,7.604123711340206
G4100390,Oregon,Lane,1930,4069.0,461.0,16013.0,293.0,0.11329565003686409,3.9353649545342835
G4100410,Oregon,Lincoln,1930,732.0,62.0,1575.0,6.0,0.08469945355191257,2.151639344262295
G4100430,Oregon,Linn,1930,3074.0,432.0,10251.0,62.0,0.1405335068314899,3.3347430058555627
G4100450,Oregon,Malheur,1930,1345.0,26.0,1457.0,7.0,0.019330855018587362,1.083271375464684
G4100470,Oregon,Marion,1930,4821.0,795.0,95930.0,3428.0,0.16490354698195395,19.898361335822443
G4100490,Oregon,Morrow,1930,628.0,11.0,285.0,3.0,0.01751592356687898,0.4538216560509554
G4100510,Oregon,Multnomah,1930,1733.0,589.0,82076.0,1261.0,0.3398730525100981,47.36064627813041
G4100530,Oregon,Polk,1930,1882.0,291.0,24969.0,140.0,0.15462274176408078,13.267268862911797
G4100550,Oregon,Sherman,1930,369.0,3.0,356.0,7.0,0.008130081300813009,0.964769647696477
G4100570,Oregon,Tillamook,1930,811.0,79.0,3307.0,24.0,0.09741060419235512,4.077681874229347
G4100590,Oregon,Umatilla,1930,2265.0,65.0,12219.0,68.0,0.02869757174392936,5.394701986754967
G4100610,Oregon,Union,1930,1276.0,192.0,6878.0,34.0,0.15047021943573669,5.390282131661442
G4100630,Oregon,Wallowa,1930,952.0,3.0,34.0,0.0,0.0031512605042016808,0.03571428571428571
G4100650,Oregon,Wasco,1930,1076.0,149.0,12829.0,261.0,0.13847583643122677,11.922862453531598
G4100670,Oregon,Washington,1930,3917.0,935.0,55296.0,375.0,0.23870308909880011,14.116926219045189
G4100690,Oregon,Wheeler,1930,284.0,0.0,0.0,0.0,0.0,0.0
G4100710,Oregon,Yamhill,1930,2690.0,402.0,24283.0,349.0,0.14944237918215614,9.027137546468401
G4109999,Oregon,All Other Counties,1930,0.0,,,,,
G4200010,Pennsylvania,Adams,1930,3333.0,2747.0,302748.0,10295.0,0.8241824182418241,90.83348334833484
G4200030,Pennsylvania,Allegheny,1930,2935.0,1713.0,203593.0,4281.0,0.5836456558773424,69.36729131175468
G4200050,Pennsylvania,Armstrong,1930,2663.0,1754.0,108638.0,3125.0,0.6586556515208412,40.79534359744649
G4200070,Pennsylvania,Beaver,1930,1973.0,1154.0,92850.0,2255.0,0.5848960973137354,47.06031424227066
G4200090,Pennsylvania,Bedford,1930,3184.0,2238.0,153187.0,4774.0,0.7028894472361809,48.11149497487437
G4200110,Pennsylvania,Berks,1930,5359.0,3390.0,334982.0,11128.0,0.6325807053554767,62.50830378802015
G4200130,Pennsylvania,Blair,1930,1608.0,932.0,94497.0,2650.0,0.5796019900497512,58.76679104477612
G4200150,Pennsylvania,Bradford,1930,4667.0,2740.0,174724.0,4424.0,0.5871009213627598,37.438182986929505
G4200170,Pennsylvania,Bucks,1930,4360.0,3125.0,480214.0,12087.0,0.716743119266055,110.14082568807339
G4200190,Pennsylvania,Butler,1930,3690.0,2746.0,210568.0,4316.0,0.7441734417344174,57.06449864498645
G4200210,Pennsylvania,Cambria,1930,2183.0,1463.0,127191.0,3897.0,0.6701786532295007,58.26431516262025
G4200230,Pennsylvania,Cameron,1930,190.0,85.0,4945.0,108.0,0.4473684210526316,26.026315789473685
G4200250,Pennsylvania,Carbon,1930,736.0,605.0,93318.0,2803.0,0.8220108695652174,126.79076086956522
G4200270,Pennsylvania,Centre,1930,1875.0,1247.0,124072.0,4238.0,0.6650666666666667,66.17173333333334
G4200290,Pennsylvania,Chester,1930,4559.0,3570.0,1107187.0,18155.0,0.7830664619434087,242.85742487387586
G4200310,Pennsylvania,Clarion,1930,2164.0,1826.0,106494.0,4310.0,0.8438077634011091,49.211645101663585
G4200330,Pennsylvania,Clearfield,1930,2752.0,1738.0,122491.0,3426.0,0.6315406976744186,44.50981104651163
G4200350,Pennsylvania,Clinton,1930,913.0,630.0,49907.0,1426.0,0.6900328587075575,54.66265060240964
G4200370,Pennsylvania,Columbia,1930,2279.0,1936.0,273179.0,8961.0,0.8494953927161035,119.86792452830188
G4200390,Pennsylvania,Crawford,1930,5518.0,3950.0,248062.0,6616.0,0.7158390721275825,44.95505617977528
G4200410,Pennsylvania,Cumberland,1930,2932.0,2147.0,181067.0,6991.0,0.7322646657571623,61.755457025920876
G4200430,Pennsylvania,Dauphin,1930,2299.0,1805.0,186121.0,6186.0,0.7851239669421488,80.9573727707699
G4200450,Pennsylvania,Delaware,1930,689.0,417.0,111102.0,1597.0,0.6052249637155298,161.2510885341074
G4200470,Pennsylvania,Elk,1930,789.0,525.0,41439.0,979.0,0.6653992395437263,52.52091254752852
G4200490,Pennsylvania,Erie,1930,4885.0,3578.0,354668.0,9397.0,0.732446264073695,72.60348004094166
G4200510,Pennsylvania,Fayette,1930,3364.0,1550.0,92764.0,3042.0,0.46076099881093935,27.57550535077289
G4200530,Pennsylvania,Forest,1930,337.0,212.0,12503.0,283.0,0.629080118694362,37.10089020771513
G4200550,Pennsylvania,Franklin,1930,3536.0,2775.0,250179.0,9935.0,0.7847850678733032,70.75197963800905
G4200570,Pennsylvania,Fulton,1930,1195.0,1015.0,61643.0,2654.0,0.8493723849372385,51.58410041841004
G4200590,Pennsylvania,Greene,1930,2741.0,514.0,20072.0,665.0,0.18752280189711784,7.322874863188617
G4200610,Pennsylvania,Huntingdon,1930,1771.0,1266.0,95952.0,3152.0,0.7148503670242801,54.179559570863915
G4200630,Pennsylvania,Indiana,1930,3058.0,2329.0,170917.0,4222.0,0.7616088947024199,55.89175931981687
G4200650,Pennsylvania,Jefferson,1930,2450.0,1761.0,126646.0,3464.0,0.7187755102040816,51.692244897959185
G4200670,Pennsylvania,Juniata,1930,1319.0,1065.0,87039.0,3585.0,0.8074298711144806,65.98862774829416
G4200690,Pennsylvania,Lackawanna,1930,1500.0,912.0,96920.0,2121.0,0.608,64.61333333333333
G4200710,Pennsylvania,Lancaster,1930,9705.0,7503.0,1024531.0,30887.0,0.7731066460587326,105.56733642452345
G4200730,Pennsylvania,Lawrence,1930,2236.0,1366.0,91508.0,2695.0,0.610912343470483,40.924865831842574
G4200750,Pennsylvania,Lebanon,1930,2203.0,1520.0,159564.0,5193.0,0.6899682251475261,72.43032228778938
G4200770,Pennsylvania,Lehigh,1930,2325.0,1861.0,290271.0,9307.0,0.8004301075268817,124.84774193548387
G4200790,Pennsylvania,Luzerne,1930,2385.0,1419.0,199489.0,4367.0,0.5949685534591195,83.64318658280922
G4200810,Pennsylvania,Lycoming,1930,2710.0,2185.0,221034.0,6534.0,0.8062730627306273,81.56236162361624
G4200830,Pennsylvania,McKean,1930,1081.0,524.0,32656.0,797.0,0.484736355226642,30.209065679925995
G4200850,Pennsylvania,Mercer,1930,3967.0,2928.0,191684.0,5220.0,0.7380892361986388,48.31963700529367
G4200870,Pennsylvania,Mifflin,1930,1107.0,772.0,58305.0,2043.0,0.6973803071364046,52.669376693766935
G4200890,Pennsylvania,Monroe,1930,1370.0,787.0,71654.0,2214.0,0.5744525547445255,52.302189781021895
G4200910,Pennsylvania,Montgomery,1930,3360.0,1841.0,253099.0,6129.0,0.5479166666666667,75.32708333333333
G4200930,Pennsylvania,Montour,1930,695.0,596.0,64690.0,2510.0,0.8575539568345324,93.07913669064749
G4200950,Pennsylvania,Northampton,1930,2707.0,1742.0,157263.0,5255.0,0.643516808274843,58.09493904691541
G4200970,Pennsylvania,Northumberland,1930,2143.0,1834.0,190041.0,6621.0,0.8558096126924871,88.67988800746618
G4200990,Pennsylvania,Perry,1930,1861.0,1470.0,118037.0,4696.0,0.7898979043524986,63.426652337452985
G4201010,Pennsylvania,Philadelphia,1930,231.0,180.0,79609.0,1180.0,0.7792207792207793,344.6277056277056
G4201030,Pennsylvania,Pike,1930,528.0,192.0,10821.0,215.0,0.36363636363636365,20.494318181818183
G4201050,Pennsylvania,Potter,1930,1564.0,906.0,80666.0,2040.0,0.5792838874680307,51.576726342711
G4201070,Pennsylvania,Schuylkill,1930,2502.0,2028.0,302640.0,9307.0,0.8105515587529976,120.95923261390887
G4201090,Pennsylvania,Snyder,1930,1596.0,1323.0,109988.0,4240.0,0.8289473684210527,68.91478696741855
G4201110,Pennsylvania,Somerset,1930,3400.0,2592.0,253427.0,8348.0,0.7623529411764706,74.53735294117647
G4201130,Pennsylvania,Sullivan,1930,718.0,497.0,25382.0,659.0,0.692200557103064,35.35097493036211
G4201150,Pennsylvania,Susquehanna,1930,3170.0,1781.0,121281.0,2288.0,0.5618296529968454,38.2589905362776
G4201170,Pennsylvania,Tioga,1930,3168.0,1791.0,123748.0,3098.0,0.5653409090909091,39.061868686868685
G4201190,Pennsylvania,Union,1930,1154.0,976.0,92999.0,3286.0,0.8457538994800693,80.58838821490468
G4201210,Pennsylvania,Venango,1930,1776.0,1181.0,67757.0,2087.0,0.6649774774774775,38.15146396396396
G4201230,Pennsylvania,Warren,1930,1999.0,1269.0,76555.0,1744.0,0.6348174087043522,38.29664832416208
G4201250,Pennsylvania,Washington,1930,4274.0,1672.0,118839.0,3599.0,0.39120262049602245,27.805100608329433
G4201270,Pennsylvania,Wayne,1930,2908.0,1359.0,81168.0,2537.0,0.4673314993122421,27.911966987620357
G4201290,Pennsylvania,Westmoreland,1930,4712.0,2530.0,184707.0,5773.0,0.5369269949066214,39.19927843803056
G4201310,Pennsylvania,Wyoming,1930,1409.0,690.0,53050.0,1232.0,0.48970901348474094,37.650816181689144
G4201330,Pennsylvania,York,1930,7649.0,6596.0,905079.0,30464.0,0.8623349457445417,118.32644790168649
G4209999,Pennsylvania,All Other Counties,1930,0.0,,,,,
G4400010,Rhode Island,Bristol,1930,144.0,98.0,20550.0,418.0,0.6805555555555556,142.70833333333334
G4400030,Rhode Island,Kent,1930,592.0,306.0,51582.0,997.0,0.5168918918918919,87.13175675675676
G4400050,Rhode Island,Newport,1930,625.0,459.0,115903.0,2643.0,0.7344,185.4448
G4400070,Rhode Island,Providence,1930,1340.0,603.0,90060.0,2452.0,0.45,67.2089552238806
G4400090,Rhode Island,Washington,1930,621.0,424.0,58101.0,1399.0,0.6827697262479872,93.56038647342996
G4409999,Rhode Island,All Other Counties,1930,0.0,,,,,
G4500010,South Carolina,Abbeville,1930,3403.0,2893.0,307330.0,10469.0,0.8501322362621216,90.31148986188657
G4500030,South Carolina,Aiken,1930,3674.0,3161.0,573038.0,18428.0,0.8603701687534023,155.97114861186716
G4500050,South Carolina,Allendale,1930,1019.0,926.0,222640.0,6792.0,0.9087340529931305,218.48871442590774
G4500070,South Carolina,Anderson,1930,8200.0,7616.0,1121878.0,36654.0,0.9287804878048781,136.81439024390244
G4500090,South Carolina,Bamberg,1930,1992.0,1817.0,289567.0,9957.0,0.9121485943775101,145.36495983935743
G4500110,South Carolina,Barnwell,1930,2375.0,2242.0,533394.0,16763.0,0.944,224.58694736842105
G4500130,South Carolina,Beaufort,1930,2012.0,477.0,210387.0,5856.0,0.2370775347912525,104.56610337972167
G4500150,South Carolina,Berkeley,1930,2183.0,1592.0,151262.0,5168.0,0.7292716445258818,69.29088410444342
G4500170,South Carolina,Calhoun,1930,2466.0,2356.0,378615.0,12178.0,0.9553933495539335,153.53406326034064
G4500190,South Carolina,Charleston,1930,1957.0,1008.0,583907.0,17152.0,0.515074092999489,298.36842105263156
G4500210,South Carolina,Cherokee,1930,3258.0,2999.0,449753.0,14598.0,0.9205033763044813,138.04573357888276
G4500230,South Carolina,Chester,1930,3047.0,2720.0,361307.0,10788.0,0.8926813258943223,118.57794552018379
G4500250,South Carolina,Chesterfield,1930,3555.0,3360.0,879853.0,28348.0,0.9451476793248945,247.4973277074543
G4500270,South Carolina,Clarendon,1930,4256.0,3886.0,489884.0,15113.0,0.9130639097744361,115.10432330827068
G4500290,South Carolina,Colleton,1930,3092.0,2171.0,225685.0,8175.0,0.7021345407503234,72.98997412677879
G4500310,South Carolina,Darlington,1930,3535.0,3104.0,777039.0,24062.0,0.8780763790664781,219.81301272984442
G4500330,South Carolina,Dillon,1930,3066.0,2984.0,664437.0,22441.0,0.9732550554468362,216.71135029354207
G4500350,South Carolina,Dorchester,1930,1862.0,1360.0,152927.0,5540.0,0.7303974221267454,82.13050483351235
G4500370,South Carolina,Edgefield,1930,2724.0,2465.0,317502.0,10430.0,0.9049192364170338,116.55726872246696
G4500390,South Carolina,Fairfield,1930,2276.0,1841.0,203392.0,6250.0,0.8088752196836555,89.36379613356766
G4500410,South Carolina,Florence,1930,5642.0,5070.0,777574.0,25633.0,0.8986175115207373,137.81885856079404
G4500430,South Carolina,Georgetown,1930,1045.0,635.0,63964.0,2025.0,0.6076555023923444,61.209569377990434
G4500450,South Carolina,Greenville,1930,7079.0,6399.0,766893.0,24994.0,0.9039412346376607,108.33352168385365
G4500470,South Carolina,Greenwood,1930,3084.0,2886.0,252379.0,8523.0,0.9357976653696498,81.83495460440986
G4500490,South Carolina,Hampton,1930,1403.0,1073.0,189492.0,5921.0,0.7647897362794013,135.06200997861725
G4500510,South Carolina,Horry,1930,5283.0,5036.0,768090.0,25140.0,0.9532462615937914,145.38898353208404
G4500530,South Carolina,Jasper,1930,940.0,692.0,52194.0,1749.0,0.7361702127659574,55.52553191489362
G4500550,South Carolina,Kershaw,1930,3067.0,2801.0,500402.0,15226.0,0.9132702967068796,163.15683077926312
G4500570,South Carolina,Lancaster,1930,2778.0,2496.0,331556.0,10631.0,0.8984881209503239,119.35061195104392
G4500590,South Carolina,Laurens,1930,4460.0,4172.0,681287.0,21099.0,0.9354260089686098,152.754932735426
G4500610,South Carolina,Lee,1930,2688.0,2585.0,626304.0,19914.0,0.9616815476190477,233.0
G4500630,South Carolina,Lexington,1930,3295.0,2851.0,380487.0,12782.0,0.8652503793626707,115.47405159332321
G4500650,South Carolina,McCormick,1930,1813.0,1475.0,118649.0,3808.0,0.8135686707115278,65.4434638720353
G4500670,South Carolina,Marion,1930,2565.0,2456.0,430354.0,15365.0,0.957504873294347,167.7793372319688
G4500690,South Carolina,Marlboro,1930,3410.0,3320.0,1037089.0,31744.0,0.9736070381231672,304.1316715542522
G4500710,South Carolina,Newberry,1930,3334.0,2992.0,282078.0,9289.0,0.8974205158968206,84.60647870425915
G4500730,South Carolina,Oconee,1930,4438.0,3854.0,394685.0,12090.0,0.868409193330329,88.93307796304641
G4500750,South Carolina,Orangeburg,1930,7329.0,6720.0,1295081.0,41504.0,0.9169054441260746,176.70637194705964
G4500770,South Carolina,Pickens,1930,3696.0,3316.0,358157.0,11519.0,0.8971861471861472,96.90395021645021
G4500790,South Carolina,Richland,1930,2787.0,2138.0,260284.0,8067.0,0.7671331180480804,93.39217796914245
G4500810,South Carolina,Saluda,1930,2987.0,2687.0,311456.0,10026.0,0.8995647807164379,104.27050552393706
G4500830,South Carolina,Spartanburg,1930,8556.0,8309.0,1260446.0,40263.0,0.9711313697989715,147.31720430107526
G4500850,South Carolina,Sumter,1930,3937.0,3556.0,686145.0,20674.0,0.9032258064516129,174.28117856235713
G4500870,South Carolina,Union,1930,2538.0,2347.0,309281.0,9668.0,0.9247438928289992,121.86012608353033
G4500890,South Carolina,Williamsburg,1930,4657.0,3986.0,526465.0,18043.0,0.8559158256388233,113.04809963495813
G4500910,South Carolina,York,1930,5168.0,4404.0,525942.0,17611.0,0.8521671826625387,101.7689628482972
G4509999,South Carolina,All Other Counties,1930,0.0,,,,,
G4600010,South Dakota,Armstrong,1930,10.0,0.0,0.0,0.0,0.0,0.0
G4600030,South Dakota,Aurora,1930,1140.0,0.0,0.0,0.0,0.0,0.0
G4600050,South Dakota,Beadle,1930,2078.0,15.0,1006.0,8.0,0.007218479307025986,0.48411934552454283
G4600070,South Dakota,Bennett,1930,831.0,3.0,70.0,0.0,0.0036101083032490976,0.0842358604091456
G4600090,South Dakota,Bon Homme,1930,1491.0,4.0,285.0,1.0,0.0026827632461435278,0.19114688128772636
G4600110,South Dakota,Brookings,1930,1991.0,4.0,1502.0,21.0,0.0020090406830738324,0.754394776494224
G4600130,South Dakota,Brown,1930,2315.0,4.0,380.0,0.0,0.0017278617710583153,0.16414686825053995
G4600150,South Dakota,Brule,1930,1044.0,3.0,112.0,4.0,0.0028735632183908046,0.10727969348659004
G4600170,South Dakota,Buffalo,1930,311.0,0.0,0.0,0.0,0.0,0.0
G4600190,South Dakota,Butte,1930,982.0,11.0,576.0,11.0,0.01120162932790224,0.5865580448065173
G4600210,South Dakota,Campbell,1930,807.0,0.0,0.0,0.0,0.0,0.0
G4600230,South Dakota,Charles Mix,1930,2241.0,11.0,1045.0,2.0,0.0049085229808121375,0.46630968317715304
G4600250,South Dakota,Clark,1930,1721.0,5.0,181.0,2.0,0.002905287623474724,0.10517141196978501
G4600270,South Dakota,Clay,1930,1312.0,2.0,240.0,0.0,0.001524390243902439,0.18292682926829268
G4600290,South Dakota,Codington,1930,1245.0,7.0,1260.0,0.0,0.005622489959839358,1.0120481927710843
G4600310,South Dakota,Corson,1930,1543.0,1.0,32.0,1.0,0.0006480881399870382,0.020738820479585224
G4600330,South Dakota,Custer,1930,629.0,6.0,430.0,0.0,0.009538950715421303,0.6836248012718601
G4600350,South Dakota,Davison,1930,1017.0,12.0,342.0,6.0,0.011799410029498525,0.336283185840708
G4600370,South Dakota,Day,1930,1977.0,5.0,160.0,2.0,0.0025290844714213456,0.08093070308548306
G4600390,South Dakota,Deuel,1930,1295.0,4.0,102.0,0.0,0.003088803088803089,0.07876447876447877
G4600410,South Dakota,Dewey,1930,870.0,0.0,0.0,0.0,0.0,0.0
G4600430,South Dakota,Douglas,1930,1028.0,4.0,217.0,0.0,0.0038910505836575876,0.21108949416342412
G4600450,South Dakota,Edmunds,1930,1178.0,5.0,210.0,0.0,0.004244482173174873,0.17826825127334464
G4600470,South Dakota,Fall River,1930,821.0,2.0,33.0,0.0,0.00243605359317905,0.040194884287454324
G4600490,South Dakota,Faulk,1930,978.0,3.0,80.0,1.0,0.003067484662576687,0.081799591002045
G4600510,South Dakota,Grant,1930,1389.0,1.0,30.0,0.0,0.0007199424046076314,0.02159827213822894
G4600530,South Dakota,Gregory,1930,1645.0,5.0,111.0,0.0,0.00303951367781155,0.06747720364741641
G4600550,South Dakota,Haakon,1930,801.0,0.0,0.0,0.0,0.0,0.0
G4600570,South Dakota,Hamlin,1930,1175.0,6.0,634.0,1.0,0.005106382978723404,0.5395744680851063
G4600590,South Dakota,Hand,1930,1690.0,2.0,27.0,0.0,0.001183431952662722,0.015976331360946745
G4600610,South Dakota,Hanson,1930,928.0,8.0,371.0,2.0,0.008620689655172414,0.39978448275862066
G4600630,South Dakota,Harding,1930,772.0,1.0,20.0,1.0,0.0012953367875647669,0.025906735751295335
G4600650,South Dakota,Hughes,1930,590.0,2.0,25.0,0.0,0.003389830508474576,0.0423728813559322
G4600670,South Dakota,Hutchinson,1930,1753.0,7.0,466.0,0.0,0.003993154592127781,0.26583000570450654
G4600690,South Dakota,Hyde,1930,634.0,2.0,55.0,0.0,0.0031545741324921135,0.08675078864353312
G4600710,South Dakota,Jackson,1930,393.0,0.0,0.0,0.0,0.0,0.0
G4600730,South Dakota,Jerauld,1930,855.0,0.0,0.0,0.0,0.0,0.0
G4600750,South Dakota,Jones,1930,530.0,0.0,0.0,0.0,0.0,0.0
G4600770,South Dakota,Kingsbury,1930,1678.0,3.0,32.0,0.0,0.0017878426698450535,0.01907032181168057
G4600790,South Dakota,Lake,1930,1352.0,11.0,713.0,3.0,0.008136094674556213,0.5273668639053254
G4600810,South Dakota,Lawrence,1930,411.0,10.0,534.0,5.0,0.024330900243309004,1.2992700729927007
G4600830,South Dakota,Lincoln,1930,1841.0,12.0,630.0,8.0,0.006518196632265073,0.34220532319391633
G4600850,South Dakota,Lyman,1930,1145.0,1.0,20.0,0.0,0.0008733624454148472,0.017467248908296942
G4600870,South Dakota,McCook,1930,1449.0,6.0,245.0,0.0,0.004140786749482402,0.16908212560386474
G4600890,South Dakota,McPherson,1930,1171.0,2.0,128.0,0.0,0.0017079419299743809,0.10930828351836037
G4600910,South Dakota,Marshall,1930,1298.0,2.0,115.0,0.0,0.0015408320493066256,0.08859784283513097
G4600930,South Dakota,Meade,1930,1819.0,2.0,143.0,0.0,0.0010995052226498076,0.07861462341946124
G4600950,South Dakota,Mellette,1930,855.0,1.0,36.0,0.0,0.0011695906432748538,0.042105263157894736
G4600970,South Dakota,Miner,1930,1261.0,6.0,358.0,8.0,0.004758128469468675,0.2839016653449643
G4600990,South Dakota,Minnehaha,1930,2423.0,18.0,1295.0,10.0,0.007428807263722658,0.5344614114733801
G4601010,South Dakota,Moody,1930,1373.0,19.0,1500.0,13.0,0.013838310269482883,1.0924981791697015
G4601030,South Dakota,Pennington,1930,1303.0,10.0,778.0,2.0,0.007674597083653108,0.5970836531082118
G4601050,South Dakota,Perkins,1930,1502.0,5.0,441.0,0.0,0.003328894806924101,0.29360852197070575
G4601070,South Dakota,Potter,1930,727.0,4.0,337.0,0.0,0.005502063273727648,0.46354883081155435
G4601090,South Dakota,Roberts,1930,2292.0,12.0,423.0,3.0,0.005235602094240838,0.18455497382198952
G4601110,South Dakota,Sanborn,1930,1102.0,7.0,279.0,1.0,0.006352087114337568,0.2531760435571688
G4601130,South Dakota,Shannon,1930,583.0,1.0,70.0,2.0,0.0017152658662092624,0.12006861063464837
G4601150,South Dakota,Spink,1930,1993.0,2.0,75.0,0.0,0.0010035122930255895,0.03763171098845961
G4601170,South Dakota,Stanley,1930,411.0,1.0,30.0,1.0,0.0024330900243309003,0.072992700729927
G4601190,South Dakota,Sully,1930,673.0,3.0,72.0,1.0,0.004457652303120356,0.10698365527488855
G4601210,South Dakota,Todd,1930,901.0,0.0,0.0,0.0,0.0,0.0
G4601230,South Dakota,Tripp,1930,2058.0,4.0,460.0,0.0,0.001943634596695821,0.22351797862001943
G4601250,South Dakota,Turner,1930,1986.0,6.0,139.0,0.0,0.0030211480362537764,0.06998992950654583
G4601270,South Dakota,Union,1930,1547.0,8.0,1068.0,13.0,0.005171299288946348,0.6903684550743374
G4601290,South Dakota,Walworth,1930,708.0,0.0,0.0,0.0,0.0,0.0
G4601310,South Dakota,Washabaugh,1930,551.0,0.0,0.0,0.0,0.0,0.0
G4601330,South Dakota,Washington,1930,315.0,0.0,0.0,0.0,0.0,0.0
G4601350,South Dakota,Yankton,1930,1616.0,17.0,1499.0,0.0,0.01051980198019802,0.9275990099009901
G4601370,South Dakota,Ziebach,1930,803.0,1.0,30.0,0.0,0.0012453300124533001,0.037359900373599
G4609999,South Dakota,All Other Counties,1930,0.0,,,,,
G4700010,Tennessee,Anderson,1930,1445.0,638.0,15110.0,530.0,0.44152249134948096,10.456747404844291
G4700030,Tennessee,Bedford,1930,2801.0,833.0,31512.0,1050.0,0.2973937879328811,11.250267761513745
G4700050,Tennessee,Benton,1930,1751.0,1000.0,27204.0,1010.0,0.5711022272986864,15.536264991433466
G4700070,Tennessee,Bledsoe,1930,927.0,383.0,11185.0,492.0,0.41316073354908306,12.065803667745415
G4700090,Tennessee,Blount,1930,2417.0,1186.0,44415.0,1776.0,0.49069093918080264,18.376086057095574
G4700110,Tennessee,Bradley,1930,1780.0,1251.0,51893.0,1843.0,0.702808988764045,29.153370786516852
G4700130,Tennessee,Campbell,1930,1754.0,957.0,25482.0,953.0,0.5456100342075256,14.52793614595211
G4700150,Tennessee,Cannon,1930,1727.0,335.0,9153.0,426.0,0.19397799652576722,5.29994209612044
G4700170,Tennessee,Carroll,1930,4310.0,2703.0,114121.0,3332.0,0.6271461716937355,26.47819025522042
G4700190,Tennessee,Carter,1930,2348.0,854.0,18710.0,764.0,0.3637137989778535,7.968483816013628
G4700210,Tennessee,Cheatham,1930,1509.0,911.0,48673.0,1492.0,0.6037110669317429,32.25513585155732
G4700230,Tennessee,Chester,1930,1891.0,1646.0,129211.0,3621.0,0.8704389212057113,68.32945531464833
G4700250,Tennessee,Claiborne,1930,3298.0,1949.0,47723.0,2076.0,0.5909642207398423,14.470285021224985
G4700270,Tennessee,Clay,1930,1458.0,305.0,6841.0,270.0,0.20919067215363513,4.6920438957476
G4700290,Tennessee,Cocke,1930,2707.0,1269.0,42726.0,1757.0,0.46878463243442925,15.783524196527521
G4700310,Tennessee,Coffee,1930,2112.0,1029.0,42122.0,1747.0,0.4872159090909091,19.94412878787879
G4700330,Tennessee,Crockett,1930,3148.0,1029.0,65752.0,1826.0,0.32687420584498095,20.886912325285895
G4700350,Tennessee,Cumberland,1930,1034.0,700.0,19501.0,747.0,0.6769825918762089,18.859767891682786
G4700370,Tennessee,Davidson,1930,2939.0,384.0,36462.0,861.0,0.13065668594760121,12.406260632868323
G4700390,Tennessee,Decatur,1930,1654.0,1054.0,43626.0,1279.0,0.6372430471584039,26.376058041112454
G4700410,Tennessee,DeKalb,1930,2576.0,451.0,10865.0,481.0,0.1750776397515528,4.21777950310559
G4700430,Tennessee,Dickson,1930,2487.0,1402.0,38972.0,1587.0,0.5637314032971451,15.670285484519502
G4700450,Tennessee,Dyer,1930,3911.0,167.0,12362.0,346.0,0.04270007670672462,3.160828432625927
G4700470,Tennessee,Fayette,1930,5786.0,1027.0,54565.0,1572.0,0.17749740753543036,9.430521949533356
G4700490,Tennessee,Fentress,1930,987.0,524.0,13835.0,508.0,0.5309017223910841,14.017223910840933
G4700510,Tennessee,Franklin,1930,2553.0,1486.0,87299.0,3012.0,0.582060321190756,34.19467293380337
G4700530,Tennessee,Gibson,1930,6815.0,3314.0,234197.0,6842.0,0.48628026412325753,34.364930300807046
G4700550,Tennessee,Giles,1930,4811.0,1538.0,60543.0,1868.0,0.31968405736853045,12.584286011224277
G4700570,Tennessee,Grainger,1930,2140.0,1076.0,30395.0,1141.0,0.502803738317757,14.203271028037383
G4700590,Tennessee,Greene,1930,5004.0,3459.0,108974.0,4578.0,0.6912470023980816,21.777378097521982
G4700610,Tennessee,Grundy,1930,524.0,248.0,8223.0,335.0,0.4732824427480916,15.692748091603054
G4700630,Tennessee,Hamblen,1930,1501.0,909.0,34459.0,1545.0,0.6055962691538974,22.95736175882745
G4700650,Tennessee,Hamilton,1930,2407.0,1050.0,45369.0,1540.0,0.4362276692978812,18.848774407976734
G4700670,Tennessee,Hancock,1930,1613.0,639.0,11940.0,509.0,0.39615623062616245,7.402355858648481
G4700690,Tennessee,Hardeman,1930,3396.0,1865.0,97273.0,2887.0,0.5491755005889282,28.643404004711424
G4700710,Tennessee,Hardin,1930,2708.0,1587.0,86025.0,2321.0,0.5860413589364845,31.76698670605613
G4700730,Tennessee,Hawkins,1930,3505.0,1538.0,39055.0,1505.0,0.43880171184022826,11.142653352353781
G4700750,Tennessee,Haywood,1930,5079.0,680.0,34746.0,940.0,0.13388462295727505,6.84111045481394
G4700770,Tennessee,Henderson,1930,3290.0,2513.0,170516.0,4668.0,0.7638297872340426,51.82857142857143
G4700790,Tennessee,Henry,1930,3296.0,1440.0,39174.0,1439.0,0.4368932038834951,11.885315533980583
G4700810,Tennessee,Hickman,1930,1647.0,329.0,9199.0,367.0,0.1997571341833637,5.585306618093504
G4700830,Tennessee,Houston,1930,789.0,285.0,5154.0,182.0,0.3612167300380228,6.532319391634981
G4700850,Tennessee,Humphreys,1930,1452.0,240.0,5710.0,235.0,0.1652892561983471,3.9325068870523414
G4700870,Tennessee,Jackson,1930,2389.0,260.0,5424.0,234.0,0.1088321473419841,2.270406027626622
G4700890,Tennessee,Jefferson,1930,2204.0,1180.0,47893.0,2122.0,0.5353901996370236,21.730036297640652
G4700910,Tennessee,Johnson,1930,1593.0,883.0,20687.0,724.0,0.5543000627746391,12.986189579409919
G4700930,Tennessee,Knox,1930,4039.0,1691.0,67180.0,2407.0,0.4186679871255261,16.632829908393166
G4700950,Tennessee,Lake,1930,1120.0,20.0,3978.0,117.0,0.017857142857142856,3.5517857142857143
G4700970,Tennessee,Lauderdale,1930,3981.0,408.0,26285.0,622.0,0.10248681235870384,6.602612408942477
G4700990,Tennessee,Lawrence,1930,3845.0,3310.0,181502.0,6043.0,0.8608582574772432,47.20468140442133
G4701010,Tennessee,Lewis,1930,507.0,186.0,6649.0,214.0,0.3668639053254438,13.11439842209073
G4701030,Tennessee,Lincoln,1930,4131.0,1625.0,108053.0,3236.0,0.3933672234325829,26.156620672960543
G4701050,Tennessee,Loudon,1930,1332.0,619.0,21495.0,854.0,0.4647147147147147,16.13738738738739
G4701070,Tennessee,McMinn,1930,2510.0,1325.0,40023.0,1692.0,0.5278884462151394,15.945418326693227
G4701090,Tennessee,McNairy,1930,3414.0,2816.0,156895.0,4686.0,0.824838898652607,45.95635618043351
G4701110,Tennessee,Macon,1930,2735.0,1116.0,19359.0,836.0,0.4080438756855576,7.078244972577696
G4701130,Tennessee,Madison,1930,4650.0,2439.0,160673.0,4094.0,0.5245161290322581,34.553333333333335
G4701150,Tennessee,Marion,1930,1044.0,236.0,8491.0,284.0,0.2260536398467433,8.133141762452107
G4701170,Tennessee,Marshall,1930,2297.0,190.0,8773.0,311.0,0.0827165868524162,3.819329560296038
G4701190,Tennessee,Maury,1930,3680.0,149.0,7908.0,240.0,0.04048913043478261,2.148913043478261
G4701210,Tennessee,Meigs,1930,757.0,366.0,10271.0,429.0,0.48348745046235136,13.568031704095112
G4701230,Tennessee,Monroe,1930,2800.0,1132.0,42237.0,1720.0,0.4042857142857143,15.084642857142857
G4701250,Tennessee,Montgomery,1930,4036.0,2369.0,75468.0,2661.0,0.5869672943508424,18.698711595639246
G4701270,Tennessee,Moore,1930,976.0,122.0,2682.0,98.0,0.125,2.747950819672131
G4701290,Tennessee,Morgan,1930,1074.0,663.0,19958.0,685.0,0.61731843575419,18.5828677839851
G4701310,Tennessee,Obion,1930,3315.0,133.0,8301.0,343.0,0.04012066365007542,2.5040723981900452
G4701330,Tennessee,Overton,1930,2724.0,1047.0,19497.0,873.0,0.3843612334801762,7.157488986784141
G4701350,Tennessee,Perry,1930,1070.0,69.0,1346.0,43.0,0.06448598130841121,1.2579439252336448
G4701370,Tennessee,Pickett,1930,943.0,497.0,9216.0,395.0,0.5270413573700954,9.773064687168612
G4701390,Tennessee,Polk,1930,1082.0,764.0,30773.0,1070.0,0.7060998151571165,28.440850277264325
G4701410,Tennessee,Putnam,1930,2913.0,1066.0,22270.0,998.0,0.36594576038448334,7.645039478201167
G4701430,Tennessee,Rhea,1930,1206.0,510.0,18211.0,741.0,0.4228855721393035,15.100331674958541
G4701450,Tennessee,Roane,1930,1304.0,530.0,21369.0,723.0,0.40644171779141103,16.387269938650306
G4701470,Tennessee,Robertson,1930,4420.0,3193.0,264207.0,7830.0,0.7223981900452489,59.77533936651584
G4701490,Tennessee,Rutherford,1930,4653.0,1491.0,61537.0,2208.0,0.32043842682140555,13.225231033741672
G4701510,Tennessee,Scott,1930,1124.0,534.0,12450.0,379.0,0.4750889679715303,11.076512455516013
G4701530,Tennessee,Sequatchie,1930,537.0,170.0,4036.0,156.0,0.3165735567970205,7.515828677839851
G4701550,Tennessee,Sevier,1930,2931.0,989.0,26479.0,1022.0,0.3374274991470488,9.03411804844763
G4701570,Tennessee,Shelby,1930,8595.0,733.0,49962.0,1296.0,0.08528214077952298,5.812914485165794
G4701590,Tennessee,Smith,1930,2661.0,19.0,1057.0,31.0,0.007140172867343104,0.39721909056745586
G4701610,Tennessee,Stewart,1930,1902.0,900.0,19089.0,585.0,0.47318611987381703,10.03627760252366
G4701630,Tennessee,Sullivan,1930,3186.0,1800.0,63407.0,2818.0,0.5649717514124294,19.901757689893284
G4701650,Tennessee,Sumner,1930,4481.0,1669.0,58189.0,2433.0,0.37246150412854273,12.985717473778175
G4701670,Tennessee,Tipton,1930,4968.0,991.0,42246.0,1300.0,0.19947665056360708,8.503623188405797
G4701690,Tennessee,Trousdale,1930,972.0,38.0,900.0,30.0,0.03909465020576132,0.9259259259259259
G4701710,Tennessee,Unicoi,1930,860.0,435.0,10897.0,385.0,0.5058139534883721,12.67093023255814
G4701730,Tennessee,Union,1930,1966.0,1131.0,25501.0,978.0,0.5752797558494405,12.971007121057985
G4701750,Tennessee,Van Buren,1930,488.0,223.0,5352.0,228.0,0.4569672131147541,10.967213114754099
G4701770,Tennessee,Warren,1930,2615.0,1173.0,33701.0,1548.0,0.448565965583174,12.88757170172084
G4701790,Tennessee,Washington,1930,2980.0,2158.0,82906.0,3368.0,0.7241610738255033,27.820805369127516
G4701810,Tennessee,Wayne,1930,1635.0,778.0,22477.0,781.0,0.4758409785932722,13.747400611620796
G4701830,Tennessee,Weakley,1930,4978.0,1028.0,37344.0,1295.0,0.20650863800723182,7.5018079550020085
G4701850,Tennessee,White,1930,1960.0,870.0,23842.0,1151.0,0.44387755102040816,12.164285714285715
G4701870,Tennessee,Williamson,1930,3005.0,368.0,12361.0,655.0,0.12246256239600666,4.113477537437604
G4701890,Tennessee,Wilson,1930,3782.0,199.0,8987.0,368.0,0.052617662612374404,2.37625594923321
G4709999,Tennessee,All Other Counties,1930,0.0,,,,,
G4800010,Texas,Anderson,1930,4422.0,1109.0,78298.0,2028.0,0.2507914970601538,17.70646766169154
G4800030,Texas,Andrews,1930,75.0,0.0,0.0,0.0,0.0,0.0
G4800050,Texas,Angelina,1930,2632.0,1631.0,100213.0,2832.0,0.6196808510638298,38.07484802431611
G4800070,Texas,Aransas,1930,143.0,26.0,2583.0,47.0,0.18181818181818182,18.062937062937063
G4800090,Texas,Archer,1930,692.0,5.0,1307.0,28.0,0.0072254335260115606,1.888728323699422
G4800110,Texas,Armstrong,1930,472.0,0.0,0.0,0.0,0.0,0.0
G4800130,Texas,Atascosa,1930,1816.0,357.0,41564.0,892.0,0.19658590308370044,22.887665198237887
G4800150,Texas,Austin,1930,3112.0,266.0,10007.0,255.0,0.08547557840616966,3.215616966580977
G4800170,Texas,Bailey,1930,758.0,0.0,0.0,0.0,0.0,0.0
G4800190,Texas,Bandera,1930,678.0,0.0,0.0,0.0,0.0,0.0
G4800210,Texas,Bastrop,1930,3207.0,124.0,8206.0,195.0,0.03866541939507328,2.5587776738384784
G4800230,Texas,Baylor,1930,867.0,1.0,5.0,0.0,0.0011534025374855825,0.0057670126874279125
G4800250,Texas,Bee,1930,1731.0,49.0,2514.0,54.0,0.02830733679953784,1.4523396880415944
G4800270,Texas,Bell,1930,5430.0,12.0,974.0,30.0,0.0022099447513812156,0.17937384898710865
G4800290,Texas,Bexar,1930,3467.0,89.0,10264.0,250.0,0.025670608595327372,2.9604845687914625
G4800310,Texas,Blanco,1930,708.0,9.0,519.0,14.0,0.012711864406779662,0.7330508474576272
G4800330,Texas,Borden,1930,292.0,0.0,0.0,0.0,0.0,0.0
G4800350,Texas,Bosque,1930,2229.0,8.0,481.0,12.0,0.003589053387169134,0.2157918349035442
G4800370,Texas,Bowie,1930,5451.0,2170.0,186259.0,5212.0,0.39809209319390937,34.16969363419556
G4800390,Texas,Brazoria,1930,2163.0,120.0,4890.0,174.0,0.05547850208044383,2.260748959778086
G4800410,Texas,Brazos,1930,2493.0,522.0,24116.0,752.0,0.20938628158844766,9.67348576012836
G4800430,Texas,Brewster,1930,287.0,9.0,182.0,1.0,0.0313588850174216,0.6341463414634146
G4800450,Texas,Briscoe,1930,679.0,2.0,50.0,2.0,0.0029455081001472753,0.07363770250368189
G4800470,Texas,Brooks,1930,513.0,41.0,6718.0,141.0,0.07992202729044834,13.095516569200779
G4800490,Texas,Brown,1930,2158.0,20.0,757.0,23.0,0.009267840593141797,0.35078776645041704
G4800510,Texas,Burleson,1930,3185.0,373.0,18525.0,486.0,0.11711145996860282,5.816326530612245
G4800530,Texas,Burnet,1930,1548.0,0.0,0.0,0.0,0.0,0.0
G4800550,Texas,Caldwell,1930,3149.0,26.0,1569.0,39.0,0.00825658939345824,0.49825341378215304
G4800570,Texas,Calhoun,1930,574.0,16.0,881.0,30.0,0.027874564459930314,1.5348432055749128
G4800590,Texas,Callahan,1930,1451.0,14.0,237.0,5.0,0.009648518263266712,0.1633356305995865
G4800610,Texas,Cameron,1930,2936.0,222.0,32127.0,780.0,0.07561307901907358,10.942438692098092
G4800630,Texas,Camp,1930,1538.0,852.0,61381.0,1711.0,0.5539661898569571,39.90962288686606
G4800650,Texas,Carson,1930,542.0,0.0,0.0,0.0,0.0,0.0
G4800670,Texas,Cass,1930,5841.0,4156.0,351795.0,9910.0,0.7115219996575929,60.228556753980484
G4800690,Texas,Castro,1930,751.0,1.0,100.0,0.0,0.0013315579227696406,0.13315579227696406
G4800710,Texas,Chambers,1930,577.0,195.0,19984.0,634.0,0.3379549393414211,34.63431542461005
G4800730,Texas,Cherokee,1930,6693.0,4270.0,306695.0,8009.0,0.6379799790826236,45.82324816972957
G4800750,Texas,Childress,1930,1348.0,0.0,0.0,0.0,0.0,0.0
G4800770,Texas,Clay,1930,2106.0,3.0,155.0,3.0,0.0014245014245014246,0.07359924026590693
G4800790,Texas,Cochran,1930,285.0,0.0,0.0,0.0,0.0,0.0
G4800810,Texas,Coke,1930,838.0,1.0,55.0,2.0,0.0011933174224343676,0.06563245823389022
G4800830,Texas,Coleman,1930,2583.0,1.0,10.0,0.0,0.00038714672861014324,0.0038714672861014324
G4800850,Texas,Collin,1930,6069.0,12.0,768.0,19.0,0.001977261492832427,0.12654473554127532
G4800870,Texas,Collingsworth,1930,2112.0,5.0,461.0,13.0,0.0023674242424242425,0.21827651515151514
G4800890,Texas,Colorado,1930,2589.0,205.0,8135.0,209.0,0.07918115102356121,3.142139822325222
G4800910,Texas,Comal,1930,897.0,10.0,2329.0,55.0,0.011148272017837236,2.596432552954292
G4800930,Texas,Comanche,1930,2768.0,189.0,8890.0,294.0,0.06828034682080925,3.211705202312139
G4800950,Texas,Concho,1930,1137.0,0.0,0.0,0.0,0.0,0.0
G4800970,Texas,Cooke,1930,2748.0,50.0,1564.0,45.0,0.018195050946142648,0.5691411935953421
G4800990,Texas,Coryell,1930,3101.0,4.0,194.0,7.0,0.0012899064817800709,0.06256046436633345
G4801010,Texas,Cottle,1930,1047.0,0.0,0.0,0.0,0.0,0.0
G4801030,Texas,Crane,1930,13.0,0.0,0.0,0.0,0.0,0.0
G4801050,Texas,Crockett,1930,134.0,0.0,0.0,0.0,0.0,0.0
G4801070,Texas,Crosby,1930,1739.0,2.0,180.0,6.0,0.0011500862564692352,0.10350776308223117
G4801090,Texas,Culberson,1930,52.0,0.0,0.0,0.0,0.0,0.0
G4801110,Texas,Dallam,1930,660.0,0.0,0.0,0.0,0.0,0.0
G4801130,Texas,Dallas,1930,4830.0,61.0,4591.0,101.0,0.012629399585921325,0.9505175983436853
G4801150,Texas,Dawson,1930,2218.0,2.0,330.0,11.0,0.0009017132551848512,0.14878268710550044
G4801170,Texas,Deaf Smith,1930,630.0,2.0,126.0,0.0,0.0031746031746031746,0.2
G4801190,Texas,Delta,1930,2289.0,7.0,477.0,7.0,0.0030581039755351682,0.20838794233289645
G4801210,Texas,Denton,1930,3963.0,46.0,1931.0,35.0,0.0116073681554378,0.48725712843805197
G4801230,Texas,DeWitt,1930,3548.0,229.0,7749.0,190.0,0.06454340473506201,2.1840473506200677
G4801250,Texas,Dickens,1930,1228.0,0.0,0.0,0.0,0.0,0.0
G4801270,Texas,Dimmit,1930,241.0,38.0,12976.0,233.0,0.15767634854771784,53.84232365145228
G4801290,Texas,Donley,1930,1364.0,2.0,244.0,0.0,0.001466275659824047,0.17888563049853373
G4801310,Texas,Duval,1930,1241.0,1.0,90.0,2.0,0.0008058017727639,0.072522159548751
G4801330,Texas,Eastland,1930,1990.0,61.0,2823.0,73.0,0.030653266331658293,1.4185929648241207
G4801350,Texas,Ector,1930,69.0,0.0,0.0,0.0,0.0,0.0
G4801370,Texas,Edwards,1930,258.0,0.0,0.0,0.0,0.0,0.0
G4801390,Texas,Ellis,1930,6082.0,13.0,747.0,20.0,0.0021374547846103255,0.12282144031568563
G4801410,Texas,El Paso,1930,1263.0,292.0,74257.0,1987.0,0.23119556611243072,58.794140934283455
G4801430,Texas,Erath,1930,2979.0,17.0,1183.0,23.0,0.005706612957368244,0.39711312520980196
G4801450,Texas,Falls,1930,6014.0,203.0,12300.0,339.0,0.0337545726637845,2.04522780179581
G4801470,Texas,Fannin,1930,5894.0,31.0,2263.0,43.0,0.005259586019681031,0.3839497794367153
G4801490,Texas,Fayette,1930,5133.0,211.0,6750.0,153.0,0.041106565361387105,1.315020455873758
G4801510,Texas,Fisher,1930,2088.0,2.0,82.0,1.0,0.0009578544061302681,0.039272030651340994
G4801530,Texas,Floyd,1930,1671.0,4.0,493.0,11.0,0.0023937761819269898,0.2950329144225015
G4801550,Texas,Foard,1930,720.0,1.0,60.0,2.0,0.001388888888888889,0.08333333333333333
G4801570,Texas,Fort Bend,1930,4258.0,21.0,15053.0,426.0,0.004931892907468295,3.5352278064819163
G4801590,Texas,Franklin,1930,1678.0,394.0,16567.0,454.0,0.23480333730631706,9.873063170441002
G4801610,Texas,Freestone,1930,3559.0,931.0,57062.0,1698.0,0.26159033436358525,16.033155380724924
G4801630,Texas,Frio,1930,943.0,55.0,9201.0,184.0,0.05832449628844114,9.757158006362673
G4801650,Texas,Gaines,1930,407.0,1.0,60.0,2.0,0.002457002457002457,0.14742014742014742
G4801670,Texas,Galveston,1930,674.0,179.0,19543.0,502.0,0.2655786350148368,28.995548961424333
G4801690,Texas,Garza,1930,796.0,0.0,0.0,0.0,0.0,0.0
G4801710,Texas,Gillespie,1930,1444.0,2.0,20.0,0.0,0.0013850415512465374,0.013850415512465374
G4801730,Texas,Glasscock,1930,125.0,0.0,0.0,0.0,0.0,0.0
G4801750,Texas,Goliad,1930,1521.0,31.0,923.0,29.0,0.020381328073635765,0.6068376068376068
G4801770,Texas,Gonzales,1930,4696.0,112.0,5487.0,138.0,0.02385008517887564,1.1684412265758093
G4801790,Texas,Gray,1930,701.0,11.0,552.0,16.0,0.015691868758915834,0.7874465049928673
G4801810,Texas,Grayson,1930,5169.0,36.0,1706.0,46.0,0.006964596633778294,0.3300444960340491
G4801830,Texas,Gregg,1930,2000.0,1482.0,92097.0,2710.0,0.741,46.0485
G4801850,Texas,Grimes,1930,3223.0,603.0,33098.0,1041.0,0.18709277071051816,10.269314303443997
G4801870,Texas,Guadalupe,1930,3820.0,16.0,489.0,13.0,0.004188481675392671,0.1280104712041885
G4801890,Texas,Hale,1930,1729.0,3.0,450.0,12.0,0.001735106998264893,0.26026604973973394
G4801910,Texas,Hall,1930,1835.0,4.0,493.0,2.0,0.0021798365122615805,0.2686648501362398
G4801930,Texas,Hamilton,1930,1982.0,4.0,77.0,3.0,0.0020181634712411706,0.03884964682139253
G4801950,Texas,Hansford,1930,430.0,0.0,0.0,0.0,0.0,0.0
G4801970,Texas,Hardeman,1930,1388.0,5.0,243.0,5.0,0.0036023054755043226,0.17507204610951008
G4801990,Texas,Hardin,1930,633.0,400.0,21111.0,542.0,0.631911532385466,33.350710900473935
G4802010,Texas,Harris,1930,4131.0,942.0,67525.0,1845.0,0.2280319535221496,16.345921084483177
G4802030,Texas,Harrison,1930,6802.0,4409.0,269104.0,7460.0,0.6481917083210821,39.562481623052044
G4802050,Texas,Hartley,1930,264.0,0.0,0.0,0.0,0.0,0.0
G4802070,Texas,Haskell,1930,2380.0,13.0,943.0,26.0,0.0054621848739495795,0.39621848739495796
G4802090,Texas,Hays,1930,1467.0,1.0,7.0,0.0,0.0006816632583503749,0.004771642808452625
G4802110,Texas,Hemphill,1930,414.0,0.0,0.0,0.0,0.0,0.0
G4802130,Texas,Henderson,1930,4471.0,1584.0,100561.0,2720.0,0.3542831581301722,22.491836278237532
G4802150,Texas,Hidalgo,1930,4321.0,303.0,35031.0,824.0,0.07012265679240916,8.107151122425364
G4802170,Texas,Hill,1930,5488.0,37.0,3570.0,76.0,0.00674198250728863,0.6505102040816326
G4802190,Texas,Hockley,1930,1344.0,4.0,196.0,4.0,0.002976190476190476,0.14583333333333334
G4802210,Texas,Hood,1930,1177.0,46.0,1368.0,48.0,0.03908241291418862,1.1622769753610875
G4802230,Texas,Hopkins,1930,5005.0,1266.0,69578.0,1942.0,0.25294705294705294,13.901698301698302
G4802250,Texas,Houston,1930,5656.0,1549.0,125093.0,3353.0,0.2738684582743989,22.116867043847243
G4802270,Texas,Howard,1930,1194.0,3.0,186.0,3.0,0.002512562814070352,0.15577889447236182
G4802290,Texas,Hudspeth,1930,194.0,7.0,4265.0,67.0,0.03608247422680412,21.984536082474225
G4802310,Texas,Hunt,1930,5905.0,113.0,8399.0,206.0,0.01913632514817951,1.4223539373412362
G4802330,Texas,Hutchinson,1930,161.0,0.0,0.0,0.0,0.0,0.0
G4802350,Texas,Irion,1930,160.0,1.0,65.0,2.0,0.00625,0.40625
G4802370,Texas,Jack,1930,1161.0,4.0,223.0,3.0,0.0034453057708871662,0.1920757967269595
G4802390,Texas,Jackson,1930,1642.0,16.0,633.0,18.0,0.0097442143727162,0.38550548112058464
G4802410,Texas,Jasper,1930,1377.0,832.0,60925.0,1561.0,0.6042120551924474,44.24473493100944
G4802430,Texas,Jeff Davis,1930,99.0,1.0,7.0,0.0,0.010101010101010102,0.0707070707070707
G4802450,Texas,Jefferson,1930,1012.0,461.0,35018.0,1378.0,0.45553359683794464,34.60276679841897
G4802470,Texas,Jim Hogg,1930,312.0,0.0,0.0,0.0,0.0,0.0
G4802490,Texas,Jim Wells,1930,1302.0,55.0,6816.0,150.0,0.042242703533026116,5.235023041474655
G4802510,Texas,Johnson,1930,3334.0,57.0,2383.0,50.0,0.017096580683863227,0.714757048590282
G4802530,Texas,Jones,1930,2804.0,7.0,393.0,18.0,0.0024964336661911554,0.14015691868758917
G4802550,Texas,Karnes,1930,3167.0,9.0,352.0,7.0,0.002841806125670982,0.11114619513735396
G4802570,Texas,Kaufman,1930,5131.0,93.0,6073.0,165.0,0.018125121808614305,1.183589943480803
G4802590,Texas,Kendall,1930,691.0,1.0,20.0,0.0,0.001447178002894356,0.02894356005788712
G4802610,Texas,Kenedy,1930,13.0,0.0,0.0,0.0,0.0,0.0
G4802630,Texas,Kent,1930,588.0,0.0,0.0,0.0,0.0,0.0
G4802650,Texas,Kerr,1930,591.0,12.0,219.0,5.0,0.02030456852791878,0.37055837563451777
G4802670,Texas,Kimble,1930,454.0,0.0,0.0,0.0,0.0,0.0
G4802690,Texas,King,1930,159.0,0.0,0.0,0.0,0.0,0.0
G4802710,Texas,Kinney,1930,133.0,0.0,0.0,0.0,0.0,0.0
G4802730,Texas,Kleberg,1930,548.0,2.0,110.0,2.0,0.0036496350364963502,0.20072992700729927
G4802750,Texas,Knox,1930,1460.0,1.0,12.0,0.0,0.0006849315068493151,0.00821917808219178
G4802770,Texas,Lamar,1930,6024.0,335.0,19108.0,568.0,0.05561088977423639,3.1719787516600264
G4802790,Texas,Lamb,1930,2381.0,2.0,1300.0,0.0,0.0008399832003359933,0.5459890802183957
G4802810,Texas,Lampasas,1930,1202.0,1.0,40.0,0.0,0.0008319467554076539,0.033277870216306155
G4802830,Texas,La Salle,1930,627.0,18.0,2203.0,23.0,0.028708133971291867,3.5135566188197767
G4802850,Texas,Lavaca,1930,4191.0,359.0,12951.0,301.0,0.08565974707706991,3.0901932712956337
G4802870,Texas,Lee,1930,2189.0,163.0,7312.0,189.0,0.07446322521699406,3.340338053905893
G4802890,Texas,Leon,1930,4319.0,1291.0,69589.0,1900.0,0.298911785135448,16.11229451261866
G4802910,Texas,Liberty,1930,1535.0,434.0,53328.0,1826.0,0.28273615635179156,34.741368078175896
G4802930,Texas,Limestone,1930,6081.0,660.0,45455.0,1218.0,0.10853478046373952,7.474921887847393
G4802950,Texas,Lipscomb,1930,525.0,2.0,13.0,0.0,0.0038095238095238095,0.024761904761904763
G4802970,Texas,Live Oak,1930,1146.0,7.0,992.0,28.0,0.006108202443280977,0.8656195462478184
G4802990,Texas,Llano,1930,720.0,4.0,180.0,4.0,0.005555555555555556,0.25
G4803010,Texas,Loving,1930,8.0,0.0,0.0,0.0,0.0,0.0
G4803030,Texas,Lubbock,1930,2495.0,13.0,897.0,17.0,0.0052104208416833666,0.3595190380761523
G4803050,Texas,Lynn,1930,2138.0,0.0,0.0,0.0,0.0,0.0
G4803070,Texas,McCulloch,1930,1519.0,10.0,362.0,10.0,0.0065832784726793945,0.23831468071099407
G4803090,Texas,McLennan,1930,6641.0,48.0,2744.0,67.0,0.007227827134467701,0.41319078452040353
G4803110,Texas,McMullen,1930,202.0,2.0,200.0,6.0,0.009900990099009901,0.9900990099009901
G4803130,Texas,Madison,1930,2355.0,857.0,51353.0,1380.0,0.3639065817409766,21.805944798301486
G4803150,Texas,Marion,1930,1558.0,1015.0,62446.0,1721.0,0.6514762516046213,40.080872913992295
G4803170,Texas,Martin,1930,776.0,0.0,0.0,0.0,0.0,0.0
G4803190,Texas,Mason,1930,906.0,35.0,1588.0,44.0,0.03863134657836645,1.7527593818984548
G4803210,Texas,Matagorda,1930,1673.0,24.0,3515.0,115.0,0.01434548714883443,2.1010161386730424
G4803230,Texas,Maverick,1930,52.0,11.0,7101.0,131.0,0.21153846153846154,136.55769230769232
G4803250,Texas,Medina,1930,1590.0,10.0,7706.0,103.0,0.006289308176100629,4.846540880503144
G4803270,Texas,Menard,1930,401.0,5.0,71.0,3.0,0.012468827930174564,0.1770573566084788
G4803290,Texas,Midland,1930,361.0,0.0,0.0,0.0,0.0,0.0
G4803310,Texas,Milam,1930,5469.0,463.0,26029.0,649.0,0.08465898701773633,4.759371000182849
G4803330,Texas,Mills,1930,1484.0,1.0,550.0,11.0,0.0006738544474393531,0.3706199460916442
G4803350,Texas,Mitchell,1930,1481.0,0.0,0.0,0.0,0.0,0.0
G4803370,Texas,Montague,1930,2360.0,10.0,174.0,3.0,0.00423728813559322,0.07372881355932204
G4803390,Texas,Montgomery,1930,1773.0,469.0,27258.0,688.0,0.2645234066553864,15.37394247038917
G4803410,Texas,Moore,1930,174.0,0.0,0.0,0.0,0.0,0.0
G4803430,Texas,Morris,1930,1572.0,919.0,78185.0,2050.0,0.5846055979643766,49.73600508905852
G4803450,Texas,Motley,1930,910.0,0.0,0.0,0.0,0.0,0.0
G4803470,Texas,Nacogdoches,1930,4486.0,3631.0,300509.0,8218.0,0.8094070441373161,66.98818546589389
G4803490,Texas,Navarro,1930,6513.0,158.0,11950.0,353.0,0.024259173959772763,1.8347919545524336
G4803510,Texas,Newton,1930,1102.0,670.0,40794.0,1058.0,0.6079854809437386,37.01814882032668
G4803530,Texas,Nolan,1930,1154.0,0.0,0.0,0.0,0.0,0.0
G4803550,Texas,Nueces,1930,1969.0,12.0,1512.0,35.0,0.006094464195022855,0.7679024885728797
G4803570,Texas,Ochiltree,1930,580.0,5.0,700.0,23.0,0.008620689655172414,1.206896551724138
G4803590,Texas,Oldham,1930,137.0,0.0,0.0,0.0,0.0,0.0
G4803610,Texas,Orange,1930,389.0,210.0,26039.0,724.0,0.5398457583547558,66.93830334190231
G4803630,Texas,Palo Pinto,1930,1269.0,28.0,1056.0,24.0,0.02206461780929866,0.8321513002364066
G4803650,Texas,Panola,1930,4656.0,3567.0,276066.0,7658.0,0.7661082474226805,59.29252577319588
G4803670,Texas,Parker,1930,2521.0,138.0,3323.0,91.0,0.05474018246727489,1.3181277270924237
G4803690,Texas,Parmer,1930,818.0,0.0,0.0,0.0,0.0,0.0
G4803710,Texas,Pecos,1930,385.0,54.0,8578.0,318.0,0.14025974025974025,22.28051948051948
G4803730,Texas,Polk,1930,2300.0,727.0,40404.0,1022.0,0.3160869565217391,17.56695652173913
G4803750,Texas,Potter,1930,322.0,2.0,209.0,0.0,0.006211180124223602,0.6490683229813664
G4803770,Texas,Presidio,1930,532.0,4.0,694.0,4.0,0.007518796992481203,1.3045112781954886
G4803790,Texas,Rains,1930,1691.0,135.0,5579.0,150.0,0.07983441750443525,3.2992312241277353
G4803810,Texas,Randall,1930,843.0,4.0,645.0,0.0,0.004744958481613286,0.7651245551601423
G4803830,Texas,Reagan,1930,73.0,0.0,0.0,0.0,0.0,0.0
G4803850,Texas,Real,1930,253.0,1.0,10.0,0.0,0.003952569169960474,0.039525691699604744
G4803870,Texas,Red River,1930,5329.0,599.0,47025.0,1211.0,0.11240382811033965,8.824357290298368
G4803890,Texas,Reeves,1930,327.0,3.0,355.0,15.0,0.009174311926605505,1.0856269113149848
G4803910,Texas,Refugio,1930,507.0,15.0,515.0,15.0,0.029585798816568046,1.0157790927021697
G4803930,Texas,Roberts,1930,158.0,1.0,80.0,2.0,0.006329113924050633,0.5063291139240507
G4803950,Texas,Robertson,1930,4065.0,1027.0,62652.0,1870.0,0.2526445264452645,15.412546125461255
G4803970,Texas,Rockwall,1930,1031.0,3.0,836.0,26.0,0.002909796314258002,0.8108632395732299
G4803990,Texas,Runnels,1930,2544.0,3.0,560.0,16.0,0.0011792452830188679,0.22012578616352202
G4804010,Texas,Rusk,1930,6426.0,5115.0,442178.0,12523.0,0.795985060690943,68.81076875194522
G4804030,Texas,Sabine,1930,1458.0,924.0,49385.0,1413.0,0.6337448559670782,33.871742112482856
G4804050,Texas,San Augustine,1930,1823.0,997.0,70788.0,1869.0,0.5469007131102578,38.83049917718047
G4804070,Texas,San Jacinto,1930,1515.0,217.0,8731.0,257.0,0.14323432343234324,5.763036303630363
G4804090,Texas,San Patricio,1930,1626.0,69.0,8247.0,174.0,0.042435424354243544,5.071955719557195
G4804110,Texas,San Saba,1930,1424.0,4.0,128.0,4.0,0.0028089887640449437,0.0898876404494382
G4804130,Texas,Schleicher,1930,300.0,0.0,0.0,0.0,0.0,0.0
G4804150,Texas,Scurry,1930,1564.0,4.0,136.0,5.0,0.0025575447570332483,0.08695652173913043
G4804170,Texas,Shackelford,1930,462.0,1.0,10.0,0.0,0.0021645021645021645,0.021645021645021644
G4804190,Texas,Shelby,1930,4908.0,2984.0,186228.0,5052.0,0.6079869600651997,37.9437652811736
G4804210,Texas,Sherman,1930,298.0,0.0,0.0,0.0,0.0,0.0
G4804230,Texas,Smith,1930,6907.0,4267.0,332466.0,8619.0,0.6177790647169538,48.134646011292894
G4804250,Texas,Somervell,1930,456.0,7.0,397.0,13.0,0.015350877192982455,0.8706140350877193
G4804270,Texas,Starr,1930,1349.0,0.0,0.0,0.0,0.0,0.0
G4804290,Texas,Stephens,1930,765.0,7.0,502.0,11.0,0.009150326797385621,0.6562091503267974
G4804310,Texas,Sterling,1930,136.0,1.0,18.0,0.0,0.007352941176470588,0.1323529411764706
G4804330,Texas,Stonewall,1930,844.0,0.0,0.0,0.0,0.0,0.0
G4804350,Texas,Sutton,1930,154.0,0.0,0.0,0.0,0.0,0.0
G4804370,Texas,Swisher,1930,1021.0,3.0,26.0,1.0,0.002938295788442703,0.025465230166503428
G4804390,Texas,Tarrant,1930,3366.0,186.0,7102.0,230.0,0.05525846702317291,2.1099227569815806
G4804410,Texas,Taylor,1930,2233.0,11.0,679.0,7.0,0.0049261083743842365,0.30407523510971785
G4804430,Texas,Terrell,1930,141.0,0.0,0.0,0.0,0.0,0.0
G4804450,Texas,Terry,1930,1458.0,0.0,0.0,0.0,0.0,0.0
G4804470,Texas,Throckmorton,1930,611.0,0.0,0.0,0.0,0.0,0.0
G4804490,Texas,Titus,1930,2487.0,1316.0,98410.0,2763.0,0.5291515882589465,39.5697627663852
G4804510,Texas,Tom Green,1930,1234.0,3.0,68.0,0.0,0.0024311183144246355,0.055105348460291734
G4804530,Texas,Travis,1930,3624.0,36.0,1315.0,32.0,0.009933774834437087,0.3628587196467991
G4804550,Texas,Trinity,1930,1569.0,868.0,62026.0,1656.0,0.5532186105799872,39.53218610579987
G4804570,Texas,Tyler,1930,998.0,573.0,39508.0,1007.0,0.5741482965931863,39.587174348697395
G4804590,Texas,Upshur,1930,4230.0,1990.0,130107.0,3870.0,0.47044917257683216,30.758156028368795
G4804610,Texas,Upton,1930,36.0,0.0,0.0,0.0,0.0,0.0
G4804630,Texas,Uvalde,1930,761.0,5.0,286.0,5.0,0.006570302233902759,0.37582128777923784
G4804650,Texas,Val Verde,1930,250.0,2.0,150.0,3.0,0.008,0.6
G4804670,Texas,Van Zandt,1930,5201.0,1496.0,106822.0,2995.0,0.2876369928859835,20.53874254950971
G4804690,Texas,Victoria,1930,2142.0,61.0,3421.0,79.0,0.028478057889822595,1.5971055088702149
G4804710,Texas,Walker,1930,2162.0,505.0,30458.0,766.0,0.2335800185013876,14.087881591119334
G4804730,Texas,Waller,1930,1463.0,328.0,20492.0,613.0,0.22419685577580314,14.006835269993164
G4804750,Texas,Ward,1930,303.0,27.0,5166.0,219.0,0.0891089108910891,17.04950495049505
G4804770,Texas,Washington,1930,3930.0,58.0,3399.0,78.0,0.014758269720101781,0.8648854961832061
G4804790,Texas,Webb,1930,522.0,43.0,89639.0,1702.0,0.08237547892720307,171.72222222222223
G4804810,Texas,Wharton,1930,3965.0,40.0,3260.0,76.0,0.01008827238335435,0.8221941992433796
G4804830,Texas,Wheeler,1930,1626.0,3.0,179.0,5.0,0.0018450184501845018,0.1100861008610086
G4804850,Texas,Wichita,1930,1432.0,6.0,111.0,4.0,0.004189944134078212,0.07751396648044692
G4804870,Texas,Wilbarger,1930,2139.0,0.0,0.0,0.0,0.0,0.0
G4804890,Texas,Willacy,1930,814.0,12.0,5835.0,122.0,0.014742014742014743,7.1683046683046685
G4804910,Texas,Williamson,1930,4923.0,28.0,2994.0,72.0,0.005687588868576072,0.6081657525898843
G4804930,Texas,Wilson,1930,2431.0,171.0,7535.0,169.0,0.07034142328259975,3.0995475113122173
G4804950,Texas,Winkler,1930,28.0,0.0,0.0,0.0,0.0,0.0
G4804970,Texas,Wise,1930,2534.0,28.0,1248.0,25.0,0.011049723756906077,0.4925019731649566
G4804990,Texas,Wood,1930,3525.0,1321.0,81724.0,2136.0,0.3747517730496454,23.184113475177305
G4805010,Texas,Yoakum,1930,239.0,0.0,0.0,0.0,0.0,0.0
G4805030,Texas,Young,1930,1520.0,8.0,632.0,3.0,0.005263157894736842,0.41578947368421054
G4805050,Texas,Zapata,1930,338.0,0.0,0.0,0.0,0.0,0.0
G4805070,Texas,Zavala,1930,304.0,24.0,18035.0,358.0,0.07894736842105263,59.32565789473684
G4809999,Texas,All Other Counties,1930,0.0,,,,,
G4900010,Utah,Beaver,1930,395.0,1.0,20.0,0.0,0.002531645569620253,0.05063291139240506
G4900030,Utah,Box Elder,1930,1977.0,45.0,2834.0,120.0,0.02276176024279211,1.4334850784016187
G4900050,Utah,Cache,1930,2372.0,28.0,872.0,0.0,0.011804384485666104,0.3676222596964587
G4900070,Utah,Carbon,1930,285.0,4.0,820.0,2.0,0.014035087719298246,2.8771929824561404
G4900090,Utah,Daggett,1930,52.0,0.0,0.0,0.0,0.0,0.0
G4900110,Utah,Davis,1930,1481.0,115.0,7254.0,5.0,0.07765023632680622,4.8980418636056715
G4900130,Utah,Duchesne,1930,1050.0,0.0,0.0,0.0,0.0,0.0
G4900150,Utah,Emery,1930,758.0,16.0,717.0,0.0,0.021108179419525065,0.945910290237467
G4900170,Utah,Garfield,1930,513.0,1.0,75.0,0.0,0.001949317738791423,0.14619883040935672
G4900190,Utah,Grand,1930,157.0,1.0,166.0,0.0,0.006369426751592357,1.0573248407643312
G4900210,Utah,Iron,1930,598.0,3.0,180.0,1.0,0.005016722408026756,0.3010033444816054
G4900230,Utah,Juab,1930,496.0,2.0,50.0,0.0,0.004032258064516129,0.10080645161290322
G4900250,Utah,Kane,1930,200.0,5.0,295.0,1.0,0.025,1.475
G4900270,Utah,Millard,1930,1243.0,1.0,50.0,0.0,0.0008045052292839903,0.04022526146419952
G4900290,Utah,Morgan,1930,247.0,5.0,496.0,0.0,0.020242914979757085,2.0080971659919027
G4900310,Utah,Piute,1930,229.0,2.0,25.0,0.0,0.008733624454148471,0.1091703056768559
G4900330,Utah,Rich,1930,273.0,0.0,0.0,0.0,0.0,0.0
G4900350,Utah,Salt Lake,1930,2932.0,84.0,7664.0,63.0,0.0286493860845839,2.6139154160982265
G4900370,Utah,San Juan,1930,442.0,0.0,0.0,0.0,0.0,0.0
G4900390,Utah,Sanpete,1930,1703.0,24.0,1366.0,5.0,0.014092777451556078,0.8021139166177335
G4900410,Utah,Sevier,1930,1038.0,9.0,434.0,0.0,0.008670520231213872,0.41811175337186895
G4900430,Utah,Summit,1930,509.0,0.0,0.0,0.0,0.0,0.0
G4900450,Utah,Tooele,1930,434.0,5.0,532.0,3.0,0.01152073732718894,1.2258064516129032
G4900470,Utah,Uintah,1930,1076.0,2.0,135.0,0.0,0.0018587360594795538,0.12546468401486988
G4900490,Utah,Utah,1930,3561.0,186.0,17911.0,37.0,0.05223251895534962,5.029766919404661
G4900510,Utah,Wasatch,1930,450.0,3.0,120.0,0.0,0.006666666666666667,0.26666666666666666
G4900530,Utah,Washington,1930,656.0,3.0,37.0,0.0,0.004573170731707317,0.056402439024390245
G4900550,Utah,Wayne,1930,256.0,0.0,0.0,0.0,0.0,0.0
G4900570,Utah,Weber,1930,1776.0,101.0,6793.0,27.0,0.05686936936936937,3.8248873873873874
G4909999,Utah,All Other Counties,1930,0.0,,,,,
G5000010,Vermont,Addison,1930,2023.0,754.0,51195.0,1380.0,0.37271379139891253,25.306475531389026
G5000030,Vermont,Bennington,1930,950.0,474.0,35886.0,884.0,0.49894736842105264,37.77473684210526
G5000050,Vermont,Caledonia,1930,2085.0,851.0,38688.0,1059.0,0.4081534772182254,18.555395683453238
G5000070,Vermont,Chittenden,1930,1842.0,1017.0,72915.0,1831.0,0.5521172638436482,39.58469055374593
G5000090,Vermont,Essex,1930,572.0,256.0,12516.0,383.0,0.44755244755244755,21.88111888111888
G5000110,Vermont,Franklin,1930,2303.0,1283.0,79245.0,2145.0,0.5570994355188884,34.40946591402518
G5000130,Vermont,Grand Isle,1930,434.0,174.0,10337.0,307.0,0.4009216589861751,23.817972350230416
G5000150,Vermont,Lamoille,1930,1424.0,688.0,27281.0,697.0,0.48314606741573035,19.15800561797753
G5000170,Vermont,Orange,1930,2298.0,1030.0,53286.0,1263.0,0.4482158398607485,23.18798955613577
G5000190,Vermont,Orleans,1930,2337.0,1240.0,57452.0,1444.0,0.5305947796320069,24.583654257595207
G5000210,Vermont,Rutland,1930,2151.0,919.0,53959.0,1464.0,0.4272431427243143,25.08554160855416
G5000230,Vermont,Washington,1930,2178.0,1080.0,56163.0,1439.0,0.49586776859504134,25.786501377410467
G5000250,Vermont,Windham,1930,1665.0,891.0,66282.0,1522.0,0.5351351351351351,39.80900900900901
G5000270,Vermont,Windsor,1930,2636.0,1288.0,66054.0,1625.0,0.48861911987860396,25.058421851289832
G5009999,Vermont,All Other Counties,1930,0.0,,,,,
G5100010,Virginia,Accomack,1930,2924.0,2698.0,1235059.0,31964.0,0.9227086183310533,422.38679890560877
G5100030,Virginia,Albemarle,1930,2527.0,989.0,105436.0,3374.0,0.3913731697665216,41.72378314206569
G5100050,Virginia,Alleghany,1930,471.0,202.0,8803.0,179.0,0.4288747346072187,18.690021231422506
G5100070,Virginia,Amelia,1930,1475.0,986.0,56297.0,2325.0,0.6684745762711864,38.167457627118644
G5100090,Virginia,Amherst,1930,2144.0,698.0,30906.0,1227.0,0.3255597014925373,14.415111940298507
G5100110,Virginia,Appomattox,1930,1246.0,860.0,40029.0,1443.0,0.6902086677367576,32.12600321027287
G5100130,Virginia,Arlington,1930,51.0,26.0,2546.0,37.0,0.5098039215686274,49.92156862745098
G5100150,Virginia,Augusta,1930,2635.0,2077.0,226281.0,8799.0,0.788235294117647,85.87514231499051
G5100170,Virginia,Bath,1930,649.0,275.0,20177.0,551.0,0.423728813559322,31.089368258859785
G5100190,Virginia,Bedford,1930,3967.0,2339.0,82327.0,2941.0,0.5896143181245274,20.75296193597177
G5100210,Virginia,Bland,1930,693.0,517.0,22303.0,820.0,0.746031746031746,32.18326118326118
G5100230,Virginia,Botetourt,1930,1524.0,826.0,40956.0,1648.0,0.541994750656168,26.874015748031496
G5100250,Virginia,Brunswick,1930,2631.0,2344.0,234841.0,8521.0,0.8909160015203345,89.2592170277461
G5100270,Virginia,Buchanan,1930,2048.0,177.0,2654.0,99.0,0.08642578125,1.2958984375
G5100290,Virginia,Buckingham,1930,1696.0,1058.0,51330.0,1985.0,0.6238207547169812,30.265330188679247
G5100310,Virginia,Campbell,1930,2670.0,1821.0,95617.0,3747.0,0.6820224719101123,35.81161048689138
G5100330,Virginia,Caroline,1930,2186.0,1228.0,68806.0,2789.0,0.5617566331198536,31.475754803293686
G5100350,Virginia,Carroll,1930,3315.0,2459.0,72138.0,2848.0,0.7417797888386124,21.76108597285068
G5100360,Virginia,Charles City,1930,557.0,127.0,8935.0,375.0,0.22800718132854578,16.04129263913824
G5100370,Virginia,Charlotte,1930,2349.0,1786.0,113811.0,4443.0,0.7603235419327373,48.450830140485316
G5100410,Virginia,Chesterfield,1930,1289.0,724.0,43928.0,1530.0,0.5616757176105508,34.07913110938712
G5100430,Virginia,Clarke,1930,539.0,382.0,47894.0,2093.0,0.7087198515769945,88.85714285714286
G5100450,Virginia,Craig,1930,559.0,296.0,8469.0,337.0,0.5295169946332737,15.150268336314848
G5100470,Virginia,Culpeper,1930,1254.0,766.0,81876.0,3233.0,0.6108452950558214,65.29186602870813
G5100490,Virginia,Cumberland,1930,1034.0,731.0,45878.0,1686.0,0.706963249516441,44.36943907156673
G5100510,Virginia,Dickenson,1930,1558.0,392.0,6836.0,273.0,0.251604621309371,4.387676508344031
G5100530,Virginia,Dinwiddie,1930,1852.0,1524.0,146724.0,5422.0,0.8228941684665226,79.22462203023758
G5100550,Virginia,Elizabeth City,1930,266.0,167.0,24247.0,656.0,0.6278195488721805,91.15413533834587
G5100570,Virginia,Essex,1930,1181.0,634.0,36791.0,1535.0,0.5368331922099915,31.152413209144793
G5100590,Virginia,Fairfax,1930,1244.0,922.0,91786.0,2363.0,0.7411575562700965,73.78295819935691
G5100610,Virginia,Fauquier,1930,1787.0,1125.0,155009.0,5459.0,0.6295467263570229,86.74258533855624
G5100630,Virginia,Floyd,1930,2244.0,1701.0,55754.0,2027.0,0.7580213903743316,24.845811051693406
G5100650,Virginia,Fluvanna,1930,1109.0,615.0,22481.0,1120.0,0.5545536519386834,20.27141568981064
G5100670,Virginia,Franklin,1930,3752.0,2412.0,102444.0,4000.0,0.6428571428571429,27.303837953091683
G5100690,Virginia,Frederick,1930,1736.0,1032.0,90499.0,3152.0,0.5944700460829493,52.130760368663594
G5100710,Virginia,Giles,1930,1290.0,447.0,11954.0,548.0,0.34651162790697676,9.266666666666667
G5100730,Virginia,Gloucester,1930,1247.0,697.0,50692.0,1491.0,0.5589414595028067,40.651162790697676
G5100750,Virginia,Goochland,1930,1054.0,567.0,24563.0,1033.0,0.5379506641366224,23.304554079696395
G5100770,Virginia,Grayson,1930,2557.0,1602.0,49660.0,1803.0,0.6265154477903794,19.421196714900272
G5100790,Virginia,Greene,1930,824.0,260.0,12855.0,572.0,0.3155339805825243,15.600728155339805
G5100810,Virginia,Greensville,1930,1285.0,1212.0,197639.0,6511.0,0.9431906614785992,153.8046692607004
G5100830,Virginia,Halifax,1930,5981.0,5335.0,426998.0,16012.0,0.8919913058017054,71.39240929610433
G5100850,Virginia,Hanover,1930,1954.0,1436.0,126890.0,4122.0,0.7349027635619243,64.93858751279427
G5100870,Virginia,Henrico,1930,1032.0,528.0,47357.0,1369.0,0.5116279069767442,45.888565891472865
G5100890,Virginia,Henry,1930,1839.0,1283.0,49265.0,1938.0,0.6976617727025557,26.789015769439914
G5100910,Virginia,Highland,1930,658.0,357.0,9462.0,303.0,0.5425531914893617,14.379939209726444
G5100930,Virginia,Isle Of Wight,1930,1338.0,1170.0,225364.0,6299.0,0.874439461883408,168.43348281016443
G5100950,Virginia,James City,1930,415.0,232.0,43871.0,1393.0,0.5590361445783133,105.7132530120482
G5100970,Virginia,King And Queen,1930,1279.0,647.0,34939.0,1493.0,0.5058639562157936,27.317435496481625
G5100990,Virginia,King George,1930,844.0,374.0,25405.0,1040.0,0.4431279620853081,30.100710900473935
G5101010,Virginia,King William,1930,855.0,356.0,24568.0,1076.0,0.41637426900584795,28.73450292397661
G5101030,Virginia,Lancaster,1930,898.0,550.0,33698.0,1091.0,0.6124721603563474,37.525612472160354
G5101050,Virginia,Lee,1930,2439.0,1121.0,29691.0,1195.0,0.45961459614596145,12.173431734317344
G5101070,Virginia,Loudoun,1930,1645.0,1188.0,202145.0,6970.0,0.7221884498480243,122.88449848024317
G5101090,Virginia,Louisa,1930,1863.0,1198.0,48534.0,2214.0,0.6430488459473966,26.051529790660226
G5101110,Virginia,Lunenburg,1930,1946.0,1500.0,149659.0,5308.0,0.7708119218910586,76.90596094552929
G5101130,Virginia,Madison,1930,1287.0,600.0,52814.0,2049.0,0.4662004662004662,41.03651903651904
G5101150,Virginia,Mathews,1930,1316.0,688.0,28415.0,777.0,0.5227963525835866,21.5919452887538
G5101170,Virginia,Mecklenburg,1930,4538.0,4154.0,448267.0,15684.0,0.9153812252093433,98.78074041427942
G5101190,Virginia,Middlesex,1930,1042.0,679.0,50630.0,1614.0,0.6516314779270633,48.589251439539346
G5101210,Virginia,Montgomery,1930,1709.0,853.0,39915.0,1497.0,0.49912229373902867,23.355763604447045
G5101230,Virginia,Nansemond,1930,2154.0,2001.0,603572.0,16994.0,0.9289693593314763,280.2098421541318
G5101250,Virginia,Nelson,1930,1723.0,545.0,30568.0,1014.0,0.3163087637840975,17.741149158444575
G5101270,Virginia,New Kent,1930,414.0,208.0,18884.0,637.0,0.5024154589371981,45.61352657004831
G5101290,Virginia,Norfolk,1930,1044.0,690.0,441457.0,11334.0,0.6609195402298851,422.8515325670498
G5101310,Virginia,Northampton,1930,1105.0,1082.0,1032839.0,27850.0,0.9791855203619909,934.6959276018099
G5101330,Virginia,Northumberland,1930,1372.0,1054.0,79745.0,3056.0,0.7682215743440233,58.123177842565596
G5101350,Virginia,Nottoway,1930,1423.0,841.0,56668.0,1931.0,0.5910049191848208,39.82290934645116
G5101370,Virginia,Orange,1930,1192.0,791.0,79429.0,3146.0,0.6635906040268457,66.63506711409396
G5101390,Virginia,Page,1930,1585.0,861.0,54254.0,2335.0,0.543217665615142,34.229652996845424
G5101410,Virginia,Patrick,1930,2716.0,1867.0,78065.0,2913.0,0.6874079528718704,28.742636229749632
G5101430,Virginia,Pittsylvania,1930,7563.0,6589.0,631729.0,22136.0,0.8712151262726431,83.52889065185772
G5101450,Virginia,Powhatan,1930,768.0,440.0,19221.0,879.0,0.5729166666666666,25.02734375
G5101470,Virginia,Prince Edward,1930,1694.0,1185.0,74368.0,2816.0,0.6995277449822904,43.900826446280995
G5101490,Virginia,Prince George,1930,865.0,620.0,59693.0,2538.0,0.7167630057803468,69.0092485549133
G5101510,Virginia,Princess Anne,1930,1180.0,843.0,416467.0,12005.0,0.714406779661017,352.93813559322035
G5101530,Virginia,Prince William,1930,818.0,589.0,61811.0,2396.0,0.7200488997555012,75.5635696821516
G5101550,Virginia,Pulaski,1930,1248.0,581.0,42095.0,1640.0,0.4655448717948718,33.72996794871795
G5101570,Virginia,Rappahannock,1930,893.0,384.0,44326.0,1596.0,0.43001119820828665,49.63717805151176
G5101590,Virginia,Richmond,1930,1084.0,911.0,52674.0,2281.0,0.8404059040590406,48.59225092250922
G5101610,Virginia,Roanoke,1930,1602.0,713.0,43738.0,1298.0,0.44506866416978774,27.302122347066167
G5101630,Virginia,Rockbridge,1930,1810.0,919.0,63252.0,3095.0,0.5077348066298343,34.94585635359116
G5101650,Virginia,Rockingham,1930,3434.0,2439.0,200569.0,7907.0,0.7102504368083867,58.40681421083285
G5101670,Virginia,Russell,1930,2796.0,1418.0,52588.0,2125.0,0.5071530758226037,18.80829756795422
G5101690,Virginia,Scott,1930,3791.0,1176.0,26203.0,1134.0,0.31020838828805064,6.911896597203904
G5101710,Virginia,Shenandoah,1930,2305.0,1696.0,122073.0,4811.0,0.7357917570498915,52.96008676789588
G5101730,Virginia,Smyth,1930,1822.0,1150.0,65420.0,2621.0,0.6311745334796927,35.90559824368825
G5101750,Virginia,Southampton,1930,3212.0,2890.0,561944.0,16405.0,0.8997509339975094,174.95143212951433
G5101770,Virginia,Spotsylvania,1930,1464.0,971.0,56455.0,2333.0,0.6632513661202186,38.56215846994535
G5101790,Virginia,Stafford,1930,928.0,619.0,36982.0,1400.0,0.6670258620689655,39.85129310344828
G5101810,Virginia,Surry,1930,938.0,780.0,102163.0,3023.0,0.8315565031982942,108.91577825159915
G5101830,Virginia,Sussex,1930,1285.0,1137.0,179623.0,6079.0,0.8848249027237354,139.78443579766537
G5101850,Virginia,Tazewell,1930,1748.0,717.0,37832.0,1314.0,0.41018306636155605,21.643020594965677
G5101870,Virginia,Warren,1930,593.0,376.0,30476.0,1129.0,0.6340640809443507,51.3929173693086
G5101890,Virginia,Warwick,1930,243.0,162.0,11263.0,352.0,0.6666666666666666,46.349794238683124
G5101910,Virginia,Washington,1930,3813.0,2192.0,91359.0,3820.0,0.5748754261736165,23.959874114870182
G5101930,Virginia,Westmoreland,1930,1047.0,809.0,76909.0,3191.0,0.772683858643744,73.45654250238778
G5101950,Virginia,Wise,1930,1833.0,629.0,17676.0,573.0,0.3431533006001091,9.643207855973813
G5101970,Virginia,Wythe,1930,1885.0,1202.0,107488.0,3816.0,0.6376657824933687,57.02281167108753
G5101990,Virginia,York,1930,650.0,442.0,38528.0,1146.0,0.68,59.27384615384615
G5105100,Virginia,Alexandria City,1930,11.0,2.0,1800.0,20.0,0.18181818181818182,163.63636363636363
G5105200,Virginia,Bristol City,1930,0.0,,,,,
G5105300,Virginia,Buena Vista City,1930,24.0,12.0,209.0,6.0,0.5,8.708333333333334
G5105400,Virginia,Charlottesville City,1930,10.0,2.0,300.0,8.0,0.2,30.0
G5105600,Virginia,Clifton Forge City,1930,4.0,2.0,14.0,1.0,0.5,3.5
G5105900,Virginia,Danville City,1930,0.0,,,,,
G5106300,Virginia,Fredericksburg City,1930,0.0,,,,,
G5106500,Virginia,Hampton City,1930,0.0,,,,,
G5106600,Virginia,Harrisonburg City,1930,7.0,3.0,229.0,4.0,0.42857142857142855,32.714285714285715
G5106700,Virginia,Hopewell City,1930,3.0,2.0,166.0,5.0,0.6666666666666666,55.333333333333336
G5106800,Virginia,Lynchburg City,1930,59.0,16.0,2088.0,15.0,0.2711864406779661,35.389830508474574
G5106900,Virginia,Martinsville City,1930,0.0,,,,,
G5107000,Virginia,Newport News City,1930,4.0,2.0,110.0,2.0,0.5,27.5
G5107100,Virginia,Norfolk City,1930,45.0,31.0,42439.0,1177.0,0.6888888888888889,943.0888888888888
G5107300,Virginia,Petersburg City,1930,12.0,7.0,379.0,13.0,0.5833333333333334,31.583333333333332
G5107400,Virginia,Portsmouth City,1930,5.0,4.0,590.0,28.0,0.8,118.0
G5107500,Virginia,Radford City,1930,25.0,5.0,79.0,4.0,0.2,3.16
G5107600,Virginia,Richmond City,1930,16.0,10.0,1500.0,21.0,0.625,93.75
G5107700,Virginia,Roanoke City,1930,5.0,0.0,0.0,0.0,0.0,0.0
G5107805,Virginia,South Norfolk City,1930,3.0,3.0,160.0,4.0,1.0,53.333333333333336
G5107900,Virginia,Staunton City,1930,10.0,3.0,752.0,27.0,0.3,75.2
G5108000,Virginia,Suffolk City,1930,3.0,3.0,674.0,15.0,1.0,224.66666666666666
G5108300,Virginia,Williamsburg City,1930,3.0,3.0,2415.0,76.0,1.0,805.0
G5108400,Virginia,Winchester City,1930,20.0,7.0,1345.0,37.0,0.35,67.25
G5109999,Virginia,All Other Independent Cities,1930,4.0,2.0,162.0,2.0,0.5,40.5
G5300010,Washington,Adams,1930,818.0,1.0,105.0,0.0,0.0012224938875305623,0.12836185819070906
G5300030,Washington,Asotin,1930,622.0,59.0,3607.0,98.0,0.09485530546623794,5.79903536977492
G5300050,Washington,Benton,1930,1668.0,283.0,25210.0,569.0,0.1696642685851319,15.113908872901678
G5300070,Washington,Chelan,1930,2218.0,1227.0,212209.0,3340.0,0.5532010820559062,95.67583408476105
G5300090,Washington,Clallam,1930,729.0,185.0,9594.0,396.0,0.25377229080932784,13.160493827160494
G5300110,Washington,Clark,1930,3503.0,334.0,26172.0,370.0,0.09534684556094776,7.471310305452469
G5300130,Washington,Columbia,1930,544.0,21.0,553.0,3.0,0.03860294117647059,1.0165441176470589
G5300150,Washington,Cowlitz,1930,1147.0,69.0,1756.0,49.0,0.06015693112467306,1.5309503051438536
G5300170,Washington,Douglas,1930,1214.0,352.0,87319.0,1488.0,0.2899505766062603,71.92668863261945
G5300190,Washington,Ferry,1930,577.0,0.0,0.0,0.0,0.0,0.0
G5300210,Washington,Franklin,1930,354.0,56.0,11023.0,139.0,0.15819209039548024,31.138418079096045
G5300230,Washington,Garfield,1930,393.0,8.0,943.0,25.0,0.020356234096692113,2.399491094147583
G5300250,Washington,Grant,1930,787.0,58.0,16074.0,229.0,0.07369758576874205,20.424396442185515
G5300270,Washington,Grays Harbor,1930,1151.0,119.0,5400.0,137.0,0.10338835794960903,4.691572545612511
G5300290,Washington,Island,1930,877.0,80.0,2511.0,67.0,0.09122006841505131,2.863169897377423
G5300310,Washington,Jefferson,1930,272.0,41.0,2861.0,93.0,0.15073529411764705,10.518382352941176
G5300330,Washington,King,1930,4656.0,859.0,206549.0,3078.0,0.18449312714776633,44.36189862542955
G5300350,Washington,Kitsap,1930,1557.0,227.0,18731.0,402.0,0.1457931920359666,12.030186255619782
G5300370,Washington,Kittitas,1930,888.0,24.0,2787.0,60.0,0.02702702702702703,3.1385135135135136
G5300390,Washington,Klickitat,1930,1074.0,175.0,9821.0,59.0,0.16294227188081936,9.144320297951582
G5300410,Washington,Lewis,1930,3380.0,201.0,7256.0,214.0,0.059467455621301776,2.1467455621301776
G5300430,Washington,Lincoln,1930,1497.0,6.0,801.0,20.0,0.004008016032064128,0.5350701402805611
G5300450,Washington,Mason,1930,452.0,59.0,1757.0,50.0,0.13053097345132744,3.8871681415929205
G5300470,Washington,Okanogan,1930,2326.0,393.0,44412.0,745.0,0.16895958727429064,19.09372312983663
G5300490,Washington,Pacific,1930,570.0,59.0,2568.0,55.0,0.10350877192982456,4.505263157894737
G5300510,Washington,Pend Oreille,1930,613.0,42.0,1187.0,56.0,0.06851549755301795,1.936378466557912
G5300530,Washington,Pierce,1930,4696.0,943.0,128119.0,1429.0,0.200809199318569,27.282580919931856
G5300550,Washington,San Juan,1930,472.0,81.0,2492.0,81.0,0.1716101694915254,5.279661016949152
G5300570,Washington,Skagit,1930,2721.0,541.0,31987.0,1128.0,0.1988239617787578,11.755604557148107
G5300590,Washington,Skamania,1930,278.0,41.0,4571.0,131.0,0.1474820143884892,16.442446043165468
G5300610,Washington,Snohomish,1930,4262.0,450.0,28333.0,533.0,0.10558423275457532,6.647817925856406
G5300630,Washington,Spokane,1930,4268.0,344.0,37346.0,420.0,0.08059981255857544,8.750234301780694
G5300650,Washington,Stevens,1930,2633.0,92.0,4753.0,39.0,0.03494113178883403,1.8051652107861755
G5300670,Washington,Thurston,1930,2082.0,211.0,10875.0,346.0,0.10134486071085495,5.223342939481268
G5300690,Washington,Wahkiakum,1930,388.0,34.0,939.0,35.0,0.08762886597938144,2.420103092783505
G5300710,Washington,Walla Walla,1930,1498.0,150.0,18970.0,382.0,0.10013351134846461,12.663551401869158
G5300730,Washington,Whatcom,1930,4282.0,687.0,36465.0,1252.0,0.16043904717421764,8.515880429705746
G5300750,Washington,Whitman,1930,2631.0,112.0,9566.0,169.0,0.042569365260357275,3.635879893576587
G5300770,Washington,Yakima,1930,6806.0,986.0,178757.0,3874.0,0.1448721716132824,26.26461945342345
G5309999,Washington,All Other Counties,1930,0.0,,,,,
G5400010,West Virginia,Barbour,1930,1934.0,1274.0,40280.0,1838.0,0.6587383660806618,20.827300930713548
G5400030,West Virginia,Berkeley,1930,1201.0,810.0,84684.0,3251.0,0.6744379683597003,70.511240632806
G5400050,West Virginia,Boone,1930,793.0,113.0,1396.0,85.0,0.1424968474148802,1.760403530895334
G5400070,West Virginia,Braxton,1930,2539.0,663.0,15672.0,691.0,0.26112642772745176,6.172508861756597
G5400090,West Virginia,Brooke,1930,222.0,87.0,5523.0,238.0,0.3918918918918919,24.87837837837838
G5400110,West Virginia,Cabell,1930,2004.0,200.0,5953.0,160.0,0.0998003992015968,2.970558882235529
G5400130,West Virginia,Calhoun,1930,1492.0,113.0,3697.0,121.0,0.07573726541554959,2.477882037533512
G5400150,West Virginia,Clay,1930,1147.0,194.0,4254.0,180.0,0.16913687881429817,3.7088055797733217
G5400170,West Virginia,Doddridge,1930,1284.0,250.0,4605.0,205.0,0.19470404984423675,3.586448598130841
G5400190,West Virginia,Fayette,1930,1446.0,867.0,23825.0,856.0,0.5995850622406639,16.476486860304288
G5400210,West Virginia,Gilmer,1930,1454.0,121.0,3319.0,125.0,0.08321870701513068,2.282668500687758
G5400230,West Virginia,Grant,1930,873.0,398.0,14132.0,641.0,0.4558991981672394,16.187857961053837
G5400250,West Virginia,Greenbrier,1930,2242.0,1547.0,61958.0,2334.0,0.6900089206066012,27.635147190008922
G5400270,West Virginia,Hampshire,1930,1421.0,940.0,54785.0,2098.0,0.661505981703026,38.55383532723434
G5400290,West Virginia,Hancock,1930,328.0,189.0,16632.0,662.0,0.5762195121951219,50.707317073170735
G5400310,West Virginia,Hardy,1930,1098.0,599.0,24801.0,1107.0,0.5455373406193078,22.58743169398907
G5400330,West Virginia,Harrison,1930,2103.0,827.0,32924.0,1359.0,0.3932477413219211,15.655729909652877
G5400350,West Virginia,Jackson,1930,2517.0,400.0,13588.0,489.0,0.15891934843067143,5.398490266189909
G5400370,West Virginia,Jefferson,1930,824.0,601.0,72609.0,3273.0,0.7293689320388349,88.11771844660194
G5400390,West Virginia,Kanawha,1930,2828.0,317.0,12831.0,341.0,0.11209335219236209,4.537128712871287
G5400410,West Virginia,Lewis,1930,1755.0,770.0,19951.0,855.0,0.43874643874643876,11.368091168091167
G5400430,West Virginia,Lincoln,1930,2328.0,477.0,6851.0,186.0,0.20489690721649484,2.9428694158075603
G5400450,West Virginia,Logan,1930,842.0,48.0,511.0,19.0,0.057007125890736345,0.6068883610451307
G5400470,West Virginia,McDowell,1930,1430.0,213.0,3437.0,120.0,0.14895104895104896,2.4034965034965037
G5400490,West Virginia,Marion,1930,1808.0,669.0,22568.0,913.0,0.3700221238938053,12.482300884955752
G5400510,West Virginia,Marshall,1930,1606.0,212.0,13609.0,499.0,0.1320049813200498,8.47384806973848
G5400530,West Virginia,Mason,1930,2294.0,592.0,32623.0,1216.0,0.25806451612903225,14.221011333914559
G5400550,West Virginia,Mercer,1930,2240.0,1094.0,29553.0,1116.0,0.48839285714285713,13.193303571428572
G5400570,West Virginia,Mineral,1930,754.0,328.0,17439.0,626.0,0.4350132625994695,23.128647214854112
G5400590,West Virginia,Mingo,1930,628.0,84.0,1828.0,42.0,0.1337579617834395,2.910828025477707
G5400610,West Virginia,Monongalia,1930,1684.0,585.0,19265.0,874.0,0.3473871733966746,11.440023752969122
G5400630,West Virginia,Monroe,1930,1826.0,1265.0,43751.0,1762.0,0.6927710843373494,23.96002190580504
G5400650,West Virginia,Morgan,1930,667.0,475.0,37707.0,1320.0,0.712143928035982,56.532233883058474
G5400670,West Virginia,Nicholas,1930,1800.0,1144.0,41033.0,1503.0,0.6355555555555555,22.79611111111111
G5400690,West Virginia,Ohio,1930,513.0,181.0,11763.0,474.0,0.35282651072124754,22.92982456140351
G5400710,West Virginia,Pendleton,1930,1272.0,735.0,18213.0,801.0,0.5778301886792453,14.318396226415095
G5400730,West Virginia,Pleasants,1930,578.0,141.0,6895.0,256.0,0.24394463667820068,11.929065743944637
G5400750,West Virginia,Pocahontas,1930,1201.0,800.0,27690.0,959.0,0.6661115736885929,23.05578684429642
G5400770,West Virginia,Preston,1930,2162.0,1680.0,71580.0,3043.0,0.7770582793709528,33.10823311748381
G5400790,West Virginia,Putnam,1930,1851.0,550.0,12333.0,348.0,0.2971366828741221,6.66288492706645
G5400810,West Virginia,Raleigh,1930,1668.0,824.0,21642.0,815.0,0.4940047961630695,12.974820143884893
G5400830,West Virginia,Randolph,1930,1755.0,984.0,33454.0,1321.0,0.5606837606837607,19.06210826210826
G5400850,West Virginia,Ritchie,1930,1630.0,452.0,10106.0,422.0,0.2773006134969325,6.2
G5400870,West Virginia,Roane,1930,2357.0,402.0,10592.0,439.0,0.17055579126007636,4.493848112006789
G5400890,West Virginia,Summers,1930,1912.0,979.0,26896.0,1098.0,0.5120292887029289,14.06694560669456
G5400910,West Virginia,Taylor,1930,970.0,511.0,14892.0,646.0,0.5268041237113402,15.35257731958763
G5400930,West Virginia,Tucker,1930,711.0,409.0,10016.0,457.0,0.5752461322081576,14.08720112517581
G5400950,West Virginia,Tyler,1930,1221.0,294.0,9811.0,392.0,0.24078624078624078,8.035217035217036
G5400970,West Virginia,Upshur,1930,1955.0,1321.0,39227.0,1454.0,0.6757033248081842,20.064961636828645
G5400990,West Virginia,Wayne,1930,2745.0,187.0,4940.0,169.0,0.06812386156648452,1.7996357012750455
G5401010,West Virginia,Webster,1930,1104.0,434.0,11277.0,391.0,0.39311594202898553,10.214673913043478
G5401030,West Virginia,Wetzel,1930,1664.0,128.0,2964.0,111.0,0.07692307692307693,1.78125
G5401050,West Virginia,Wirt,1930,978.0,113.0,2556.0,100.0,0.11554192229038855,2.6134969325153374
G5401070,West Virginia,Wood,1930,1828.0,428.0,18587.0,616.0,0.23413566739606126,10.167943107221006
G5401090,West Virginia,Wyoming,1930,1154.0,301.0,8059.0,239.0,0.2608318890814558,6.983535528596187
G5409999,West Virginia,All Other Counties,1930,0.0,,,,,
G5500010,Wisconsin,Adams,1930,1239.0,290.0,22892.0,293.0,0.23405972558514931,18.476190476190474
G5500030,Wisconsin,Ashland,1930,1087.0,35.0,1476.0,37.0,0.03219871205151794,1.357865685372585
G5500050,Wisconsin,Barron,1930,4480.0,572.0,42543.0,618.0,0.12767857142857142,9.496205357142857
G5500070,Wisconsin,Bayfield,1930,1931.0,159.0,7654.0,224.0,0.08234075608493009,3.963749352667012
G5500090,Wisconsin,Brown,1930,3076.0,434.0,19647.0,514.0,0.14109232769830948,6.387191157347204
G5500110,Wisconsin,Buffalo,1930,2042.0,241.0,12566.0,181.0,0.11802154750244857,6.153770812928501
G5500130,Wisconsin,Burnett,1930,1721.0,181.0,3970.0,83.0,0.10517141196978501,2.306798373038931
G5500150,Wisconsin,Calumet,1930,2018.0,110.0,4526.0,89.0,0.05450941526263627,2.242814667988107
G5500170,Wisconsin,Chippewa,1930,3736.0,449.0,38442.0,577.0,0.12018201284796574,10.289614561027838
G5500190,Wisconsin,Clark,1930,5068.0,895.0,31012.0,720.0,0.1765982636148382,6.119179163378059
G5500210,Wisconsin,Columbia,1930,3042.0,1226.0,78889.0,1624.0,0.40302432610124916,25.93326758711374
G5500230,Wisconsin,Crawford,1930,1915.0,332.0,18174.0,346.0,0.1733681462140992,9.490339425587468
G5500250,Wisconsin,Dane,1930,5859.0,1869.0,112764.0,2656.0,0.31899641577060933,19.246287762416795
G5500270,Wisconsin,Dodge,1930,4586.0,709.0,33312.0,797.0,0.15460095944177932,7.263846489315307
G5500290,Wisconsin,Door,1930,2069.0,419.0,53275.0,1014.0,0.20251329144514257,25.749154180763654
G5500310,Wisconsin,Douglas,1930,1922.0,74.0,2616.0,45.0,0.03850156087408949,1.3610822060353798
G5500330,Wisconsin,Dunn,1930,3515.0,426.0,24125.0,215.0,0.12119487908961593,6.8634423897581796
G5500350,Wisconsin,Eau Claire,1930,2208.0,375.0,21416.0,257.0,0.16983695652173914,9.69927536231884
G5500370,Wisconsin,Florence,1930,356.0,36.0,1397.0,37.0,0.10112359550561797,3.9241573033707864
G5500390,Wisconsin,Fond du Lac,1930,4085.0,504.0,27491.0,675.0,0.1233782129742962,6.729742962056304
G5500410,Wisconsin,Forest,1930,533.0,39.0,4072.0,65.0,0.07317073170731707,7.639774859287054
G5500430,Wisconsin,Grant,1930,4087.0,903.0,64099.0,1738.0,0.22094445803768045,15.68363102520186
G5500450,Wisconsin,Green,1930,2386.0,354.0,27961.0,332.0,0.14836546521374686,11.71877619446773
G5500470,Wisconsin,Green Lake,1930,1403.0,334.0,18604.0,282.0,0.23806129722024233,13.260156806842481
G5500490,Wisconsin,Iowa,1930,2436.0,635.0,40243.0,714.0,0.26067323481116583,16.520114942528735
G5500510,Wisconsin,Iron,1930,585.0,52.0,2126.0,13.0,0.08888888888888889,3.634188034188034
G5500530,Wisconsin,Jackson,1930,2284.0,408.0,24771.0,211.0,0.1786339754816112,10.845446584938705
G5500550,Wisconsin,Jefferson,1930,3209.0,674.0,30153.0,749.0,0.2100342785914615,9.396385166718604
G5500570,Wisconsin,Juneau,1930,2221.0,521.0,26647.0,253.0,0.23457901846015308,11.997748761819
G5500590,Wisconsin,Kenosha,1930,1220.0,515.0,83086.0,2160.0,0.42213114754098363,68.1032786885246
G5500610,Wisconsin,Kewaunee,1930,1972.0,291.0,10116.0,276.0,0.1475659229208925,5.129817444219067
G5500630,Wisconsin,La Crosse,1930,1733.0,447.0,28584.0,842.0,0.257934218118869,16.493941142527408
G5500650,Wisconsin,Lafayette,1930,2254.0,467.0,34255.0,744.0,0.20718722271517304,15.19742679680568
G5500670,Wisconsin,Langlade,1930,1728.0,613.0,98426.0,2244.0,0.35474537037037035,56.95949074074074
G5500690,Wisconsin,Lincoln,1930,1755.0,213.0,8947.0,219.0,0.12136752136752137,5.098005698005698
G5500710,Wisconsin,Manitowoc,1930,3767.0,254.0,12947.0,268.0,0.06742766126891425,3.4369524820812316
G5500730,Wisconsin,Marathon,1930,6359.0,1095.0,51922.0,1206.0,0.1721968863028778,8.165120301934266
G5500750,Wisconsin,Marinette,1930,2307.0,582.0,31237.0,864.0,0.25227568270481143,13.540095361941916
G5500770,Wisconsin,Marquette,1930,1302.0,238.0,8765.0,95.0,0.1827956989247312,6.731950844854071
G5500790,Wisconsin,Milwaukee,1930,1761.0,651.0,60897.0,1091.0,0.3696763202725724,34.5809199318569
G5500810,Wisconsin,Monroe,1930,3366.0,941.0,48010.0,686.0,0.2795603089720737,14.263220439691027
G5500830,Wisconsin,Oconto,1930,2784.0,890.0,39667.0,1077.0,0.319683908045977,14.248204022988507
G5500850,Wisconsin,Oneida,1930,768.0,100.0,29000.0,557.0,0.13020833333333334,37.760416666666664
G5500870,Wisconsin,Outagamie,1930,3460.0,1028.0,65426.0,1444.0,0.2971098265895954,18.909248554913294
G5500890,Wisconsin,Ozaukee,1930,1571.0,201.0,11340.0,261.0,0.1279439847231063,7.218332272437937
G5500910,Wisconsin,Pepin,1930,939.0,50.0,2910.0,21.0,0.05324813631522897,3.099041533546326
G5500930,Wisconsin,Pierce,1930,3013.0,354.0,14666.0,358.0,0.11749087288416861,4.867573846664454
G5500950,Wisconsin,Polk,1930,4142.0,366.0,14810.0,255.0,0.08836310960888459,3.575567358763882
G5500970,Wisconsin,Portage,1930,3016.0,711.0,40030.0,405.0,0.23574270557029178,13.272546419098143
G5500990,Wisconsin,Price,1930,1997.0,200.0,9046.0,165.0,0.100150225338007,4.529794692038057
G5501010,Wisconsin,Racine,1930,1854.0,932.0,103646.0,2461.0,0.5026968716289104,55.903991370010786
G5501030,Wisconsin,Richland,1930,2442.0,327.0,15018.0,362.0,0.1339066339066339,6.14987714987715
G5501050,Wisconsin,Rock,1930,3361.0,925.0,68995.0,1248.0,0.27521570961023506,20.528116631954774
G5501070,Wisconsin,Rusk,1930,2058.0,80.0,2529.0,59.0,0.038872691933916424,1.228862973760933
G5501090,Wisconsin,St Croix,1930,3221.0,544.0,29064.0,594.0,0.16889164855634897,9.02328469419435
G5501110,Wisconsin,Sauk,1930,3485.0,835.0,51018.0,797.0,0.23959827833572453,14.639311334289813
G5501130,Wisconsin,Sawyer,1930,1006.0,60.0,2518.0,67.0,0.05964214711729622,2.502982107355865
G5501150,Wisconsin,Shawano,1930,3737.0,801.0,35985.0,697.0,0.21434305592721434,9.62938185710463
G5501170,Wisconsin,Sheboygan,1930,3513.0,260.0,12188.0,291.0,0.0740108169655565,3.4693993737546256
G5501190,Wisconsin,Taylor,1930,2464.0,369.0,11621.0,212.0,0.1497564935064935,4.716314935064935
G5501210,Wisconsin,Trempealeau,1930,3051.0,344.0,19434.0,268.0,0.11274991805965258,6.369714847590954
G5501230,Wisconsin,Vernon,1930,4016.0,888.0,45203.0,695.0,0.22111553784860558,11.255727091633466
G5501250,Wisconsin,Vilas,1930,451.0,50.0,3716.0,69.0,0.11086474501108648,8.239467849223947
G5501270,Wisconsin,Walworth,1930,2502.0,528.0,41189.0,941.0,0.21103117505995203,16.462430055955235
G5501290,Wisconsin,Washburn,1930,1341.0,84.0,6045.0,96.0,0.06263982102908278,4.507829977628635
G5501310,Wisconsin,Washington,1930,2723.0,189.0,7657.0,155.0,0.06940874035989718,2.811972089607051
G5501330,Wisconsin,Waukesha,1930,3164.0,626.0,45302.0,1028.0,0.19785082174462706,14.31795195954488
G5501350,Wisconsin,Waupaca,1930,3487.0,957.0,58083.0,861.0,0.2744479495268139,16.65701175795813
G5501370,Wisconsin,Waushara,1930,2186.0,672.0,37679.0,444.0,0.3074107959743824,17.23650503202196
G5501390,Wisconsin,Winnebago,1930,2573.0,377.0,21114.0,458.0,0.14652157015157405,8.20598523124757
G5501410,Wisconsin,Wood,1930,2819.0,333.0,14423.0,186.0,0.11812699538843562,5.116353316779
G5509999,Wisconsin,All Other Counties,1930,0.0,,,,,
G5600010,Wyoming,Albany,1930,548.0,4.0,87.0,1.0,0.0072992700729927005,0.15875912408759124
G5600030,Wyoming,Big Horn,1930,948.0,13.0,864.0,5.0,0.013713080168776372,0.9113924050632911
G5600050,Wyoming,Campbell,1930,1310.0,0.0,0.0,0.0,0.0,0.0
G5600070,Wyoming,Carbon,1930,500.0,2.0,120.0,0.0,0.004,0.24
G5600090,Wyoming,Converse,1930,811.0,3.0,515.0,1.0,0.0036991368680641184,0.6350184956843403
G5600110,Wyoming,Crook,1930,953.0,0.0,0.0,0.0,0.0,0.0
G5600130,Wyoming,Fremont,1930,942.0,4.0,108.0,3.0,0.004246284501061571,0.11464968152866242
G5600150,Wyoming,Goshen,1930,1487.0,72.0,7366.0,94.0,0.0484196368527236,4.95359784801614
G5600170,Wyoming,Hot Springs,1930,229.0,2.0,33.0,0.0,0.008733624454148471,0.14410480349344978
G5600190,Wyoming,Johnson,1930,536.0,5.0,2128.0,0.0,0.009328358208955223,3.970149253731343
G5600210,Wyoming,Laramie,1930,996.0,0.0,0.0,0.0,0.0,0.0
G5600230,Wyoming,Lincoln,1930,666.0,1.0,42.0,0.0,0.0015015015015015015,0.06306306306306306
G5600250,Wyoming,Natrona,1930,389.0,0.0,0.0,0.0,0.0,0.0
G5600270,Wyoming,Niobrara,1930,727.0,0.0,0.0,0.0,0.0,0.0
G5600290,Wyoming,Park,1930,688.0,7.0,245.0,5.0,0.010174418604651164,0.3561046511627907
G5600310,Wyoming,Platte,1930,1148.0,118.0,11409.0,213.0,0.10278745644599303,9.93815331010453
G5600330,Wyoming,Sheridan,1930,926.0,25.0,1401.0,19.0,0.026997840172786176,1.5129589632829374
G5600350,Wyoming,Sublette,1930,292.0,0.0,0.0,0.0,0.0,0.0
G5600370,Wyoming,Sweetwater,1930,258.0,2.0,19.0,0.0,0.007751937984496124,0.07364341085271318
G5600390,Wyoming,Teton,1930,280.0,5.0,121.0,0.0,0.017857142857142856,0.43214285714285716
G5600410,Wyoming,Uinta,1930,435.0,2.0,40.0,0.0,0.004597701149425287,0.09195402298850575
G5600430,Wyoming,Washakie,1930,326.0,16.0,925.0,17.0,0.049079754601226995,2.8374233128834354
G5600450,Wyoming,Weston,1930,616.0,0.0,0.0,0.0,0.0,0.0
G5600470,Wyoming,Yellowstone National Park,1930,0.0,,,,,
G5609999,Wyoming,All Other Counties,1930,0.0,,,,,
